     8.388006     0.000000     0.000000
     0.000000     8.388006     0.000000
     0.000000     0.000000     8.388006
    1     0.000000     0.000000     0.000000     0.000000     0.000000     0.000000
    2     0.000000     2.097001     2.097001     0.000000     2.097001     2.097001
    3     2.097001     0.000000     2.097001     2.097001     0.000000     2.097001
    4     2.097001     2.097001     0.000000     2.097001     2.097001     0.000000
    5     0.000000     0.000000     4.194003     0.000000     0.000000     4.194003
    6     0.000000     2.097001     6.291004     0.000000     2.097001     6.291004
    7     2.097001     0.000000     6.291004     2.097001     0.000000     6.291004
    8     2.097001     2.097001     4.194003     2.097001     2.097001     4.194003
    9     0.000000     4.194003     0.000000     0.000000     4.194003     0.000000
   10     0.000000     6.291004     2.097001     0.000000     6.291004     2.097001
   11     2.097001     4.194003     2.097001     2.097001     4.194003     2.097001
   12     2.097001     6.291004     0.000000     2.097001     6.291004     0.000000
   13     0.000000     4.194003     4.194003     0.000000     4.194003     4.194003
   14     0.000000     6.291004     6.291004     0.000000     6.291004     6.291004
   15     2.097001     4.194003     6.291004     2.097001     4.194003     6.291004
   16     2.097001     6.291004     4.194003     2.097001     6.291004     4.194003
   17     4.194003     0.000000     0.000000     4.194003     0.000000     0.000000
   18     4.194003     2.097001     2.097001     4.194003     2.097001     2.097001
   19     6.291004     0.000000     2.097001     6.291004     0.000000     2.097001
   20     6.291004     2.097001     0.000000     6.291004     2.097001     0.000000
   21     4.194003     0.000000     4.194003     4.194003     0.000000     4.194003
   22     4.194003     2.097001     6.291004     4.194003     2.097001     6.291004
   23     6.291004     0.000000     6.291004     6.291004     0.000000     6.291004
   24     6.291004     2.097001     4.194003     6.291004     2.097001     4.194003
   25     4.194003     4.194003     0.000000     4.194003     4.194003     0.000000
   26     4.194003     6.291004     2.097001     4.194003     6.291004     2.097001
   27     6.291004     4.194003     2.097001     6.291004     4.194003     2.097001
   28     6.291004     6.291004     0.000000     6.291004     6.291004     0.000000
   29     4.194003     4.194003     4.194003     4.194003     4.194003     4.194003
   30     4.194003     6.291004     6.291004     4.194003     6.291004     6.291004
   31     6.291004     4.194003     6.291004     6.291004     4.194003     6.291004
   32     6.291004     6.291004     4.194003     6.291004     6.291004     4.194003
