 # nk,dk(nk),kp(:,nk),gruneisen(la,nk).la=1,ndyn)
       1  0.000     0.5509     0.5509     0.5509     -1.102     -1.102     0.3951      1.671      1.219      1.219    
       2 0.2447E-01 0.5368     0.5368     0.5368     -1.100     -1.100     0.4254      1.641      1.219      1.219    
       3 0.4894E-01 0.5227     0.5227     0.5227     -1.092     -1.092     0.4986      1.568      1.217      1.217    
       4 0.7340E-01 0.5086     0.5086     0.5086     -1.079     -1.079     0.5844      1.483      1.216      1.216    
       5 0.9787E-01 0.4944     0.4944     0.4944     -1.061     -1.061     0.6646      1.403      1.213      1.213    
       6 0.1223     0.4803     0.4803     0.4803     -1.039     -1.039     0.7338      1.336      1.209      1.209    
       7 0.1468     0.4662     0.4662     0.4662     -1.013     -1.013     0.7920      1.280      1.205      1.205    
       8 0.1713     0.4521     0.4521     0.4521     -.9831     -.9831     0.8410      1.233      1.201      1.201    
       9 0.1957     0.4379     0.4379     0.4379     -.9503     -.9503     0.8825      1.195      1.195      1.195    
      10 0.2202     0.4238     0.4238     0.4238     -.9147     -.9147     0.9181      1.164      1.189      1.189    
      11 0.2447     0.4097     0.4097     0.4097     -.8770     -.8770     0.9492      1.138      1.183      1.183    
      12 0.2691     0.3955     0.3955     0.3955     -.8376     -.8376     0.9766      1.116      1.176      1.176    
      13 0.2936     0.3814     0.3814     0.3814     -.7968     -.7968      1.001      1.099      1.168      1.168    
      14 0.3181     0.3673     0.3673     0.3673     -.7549     -.7549      1.024      1.084      1.160      1.160    
      15 0.3426     0.3532     0.3532     0.3532     -.7123     -.7123      1.044      1.073      1.151      1.151    
      16 0.3670     0.3390     0.3390     0.3390     -.6692     -.6692      1.064      1.063      1.142      1.142    
      17 0.3915     0.3249     0.3249     0.3249     -.6258     -.6258      1.083      1.055      1.132      1.132    
      18 0.4160     0.3108     0.3108     0.3108     -.5825     -.5825      1.101      1.049      1.122      1.122    
      19 0.4404     0.2967     0.2967     0.2967     -.5393     -.5393      1.119      1.043      1.111      1.111    
      20 0.4649     0.2825     0.2825     0.2825     -.4965     -.4965      1.137      1.038      1.100      1.100    
      21 0.4894     0.2684     0.2684     0.2684     -.4542     -.4542      1.155      1.033      1.088      1.088    
      22 0.5138     0.2543     0.2543     0.2543     -.4127     -.4127      1.172      1.029      1.076      1.076    
      23 0.5383     0.2402     0.2402     0.2402     -.3722     -.3722      1.190      1.024      1.064      1.064    
      24 0.5628     0.2260     0.2260     0.2260     -.3327     -.3327      1.208      1.019      1.052      1.052    
      25 0.5872     0.2119     0.2119     0.2119     -.2945     -.2945      1.226      1.013      1.040      1.040    
      26 0.6117     0.1978     0.1978     0.1978     -.2577     -.2577      1.244      1.007      1.028      1.028    
      27 0.6362     0.1836     0.1836     0.1836     -.2225     -.2225      1.262      1.001      1.016      1.016    
      28 0.6606     0.1695     0.1695     0.1695     -.1891     -.1891      1.279     0.9939      1.005      1.005    
      29 0.6851     0.1554     0.1554     0.1554     -.1576     -.1576      1.296     0.9867     0.9938     0.9938    
      30 0.7096     0.1413     0.1413     0.1413     -.1282     -.1282      1.312     0.9794     0.9835     0.9835    
      31 0.7340     0.1271     0.1271     0.1271     -.1010     -.1010      1.327     0.9720     0.9741     0.9741    
      32 0.7585     0.1130     0.1130     0.1130     -.7614E-01 -.7614E-01  1.341     0.9648     0.9654     0.9654    
      33 0.7830     0.9889E-01 0.9889E-01 0.9889E-01 -.5382E-01 -.5382E-01  1.354     0.9579     0.9576     0.9576    
      34 0.8074     0.8476E-01 0.8476E-01 0.8476E-01 -.3416E-01 -.3416E-01  1.365     0.9515     0.9508     0.9508    
      35 0.8319     0.7063E-01 0.7063E-01 0.7063E-01 -.1727E-01 -.1727E-01  1.375     0.9458     0.9450     0.9450    
      36 0.8564     0.5651E-01 0.5651E-01 0.5651E-01 -.3284E-02 -.3284E-02  1.383     0.9409     0.9402     0.9402    
      37 0.8808     0.4238E-01 0.4238E-01 0.4238E-01 0.7703E-02 0.7703E-02  1.389     0.9369     0.9365     0.9365    
      38 0.9053     0.2825E-01 0.2825E-01 0.2825E-01 0.1559E-01 0.1559E-01  1.394     0.9340     0.9338     0.9338    
      39 0.9298     0.1413E-01 0.1413E-01 0.1413E-01 0.2018E-01 0.2018E-01  1.397     0.9323     0.9322     0.9322    
      40 0.9543     0.1413E-09 0.1413E-09 0.1413E-09 -.3288     -.3328     -.1211     0.9317     0.9317     0.9317    
      41 0.9543      0.000      0.000      0.000     -.3288     -.6031     0.1492     0.9317     0.9317     0.9317    
      42 0.9842      0.000     0.2119E-01 0.2119E-01 -.1823     0.2625      1.422     0.9329     0.9324     0.9323    
      43  1.014      0.000     0.4238E-01 0.4238E-01 -.1827     0.2603      1.420     0.9366     0.9344     0.9340    
      44  1.044      0.000     0.6357E-01 0.6357E-01 -.1837     0.2567      1.417     0.9425     0.9378     0.9370    
      45  1.074      0.000     0.8476E-01 0.8476E-01 -.1852     0.2519      1.412     0.9506     0.9427     0.9412    
      46  1.104      0.000     0.1059     0.1059     -.1871     0.2464      1.406     0.9606     0.9489     0.9466    
      47  1.134      0.000     0.1271     0.1271     -.1895     0.2404      1.399     0.9721     0.9566     0.9533    
      48  1.164      0.000     0.1483     0.1483     -.1924     0.2341      1.391     0.9849     0.9657     0.9612    
      49  1.194      0.000     0.1695     0.1695     -.1957     0.2280      1.381     0.9764     0.9987     0.9703    
      50  1.224      0.000     0.1907     0.1907     -.1996     0.2223      1.371     0.9886      1.013     0.9807    
      51  1.254      0.000     0.2119     0.2119     -.2041     0.2172      1.359      1.002      1.028     0.9923    
      52  1.284      0.000     0.2331     0.2331     -.2091     0.2129      1.346      1.017      1.043      1.005    
      53  1.314      0.000     0.2543     0.2543     -.2149     0.2096      1.332      1.034      1.058      1.019    
      54  1.344      0.000     0.2755     0.2755     -.2214     0.2073      1.317      1.052      1.073      1.034    
      55  1.374      0.000     0.2967     0.2967     -.2287     0.2062      1.301      1.072      1.087      1.050    
      56  1.404      0.000     0.3178     0.3178     -.2369     0.2062      1.284      1.092      1.102      1.067    
      57  1.434      0.000     0.3390     0.3390     -.2461     0.2073      1.267      1.114      1.084      1.118    
      58  1.464      0.000     0.3602     0.3602     -.2565     0.2094      1.248      1.137      1.103      1.133    
      59  1.494      0.000     0.3814     0.3814     -.2682     0.2125      1.229      1.161      1.121      1.149    
      60  1.524      0.000     0.4026     0.4026     -.2812     0.2163      1.210      1.184      1.140      1.166    
      61  1.554      0.000     0.4238     0.4238     -.2958     0.2207      1.191      1.209      1.159      1.183    
      62  1.584      0.000     0.4450     0.4450     -.3121     0.2257      1.172      1.232      1.178      1.201    
      63  1.614      0.000     0.4662     0.4662     -.3302     0.2310      1.153      1.256      1.197      1.219    
      64  1.643      0.000     0.4874     0.4874     -.3502     0.2368      1.136      1.278      1.216      1.237    
      65  1.673      0.000     0.5086     0.5086     -.3724     0.2428      1.120      1.299      1.235      1.255    
      66  1.703      0.000     0.5297     0.5297     -.3967     0.2493      1.105      1.318      1.253      1.273    
      67  1.733      0.000     0.5509     0.5509     -.4233     0.2562      1.093      1.335      1.270      1.290    
      68  1.763      0.000     0.5721     0.5721     -.4522     0.2633      1.082      1.350      1.287      1.306    
      69  1.793      0.000     0.5933     0.5933     -.4834     0.2704      1.074      1.362      1.304      1.321    
      70  1.823      0.000     0.6145     0.6145     -.5170     0.2769      1.068      1.373      1.320      1.335    
      71  1.853      0.000     0.6357     0.6357     -.5527     0.2822      1.064      1.381      1.335      1.347    
      72  1.883      0.000     0.6569     0.6569     -.5906     0.2851      1.062      1.387      1.350      1.359    
      73  1.913      0.000     0.6781     0.6781     -.6304     0.2844      1.063      1.392      1.364      1.369    
      74  1.943      0.000     0.6993     0.6993     -.6719     0.2789      1.065      1.395      1.378      1.379    
      75  1.973      0.000     0.7205     0.7205     -.7151     0.2672      1.068      1.398      1.392      1.388    
      76  2.003      0.000     0.7416     0.7416     -.7598     0.2480      1.073      1.399      1.405      1.397    
      77  2.033      0.000     0.7628     0.7628     -.8057     0.2206      1.078      1.398      1.418      1.406    
      78  2.063      0.000     0.7840     0.7840     -.8527     0.1844      1.084      1.395      1.430      1.414    
      79  2.093      0.000     0.8052     0.8052     -.9008     0.1389      1.090      1.388      1.442      1.423    
      80  2.123      0.000     0.8264     0.8264     -.9498     0.8405E-01  1.096      1.377      1.453      1.431    
      81  2.123      0.000     0.8264     0.8264     -.9498     0.8405E-01  1.096      1.377      1.453      1.431    
      82  2.133      0.000     0.8335     0.8335     -.9663     0.6359E-01  1.098      1.372      1.457      1.434    
      83  2.143      0.000     0.8405     0.8405     -.9828     0.4199E-01  1.100      1.366      1.460      1.437    
      84  2.153      0.000     0.8476     0.8476     -.9995     0.1923E-01  1.102      1.360      1.464      1.440    
      85  2.163      0.000     0.8547     0.8547     -1.016     -.4741E-02  1.104      1.354      1.468      1.443    
      86  2.173      0.000     0.8617     0.8617     -1.033     -.2998E-01  1.346      1.106      1.471      1.446    
      87  2.183      0.000     0.8688     0.8688     -1.050     -.5656E-01  1.338      1.107      1.474      1.449    
      88  2.193      0.000     0.8759     0.8759     -1.066     -.8453E-01  1.330      1.109      1.478      1.452    
      89  2.203      0.000     0.8829     0.8829     -1.083     -.1140      1.321      1.110      1.481      1.455    
      90  2.213      0.000     0.8900     0.8900     -1.100     -.1450      1.312      1.111      1.484      1.459    
      91  2.223      0.000     0.8970     0.8970     -1.117     -.1776      1.303      1.112      1.488      1.462    
      92  2.233      0.000     0.9041     0.9041     -1.134     -.2120      1.293      1.113      1.491      1.465    
      93  2.243      0.000     0.9112     0.9112     -1.150     -.2482      1.282      1.114      1.494      1.468    
      94  2.253      0.000     0.9182     0.9182     -1.167     -.2863      1.272      1.115      1.497      1.471    
      95  2.263      0.000     0.9253     0.9253     -1.184     -.3263      1.262      1.115      1.500      1.474    
      96  2.273      0.000     0.9324     0.9324     -1.200     -.3683      1.251      1.116      1.502      1.478    
      97  2.283      0.000     0.9394     0.9394     -1.216     -.4123      1.240      1.116      1.505      1.481    
      98  2.293      0.000     0.9465     0.9465     -1.232     -.4584      1.230      1.116      1.508      1.484    
      99  2.303      0.000     0.9535     0.9535     -1.248     -.5065      1.220      1.116      1.510      1.487    
     100  2.313      0.000     0.9606     0.9606     -1.263     -.5566      1.209      1.116      1.513      1.490    
     101  2.323      0.000     0.9677     0.9677     -1.278     -.6086      1.199      1.115      1.515      1.494    
     102  2.333      0.000     0.9747     0.9747     -1.293     -.6623      1.190      1.115      1.517      1.497    
     103  2.343      0.000     0.9818     0.9818     -1.307     -.7175      1.180      1.114      1.520      1.500    
     104  2.353      0.000     0.9889     0.9889     -1.321     -.7741      1.171      1.113      1.522      1.504    
     105  2.363      0.000     0.9959     0.9959     -1.335     -.8317      1.163      1.112      1.524      1.507    
     106  2.373      0.000      1.003      1.003     -1.347     -.8900      1.154      1.111      1.525      1.510    
     107  2.383      0.000      1.010      1.010     -1.360     -.9485      1.147      1.109      1.527      1.513    
     108  2.393      0.000      1.017      1.017     -1.371     -1.007      1.139      1.108      1.529      1.516    
     109  2.403      0.000      1.024      1.024     -1.382     -1.064      1.133      1.107      1.530      1.519    
     110  2.413      0.000      1.031      1.031     -1.392     -1.120      1.126      1.105      1.532      1.522    
     111  2.423      0.000      1.038      1.038     -1.401     -1.174      1.121      1.104      1.533      1.525    
     112  2.433      0.000      1.045      1.045     -1.410     -1.224      1.115      1.102      1.534      1.527    
     113  2.443      0.000      1.052      1.052     -1.417     -1.271      1.111      1.101      1.535      1.530    
     114  2.453      0.000      1.059      1.059     -1.424     -1.314      1.107      1.100      1.536      1.532    
     115  2.463      0.000      1.067      1.067     -1.430     -1.352      1.104      1.099      1.536      1.534    
     116  2.473      0.000      1.074      1.074     -1.434     -1.384      1.101      1.098      1.537      1.535    
     117  2.483      0.000      1.081      1.081     -1.438     -1.409      1.099      1.097      1.538      1.537    
     118  2.493      0.000      1.088      1.088     -1.441     -1.428      1.097      1.096      1.538      1.537    
     119  2.503      0.000      1.095      1.095     -1.442     -1.439      1.096      1.096      1.538      1.538    
     120  2.513      0.000      1.102      1.102     -1.443     -1.443      1.096      1.096      1.538      1.538    
     121  2.513      0.000      1.102      1.102     -1.443     -1.443      1.096      1.096      1.538      1.538    
     122  2.527      0.000      1.088      1.102     -1.438     -1.438      1.096      1.096      1.538      1.538    
     123  2.541      0.000      1.074      1.102     -1.426     -1.426      1.098      1.098      1.537      1.537    
     124  2.555      0.000      1.059      1.102     -1.404     -1.404      1.100      1.100      1.536      1.536    
     125  2.569      0.000      1.045      1.102     -1.376     -1.376      1.102      1.102      1.534      1.534    
     126  2.583      0.000      1.031      1.102     -1.340     -1.340      1.106      1.106      1.533      1.533    
     127  2.597      0.000      1.017      1.102     -1.298     -1.298      1.110      1.110      1.530      1.530    
     128  2.611      0.000      1.003      1.102     -1.250     -1.250      1.115      1.115      1.528      1.528    
     129  2.626      0.000     0.9889      1.102     -1.197     -1.197      1.120      1.120      1.526      1.526    
     130  2.640      0.000     0.9747      1.102     -1.141     -1.141      1.125      1.125      1.523      1.523    
     131  2.654      0.000     0.9606      1.102     -1.083     -1.083      1.131      1.131      1.521      1.521    
     132  2.668      0.000     0.9465      1.102     -1.022     -1.022      1.136      1.136      1.519      1.519    
     133  2.682      0.000     0.9324      1.102     -.9598     -.9598      1.142      1.142      1.517      1.517    
     134  2.696      0.000     0.9182      1.102     -.8975     -.8975      1.149      1.149      1.515      1.515    
     135  2.710      0.000     0.9041      1.102     -.8353     -.8353      1.155      1.155      1.513      1.513    
     136  2.724      0.000     0.8900      1.102     -.7740     -.7740      1.161      1.161      1.511      1.511    
     137  2.739      0.000     0.8759      1.102     -.7138     -.7138      1.168      1.168      1.510      1.510    
     138  2.753      0.000     0.8617      1.102     -.6553     -.6553      1.174      1.174      1.508      1.508    
     139  2.767      0.000     0.8476      1.102     -.5988     -.5988      1.181      1.181      1.507      1.507    
     140  2.781      0.000     0.8335      1.102     -.5444     -.5444      1.187      1.187      1.506      1.506    
     141  2.795      0.000     0.8193      1.102     -.4925     -.4925      1.194      1.194      1.506      1.506    
     142  2.809      0.000     0.8052      1.102     -.4431     -.4431      1.200      1.200      1.505      1.505    
     143  2.823      0.000     0.7911      1.102     -.3965     -.3965      1.207      1.207      1.504      1.504    
     144  2.837      0.000     0.7770      1.102     -.3526     -.3526      1.213      1.213      1.504      1.504    
     145  2.852      0.000     0.7628      1.102     -.3115     -.3115      1.219      1.219      1.504      1.504    
     146  2.866      0.000     0.7487      1.102     -.2732     -.2732      1.225      1.225      1.503      1.503    
     147  2.880      0.000     0.7346      1.102     -.2378     -.2378      1.231      1.231      1.503      1.503    
     148  2.894      0.000     0.7205      1.102     -.2052     -.2052      1.237      1.237      1.503      1.503    
     149  2.908      0.000     0.7063      1.102     -.1755     -.1755      1.242      1.242      1.503      1.503    
     150  2.922      0.000     0.6922      1.102     -.1485     -.1485      1.248      1.248      1.503      1.503    
     151  2.936      0.000     0.6781      1.102     -.1243     -.1243      1.253      1.253      1.503      1.503    
     152  2.950      0.000     0.6640      1.102     -.1027     -.1027      1.257      1.257      1.503      1.503    
     153  2.965      0.000     0.6498      1.102     -.8386E-01 -.8386E-01  1.261      1.261      1.504      1.504    
     154  2.979      0.000     0.6357      1.102     -.6762E-01 -.6762E-01  1.265      1.265      1.504      1.504    
     155  2.993      0.000     0.6216      1.102     -.5396E-01 -.5396E-01  1.268      1.268      1.504      1.504    
     156  3.007      0.000     0.6074      1.102     -.4285E-01 -.4285E-01  1.271      1.271      1.504      1.504    
     157  3.021      0.000     0.5933      1.102     -.3424E-01 -.3424E-01  1.273      1.273      1.504      1.504    
     158  3.035      0.000     0.5792      1.102     -.2811E-01 -.2811E-01  1.275      1.275      1.504      1.504    
     159  3.049      0.000     0.5651      1.102     -.2444E-01 -.2444E-01  1.276      1.276      1.504      1.504    
     160  3.063      0.000     0.5509      1.102     -.2322E-01 -.2322E-01  1.276      1.276      1.504      1.504    
     161  3.063      0.000     0.5509      1.102     -.2322E-01 -.2322E-01  1.276      1.276      1.504      1.504    
     162  3.083     0.1413E-01 0.5509      1.088     -.4308E-01 -.3288E-02  1.265      1.286      1.500      1.507    
     163  3.103     0.2825E-01 0.5509      1.074     -.6284E-01 0.1670E-01  1.253      1.296      1.495      1.509    
     164  3.123     0.4238E-01 0.5509      1.059     -.8254E-01 0.3669E-01  1.240      1.305      1.489      1.510    
     165  3.143     0.5651E-01 0.5509      1.045     -.1022     0.5663E-01  1.226      1.314      1.483      1.509    
     166  3.163     0.7063E-01 0.5509      1.031     -.1219     0.7642E-01  1.211      1.322      1.476      1.508    
     167  3.183     0.8476E-01 0.5509      1.017     -.1416     0.9599E-01  1.195      1.330      1.468      1.505    
     168  3.203     0.9889E-01 0.5509      1.003     -.1615     0.1152      1.178      1.338      1.459      1.502    
     169  3.223     0.1130     0.5509     0.9889     -.1817     0.1340      1.159      1.346      1.450      1.497    
     170  3.243     0.1271     0.5509     0.9747     -.2023     0.1522      1.140      1.355      1.441      1.492    
     171  3.263     0.1413     0.5509     0.9606     -.2233     0.1698      1.118      1.364      1.431      1.485    
     172  3.283     0.1554     0.5509     0.9465     -.2449     0.1866      1.095      1.374      1.422      1.477    
     173  3.303     0.1695     0.5509     0.9324     -.2672     0.2025      1.070      1.384      1.412      1.469    
     174  3.323     0.1836     0.5509     0.9182     -.2903     0.2173      1.044      1.395      1.402      1.459    
     175  3.343     0.1978     0.5509     0.9041     -.3145     0.2310      1.015      1.407      1.392      1.449    
     176  3.363     0.2119     0.5509     0.8900     -.3397     0.2433     0.9835      1.419      1.382      1.438    
     177  3.383     0.2260     0.5509     0.8759     -.3662     0.2537     0.9503      1.433      1.372      1.426    
     178  3.403     0.2402     0.5509     0.8617     -.3940     0.2620     0.9150      1.447      1.362      1.413    
     179  3.423     0.2543     0.5509     0.8476     -.4232     0.2673     0.8779      1.462      1.352      1.401    
     180  3.443     0.2684     0.5509     0.8335     -.4540     0.2690     0.8395      1.477      1.343      1.387    
     181  3.463     0.2825     0.5509     0.8193     -.4864     0.2661     0.8004      1.492      1.334      1.374    
     182  3.483     0.2967     0.5509     0.8052     -.5204     0.2576     0.7610      1.508      1.325      1.361    
     183  3.503     0.3108     0.5509     0.7911     -.5562     0.2424     0.7220      1.523      1.316      1.348    
     184  3.523     0.3249     0.5509     0.7770     -.5935     0.2194     0.6841      1.538      1.307      1.335    
     185  3.543     0.3390     0.5509     0.7628     -.6324     0.1875     0.6478      1.553      1.299      1.322    
     186  3.563     0.3532     0.5509     0.7487     -.6726     0.1458     0.6134      1.568      1.291      1.310    
     187  3.583     0.3673     0.5509     0.7346     -.7139     0.9320E-01 0.5814      1.581      1.283      1.298    
     188  3.603     0.3814     0.5509     0.7205     -.7561     0.2905E-01 0.5518      1.594      1.275      1.287    
     189  3.623     0.3955     0.5509     0.7063     -.7986     -.4723E-01 0.5249      1.606      1.268      1.277    
     190  3.643     0.4097     0.5509     0.6922     -.8409     -.1359     0.5007      1.617      1.261      1.267    
     191  3.663     0.4238     0.5509     0.6781     -.8824     -.2365     0.4793      1.627      1.254      1.258    
     192  3.683     0.4379     0.5509     0.6640     -.9224     -.3481     0.4605      1.637      1.248      1.250    
     193  3.703     0.4521     0.5509     0.6498     -.9602     -.4686     0.4444      1.645      1.242      1.243    
     194  3.723     0.4662     0.5509     0.6357     -.9950     -.5945     0.4307      1.652      1.236      1.237    
     195  3.743     0.4803     0.5509     0.6216     -1.026     -.7207     0.4195      1.657      1.231      1.231    
     196  3.763     0.4944     0.5509     0.6074     -1.053     -.8408     0.4105      1.662      1.227      1.227    
     197  3.783     0.5086     0.5509     0.5933     -1.074     -.9467     0.4037      1.666      1.224      1.224    
     198  3.803     0.5227     0.5509     0.5792     -1.090     -1.030     0.3989      1.669      1.221      1.221    
     199  3.823     0.5368     0.5509     0.5651     -1.099     -1.084     0.3960      1.670      1.220      1.220    
     200  3.843     0.5509     0.5509     0.5509     -1.102     -1.102     0.3951      1.671      1.219      1.219    
     201  3.843     0.5509     0.5509     0.5509     -1.102     -1.102     0.3951      1.671      1.219      1.219    
     202  3.860     0.5439     0.5439     0.5651     -1.100     -1.088     0.3958      1.670      1.219      1.219    
     203  3.877     0.5368     0.5368     0.5792     -1.093     -1.048     0.3979      1.669      1.221      1.221    
     204  3.895     0.5297     0.5297     0.5933     -1.081     -.9831     0.4015      1.667      1.223      1.222    
     205  3.912     0.5227     0.5227     0.6074     -1.066     -.8989     0.4066      1.664      1.225      1.225    
     206  3.929     0.5156     0.5156     0.6216     -1.047     -.8004     0.4132      1.661      1.229      1.228    
     207  3.946     0.5086     0.5086     0.6357     -1.025     -.6928     0.4215      1.656      1.233      1.232    
     208  3.964     0.5015     0.5015     0.6498     -1.001     -.5812     0.4316      1.651      1.237      1.236    
     209  3.981     0.4944     0.4944     0.6640     -.9763     -.4697     0.4435      1.645      1.243      1.241    
     210  3.998     0.4874     0.4874     0.6781     -.9508     -.3619     0.4573      1.638      1.249      1.246    
     211  4.016     0.4803     0.4803     0.6922     -.9252     -.2603     0.4732      1.631      1.255      1.252    
     212  4.033     0.4732     0.4732     0.7063     -.9003     -.1666     0.4913      1.622      1.262      1.258    
     213  4.050     0.4662     0.4662     0.7205     -.8765     -.8191E-01 0.5116      1.613      1.269      1.264    
     214  4.068     0.4591     0.4591     0.7346     -.8543     -.6884E-02 0.5342      1.603      1.277      1.270    
     215  4.085     0.4521     0.4521     0.7487     -.8338     0.5834E-01 0.5592      1.592      1.285      1.277    
     216  4.102     0.4450     0.4450     0.7628     -.8154     0.1139     0.5865      1.581      1.293      1.284    
     217  4.119     0.4379     0.4379     0.7770     -.7993     0.1600     0.6162      1.569      1.302      1.291    
     218  4.137     0.4309     0.4309     0.7911     -.7854     0.1972     0.6482      1.557      1.310      1.298    
     219  4.154     0.4238     0.4238     0.8052     -.7740     0.2260     0.6823      1.544      1.319      1.306    
     220  4.171     0.4167     0.4167     0.8193     -.7651     0.2472     0.7182      1.531      1.327      1.313    
     221  4.189     0.4097     0.4097     0.8335     -.7585     0.2615     0.7555      1.518      1.336      1.320    
     222  4.206     0.4026     0.4026     0.8476     -.7543     0.2698     0.7937      1.504      1.344      1.328    
     223  4.223     0.3955     0.3955     0.8617     -.7524     0.2731     0.8322      1.490      1.352      1.335    
     224  4.241     0.3885     0.3885     0.8759     -.7527     0.2723     0.8701      1.476      1.360      1.343    
     225  4.258     0.3814     0.3814     0.8900     -.7551     0.2683     0.9069      1.463      1.368      1.350    
     226  4.275     0.3744     0.3744     0.9041     -.7595     0.2622     0.9417      1.449      1.376      1.357    
     227  4.292     0.3673     0.3673     0.9182     -.7658     0.2545     0.9740      1.436      1.383      1.364    
     228  4.310     0.3602     0.3602     0.9324     -.7738     0.2459      1.003      1.424      1.390      1.371    
     229  4.327     0.3532     0.3532     0.9465     -.7834     0.2367      1.030      1.411      1.397      1.378    
     230  4.344     0.3461     0.3461     0.9606     -.7945     0.2269      1.053      1.400      1.403      1.384    
     231  4.362     0.3390     0.3390     0.9747     -.8068     0.2167      1.073      1.389      1.409      1.390    
     232  4.379     0.3320     0.3320     0.9889     -.8204     0.2058      1.090      1.378      1.415      1.396    
     233  4.396     0.3249     0.3249      1.003     -.8349     0.1943      1.104      1.369      1.421      1.402    
     234  4.414     0.3178     0.3178      1.017     -.8502     0.1819      1.116      1.361      1.426      1.407    
     235  4.431     0.3108     0.3108      1.031     -.8662     0.1685      1.124      1.354      1.431      1.412    
     236  4.448     0.3037     0.3037      1.045     -.8827     0.1540      1.130      1.349      1.436      1.416    
     237  4.465     0.2967     0.2967      1.059     -.8994     0.1384      1.131      1.347      1.441      1.421    
     238  4.483     0.2896     0.2896      1.074     -.9163     0.1215      1.127      1.351      1.445      1.425    
     239  4.500     0.2825     0.2825      1.088     -.9331     0.1034      1.112      1.363      1.449      1.428    
     240  4.517     0.2755     0.2755      1.102     -.9498     0.8405E-01  1.096      1.377      1.453      1.431    
     241  4.517     0.2755     0.2755      1.102     -.9498     0.8405E-01  1.096      1.377      1.453      1.431    
     242  4.527     0.2684     0.2825      1.102     -.9474     0.8400E-01  1.096      1.377      1.453      1.432    
     243  4.537     0.2613     0.2896      1.102     -.9402     0.8386E-01  1.097      1.376      1.453      1.432    
     244  4.547     0.2543     0.2967      1.102     -.9285     0.8363E-01  1.097      1.376      1.454      1.433    
     245  4.557     0.2472     0.3037      1.102     -.9123     0.8330E-01  1.098      1.375      1.454      1.434    
     246  4.567     0.2402     0.3108      1.102     -.8921     0.8288E-01  1.099      1.375      1.455      1.436    
     247  4.577     0.2331     0.3178      1.102     -.8681     0.8236E-01  1.100      1.374      1.455      1.438    
     248  4.587     0.2260     0.3249      1.102     -.8407     0.8173E-01  1.101      1.373      1.456      1.440    
     249  4.597     0.2190     0.3320      1.102     -.8104     0.8101E-01  1.102      1.372      1.457      1.443    
     250  4.607     0.2119     0.3390      1.102     -.7776     0.8017E-01  1.104      1.370      1.458      1.446    
     251  4.617     0.2048     0.3461      1.102     -.7428     0.7922E-01  1.106      1.369      1.459      1.449    
     252  4.627     0.1978     0.3532      1.102     -.7065     0.7816E-01  1.109      1.367      1.460      1.452    
     253  4.637     0.1907     0.3602      1.102     -.6691     0.7698E-01  1.112      1.365      1.461      1.455    
     254  4.647     0.1836     0.3673      1.102     -.6311     0.7567E-01  1.115      1.363      1.463      1.459    
     255  4.657     0.1766     0.3744      1.102     -.5928     0.7423E-01  1.118      1.361      1.464      1.463    
     256  4.667     0.1695     0.3814      1.102     -.5546     0.7265E-01  1.122      1.359      1.466      1.466    
     257  4.677     0.1625     0.3885      1.102     -.5168     0.7093E-01  1.126      1.357      1.467      1.470    
     258  4.687     0.1554     0.3955      1.102     -.4798     0.6907E-01  1.131      1.354      1.469      1.473    
     259  4.697     0.1483     0.4026      1.102     -.4437     0.6705E-01  1.136      1.351      1.470      1.477    
     260  4.707     0.1413     0.4097      1.102     -.4088     0.6487E-01  1.142      1.348      1.472      1.480    
     261  4.717     0.1342     0.4167      1.102     -.3753     0.6252E-01  1.148      1.346      1.474      1.484    
     262  4.727     0.1271     0.4238      1.102     -.3432     0.6000E-01  1.154      1.342      1.475      1.487    
     263  4.737     0.1201     0.4309      1.102     -.3127     0.5730E-01  1.161      1.339      1.477      1.490    
     264  4.747     0.1130     0.4379      1.102     -.2838     0.5441E-01  1.168      1.336      1.479      1.493    
     265  4.757     0.1059     0.4450      1.102     -.2566     0.5132E-01  1.176      1.333      1.481      1.495    
     266  4.767     0.9889E-01 0.4521      1.102     -.2310     0.4804E-01  1.183      1.329      1.482      1.498    
     267  4.777     0.9182E-01 0.4591      1.102     -.2072     0.4455E-01  1.191      1.326      1.484      1.500    
     268  4.787     0.8476E-01 0.4662      1.102     -.1849     0.4084E-01  1.199      1.322      1.486      1.501    
     269  4.797     0.7770E-01 0.4732      1.102     -.1643     0.3690E-01  1.207      1.318      1.488      1.503    
     270  4.807     0.7063E-01 0.4803      1.102     -.1452     0.3274E-01  1.214      1.314      1.489      1.504    
     271  4.817     0.6357E-01 0.4874      1.102     -.1276     0.2834E-01  1.222      1.311      1.491      1.506    
     272  4.827     0.5651E-01 0.4944      1.102     -.1113     0.2369E-01  1.230      1.307      1.493      1.506    
     273  4.837     0.4944E-01 0.5015      1.102     -.9639E-01 0.1879E-01  1.237      1.303      1.494      1.507    
     274  4.847     0.4238E-01 0.5086      1.102     -.8271E-01 0.1363E-01  1.244      1.299      1.496      1.507    
     275  4.857     0.3532E-01 0.5156      1.102     -.7021E-01 0.8203E-02  1.250      1.295      1.497      1.507    
     276  4.867     0.2825E-01 0.5227      1.102     -.5881E-01 0.2499E-02  1.256      1.291      1.499      1.507    
     277  4.877     0.2119E-01 0.5297      1.102     -.4846E-01 -.3489E-02  1.262      1.287      1.500      1.507    
     278  4.887     0.1413E-01 0.5368      1.102     -.3911E-01 -.9767E-02  1.267      1.284      1.501      1.506    
     279  4.897     0.7063E-02 0.5439      1.102     -.3071E-01 -.1634E-01  1.272      1.280      1.503      1.505    
     280  4.907     0.7063E-10 0.5509      1.102     -.2322E-01 -.2322E-01  1.276      1.276      1.504      1.504    
     281  4.907      0.000     0.5509      1.102     -.2322E-01 -.2322E-01  1.276      1.276      1.504      1.504    
     282  4.921      0.000     0.5368      1.102     -.2444E-01 -.2444E-01  1.276      1.276      1.504      1.504    
     283  4.935      0.000     0.5227      1.102     -.2811E-01 -.2811E-01  1.275      1.275      1.504      1.504    
     284  4.949      0.000     0.5086      1.102     -.3424E-01 -.3424E-01  1.273      1.273      1.504      1.504    
     285  4.963      0.000     0.4944      1.102     -.4285E-01 -.4285E-01  1.271      1.271      1.504      1.504    
     286  4.978      0.000     0.4803      1.102     -.5396E-01 -.5396E-01  1.268      1.268      1.504      1.504    
     287  4.992      0.000     0.4662      1.102     -.6762E-01 -.6762E-01  1.265      1.265      1.504      1.504    
     288  5.006      0.000     0.4521      1.102     -.8386E-01 -.8386E-01  1.261      1.261      1.504      1.504    
     289  5.020      0.000     0.4379      1.102     -.1027     -.1027      1.257      1.257      1.503      1.503    
     290  5.034      0.000     0.4238      1.102     -.1243     -.1243      1.253      1.253      1.503      1.503    
     291  5.048      0.000     0.4097      1.102     -.1485     -.1485      1.248      1.248      1.503      1.503    
     292  5.062      0.000     0.3955      1.102     -.1755     -.1755      1.242      1.242      1.503      1.503    
     293  5.076      0.000     0.3814      1.102     -.2052     -.2052      1.237      1.237      1.503      1.503    
     294  5.091      0.000     0.3673      1.102     -.2378     -.2378      1.231      1.231      1.503      1.503    
     295  5.105      0.000     0.3532      1.102     -.2732     -.2732      1.225      1.225      1.503      1.503    
     296  5.119      0.000     0.3390      1.102     -.3115     -.3115      1.219      1.219      1.504      1.504    
     297  5.133      0.000     0.3249      1.102     -.3526     -.3526      1.213      1.213      1.504      1.504    
     298  5.147      0.000     0.3108      1.102     -.3965     -.3965      1.207      1.207      1.504      1.504    
     299  5.161      0.000     0.2967      1.102     -.4431     -.4431      1.200      1.200      1.505      1.505    
     300  5.175      0.000     0.2825      1.102     -.4925     -.4925      1.194      1.194      1.506      1.506    
     301  5.189      0.000     0.2684      1.102     -.5444     -.5444      1.187      1.187      1.506      1.506    
     302  5.204      0.000     0.2543      1.102     -.5988     -.5988      1.181      1.181      1.507      1.507    
     303  5.218      0.000     0.2402      1.102     -.6553     -.6553      1.174      1.174      1.508      1.508    
     304  5.232      0.000     0.2260      1.102     -.7138     -.7138      1.168      1.168      1.510      1.510    
     305  5.246      0.000     0.2119      1.102     -.7740     -.7740      1.161      1.161      1.511      1.511    
     306  5.260      0.000     0.1978      1.102     -.8353     -.8353      1.155      1.155      1.513      1.513    
     307  5.274      0.000     0.1836      1.102     -.8975     -.8975      1.149      1.149      1.515      1.515    
     308  5.288      0.000     0.1695      1.102     -.9598     -.9598      1.142      1.142      1.517      1.517    
     309  5.303      0.000     0.1554      1.102     -1.022     -1.022      1.136      1.136      1.519      1.519    
     310  5.317      0.000     0.1413      1.102     -1.083     -1.083      1.131      1.131      1.521      1.521    
     311  5.331      0.000     0.1271      1.102     -1.141     -1.141      1.125      1.125      1.523      1.523    
     312  5.345      0.000     0.1130      1.102     -1.197     -1.197      1.120      1.120      1.526      1.526    
     313  5.359      0.000     0.9889E-01  1.102     -1.250     -1.250      1.115      1.115      1.528      1.528    
     314  5.373      0.000     0.8476E-01  1.102     -1.298     -1.298      1.110      1.110      1.530      1.530    
     315  5.387      0.000     0.7063E-01  1.102     -1.340     -1.340      1.106      1.106      1.533      1.533    
     316  5.401      0.000     0.5651E-01  1.102     -1.376     -1.376      1.102      1.102      1.534      1.534    
     317  5.416      0.000     0.4238E-01  1.102     -1.404     -1.404      1.100      1.100      1.536      1.536    
     318  5.430      0.000     0.2825E-01  1.102     -1.426     -1.426      1.098      1.098      1.537      1.537    
     319  5.444      0.000     0.1413E-01  1.102     -1.438     -1.438      1.096      1.096      1.538      1.538    
     320  5.458      0.000     0.1413E-09  1.102     -1.443     -1.443      1.096      1.096      1.538      1.538    
     321  5.458      0.000      0.000      1.102     -1.443     -1.443      1.096      1.096      1.538      1.538    
     322  5.486      0.000      0.000      1.074     -1.439     -1.439      1.105      1.087      1.537      1.537    
     323  5.514      0.000      0.000      1.045     -1.426     -1.426      1.114      1.079      1.535      1.535    
     324  5.543      0.000      0.000      1.017     -1.406     -1.406      1.123      1.071      1.530      1.530    
     325  5.571      0.000      0.000     0.9889     -1.379     -1.379      1.133      1.064      1.525      1.525    
     326  5.599      0.000      0.000     0.9606     -1.343     -1.343      1.143      1.056      1.517      1.517    
     327  5.627      0.000      0.000     0.9324     -1.302     -1.302      1.154      1.049      1.508      1.508    
     328  5.656      0.000      0.000     0.9041     -1.253     -1.253      1.165      1.042      1.498      1.498    
     329  5.684      0.000      0.000     0.8759     -1.200     -1.200      1.176      1.035      1.486      1.486    
     330  5.712      0.000      0.000     0.8476     -1.141     -1.141      1.188      1.028      1.473      1.473    
     331  5.740      0.000      0.000     0.8193     -1.079     -1.079      1.201      1.021      1.459      1.459    
     332  5.769      0.000      0.000     0.7911     -1.013     -1.013      1.214      1.444      1.444      1.014    
     333  5.797      0.000      0.000     0.7628     -.9448     -.9448      1.227      1.428      1.428      1.008    
     334  5.825      0.000      0.000     0.7346     -.8751     -.8751      1.241      1.411      1.411      1.002    
     335  5.853      0.000      0.000     0.7063     -.8044     -.8044      1.255      1.392      1.392     0.9955    
     336  5.882      0.000      0.000     0.6781     -.7336     -.7336      1.269      1.372      1.372     0.9896    
     337  5.910      0.000      0.000     0.6498     -.6630     -.6630      1.283      1.351      1.351     0.9839    
     338  5.938      0.000      0.000     0.6216     -.5932     -.5932      1.298      1.329      1.329     0.9785    
     339  5.966      0.000      0.000     0.5933     -.5245     -.5245      1.313      1.306      1.306     0.9733    
     340  5.995      0.000      0.000     0.5651     -.4574     -.4574      1.328      1.283      1.283     0.9684    
     341  6.023      0.000      0.000     0.5368     -.3922     -.3922      1.343      1.258      1.258     0.9639    
     342  6.051      0.000      0.000     0.5086     -.3290     -.3290      1.357      1.232      1.232     0.9596    
     343  6.079      0.000      0.000     0.4803     -.2682     -.2682      1.372      1.207      1.207     0.9557    
     344  6.108      0.000      0.000     0.4521     -.2099     -.2099      1.386      1.181      1.181     0.9521    
     345  6.136      0.000      0.000     0.4238     -.1545     -.1545      1.400      1.155      1.155     0.9488    
     346  6.164      0.000      0.000     0.3955     -.1019     -.1019      1.414      1.130      1.130     0.9459    
     347  6.192      0.000      0.000     0.3673     -.5257E-01 -.5257E-01  1.426      1.105      1.105     0.9433    
     348  6.221      0.000      0.000     0.3390     -.6489E-02 -.6490E-02  1.439      1.081      1.081     0.9411    
     349  6.249      0.000      0.000     0.3108     0.3618E-01 0.3618E-01  1.450      1.059      1.059     0.9391    
     350  6.277      0.000      0.000     0.2825     0.7534E-01 0.7533E-01  1.461      1.038      1.038     0.9375    
     351  6.305      0.000      0.000     0.2543     0.1109     0.1109      1.471      1.018      1.018     0.9361    
     352  6.334      0.000      0.000     0.2260     0.1428     0.1428      1.480      1.001      1.001     0.9350    
     353  6.362      0.000      0.000     0.1978     0.1710     0.1710      1.489     0.9846     0.9846     0.9340    
     354  6.390      0.000      0.000     0.1695     0.1955     0.1955      1.496     0.9707     0.9707     0.9333    
     355  6.419      0.000      0.000     0.1413     0.2162     0.2162      1.502     0.9589     0.9589     0.9328    
     356  6.447      0.000      0.000     0.1130     0.2331     0.2331      1.507     0.9491     0.9491     0.9323    
     357  6.475      0.000      0.000     0.8476E-01 0.2463     0.2463      1.511     0.9415     0.9415     0.9320    
     358  6.503      0.000      0.000     0.5651E-01 0.2558     0.2557      1.514     0.9360     0.9360     0.9318    
     359  6.532      0.000      0.000     0.2825E-01 0.2615     0.2613      1.516     0.9328     0.9328     0.9317    
     360  6.560      0.000      0.000     0.2825E-09 -.3288     0.1925     -.6464     0.9317     0.9317     0.9317    
