 # om(i),i,integrated_dos,total_dos,(dos(n+1-la,i),la=1,n))
0.35000E-01      1 0.8823E-04 0.7562E-04  0.000      0.000      0.000     0.5788E-05 0.2892E-04 0.4091E-04
 1.2056          2 0.1943E-03 0.9093E-04  0.000      0.000      0.000     0.6868E-05 0.3466E-04 0.4940E-04
 2.3761          3 0.3211E-03 0.1087E-03  0.000      0.000      0.000     0.8127E-05 0.4129E-04 0.5923E-04
 3.5467          4 0.4716E-03 0.1290E-03  0.000      0.000      0.000     0.9586E-05 0.4889E-04 0.7056E-04
 4.7173          5 0.6493E-03 0.1523E-03  0.000      0.000      0.000     0.1126E-04 0.5755E-04 0.8352E-04
 5.8878          6 0.8580E-03 0.1788E-03  0.000      0.000      0.000     0.1317E-04 0.6738E-04 0.9826E-04
 7.0584          7 0.1101E-02 0.2087E-03  0.000      0.000      0.000     0.1533E-04 0.7845E-04 0.1149E-03
 8.2290          8 0.1384E-02 0.2422E-03  0.000      0.000      0.000     0.1775E-04 0.9088E-04 0.1336E-03
 9.3995          9 0.1710E-02 0.2797E-03  0.000      0.000      0.000     0.2044E-04 0.1047E-03 0.1545E-03
 10.570         10 0.2085E-02 0.3214E-03  0.000      0.000      0.000     0.2341E-04 0.1202E-03 0.1778E-03
 11.741         11 0.2514E-02 0.3675E-03  0.000      0.000      0.000     0.2666E-04 0.1372E-03 0.2036E-03
 12.911         12 0.3002E-02 0.4184E-03  0.000      0.000      0.000     0.3021E-04 0.1561E-03 0.2321E-03
 14.082         13 0.3556E-02 0.4743E-03  0.000      0.000      0.000     0.3405E-04 0.1768E-03 0.2635E-03
 15.252         14 0.4180E-02 0.5356E-03  0.000      0.000      0.000     0.3820E-04 0.1995E-03 0.2979E-03
 16.423         15 0.4883E-02 0.6025E-03  0.000      0.000      0.000     0.4264E-04 0.2243E-03 0.3356E-03
 17.594         16 0.5672E-02 0.6756E-03  0.000      0.000      0.000     0.4741E-04 0.2513E-03 0.3768E-03
 18.764         17 0.6553E-02 0.7552E-03  0.000      0.000      0.000     0.5249E-04 0.2808E-03 0.4219E-03
 19.935         18 0.7535E-02 0.8419E-03  0.000      0.000      0.000     0.5789E-04 0.3129E-03 0.4711E-03
 21.105         19 0.8627E-02 0.9361E-03  0.000      0.000      0.000     0.6363E-04 0.3478E-03 0.5248E-03
 22.276         20 0.9839E-02 0.1039E-02  0.000      0.000      0.000     0.6971E-04 0.3856E-03 0.5834E-03
 23.446         21 0.1118E-01 0.1150E-02  0.000      0.000      0.000     0.7613E-04 0.4267E-03 0.6476E-03
 24.617         22 0.1267E-01 0.1272E-02  0.000      0.000      0.000     0.8290E-04 0.4713E-03 0.7180E-03
 25.788         23 0.1430E-01 0.1405E-02  0.000      0.000      0.000     0.9002E-04 0.5197E-03 0.7953E-03
 26.958         24 0.1611E-01 0.1550E-02  0.000      0.000      0.000     0.9750E-04 0.5724E-03 0.8805E-03
 28.129         25 0.1811E-01 0.1710E-02  0.000      0.000      0.000     0.1053E-03 0.6297E-03 0.9746E-03
 29.299         26 0.2031E-01 0.1885E-02  0.000      0.000      0.000     0.1135E-03 0.6922E-03 0.1079E-02
 30.470         27 0.2273E-01 0.2077E-02  0.000      0.000      0.000     0.1221E-03 0.7604E-03 0.1195E-02
 31.640         28 0.2540E-01 0.2290E-02  0.000      0.000      0.000     0.1310E-03 0.8349E-03 0.1324E-02
 32.811         29 0.2835E-01 0.2526E-02  0.000      0.000      0.000     0.1403E-03 0.9166E-03 0.1470E-02
 33.981         30 0.3160E-01 0.2789E-02  0.000      0.000      0.000     0.1500E-03 0.1006E-02 0.1633E-02
 35.152         31 0.3520E-01 0.3081E-02  0.000      0.000      0.000     0.1601E-03 0.1105E-02 0.1816E-02
 36.323         32 0.3917E-01 0.3407E-02  0.000      0.000      0.000     0.1705E-03 0.1213E-02 0.2023E-02
 37.493         33 0.4357E-01 0.3771E-02  0.000      0.000      0.000     0.1814E-03 0.1332E-02 0.2257E-02
 38.664         34 0.4844E-01 0.4178E-02  0.000      0.000      0.000     0.1926E-03 0.1463E-02 0.2522E-02
 39.834         35 0.5385E-01 0.4633E-02  0.000      0.000      0.000     0.2043E-03 0.1608E-02 0.2820E-02
 41.005         36 0.5985E-01 0.5141E-02  0.000      0.000      0.000     0.2163E-03 0.1767E-02 0.3158E-02
 42.175         37 0.6651E-01 0.5709E-02  0.000      0.000      0.000     0.2288E-03 0.1942E-02 0.3538E-02
 43.346         38 0.7390E-01 0.6341E-02  0.000      0.000      0.000     0.2417E-03 0.2134E-02 0.3965E-02
 44.517         39 0.8212E-01 0.7043E-02  0.000      0.000      0.000     0.2551E-03 0.2345E-02 0.4443E-02
 45.687         40 0.9124E-01 0.7820E-02  0.000      0.000      0.000     0.2689E-03 0.2574E-02 0.4977E-02
 46.858         41 0.1014     0.8676E-02  0.000      0.000      0.000     0.2831E-03 0.2824E-02 0.5570E-02
 48.028         42 0.1126     0.9617E-02  0.000      0.000      0.000     0.2978E-03 0.3094E-02 0.6225E-02
 49.199         43 0.1250     0.1064E-01  0.000      0.000      0.000     0.3129E-03 0.3386E-02 0.6945E-02
 50.369         44 0.1387     0.1176E-01  0.000      0.000      0.000     0.3285E-03 0.3700E-02 0.7732E-02
 51.540         45 0.1539     0.1297E-01  0.000      0.000      0.000     0.3446E-03 0.4036E-02 0.8587E-02
 52.711         46 0.1705     0.1426E-01  0.000      0.000      0.000     0.3612E-03 0.4393E-02 0.9509E-02
 53.881         47 0.1887     0.1565E-01  0.000      0.000      0.000     0.3783E-03 0.4772E-02 0.1050E-01
 55.052         48 0.2087     0.1711E-01  0.000      0.000      0.000     0.3959E-03 0.5172E-02 0.1155E-01
 56.222         49 0.2305     0.1866E-01  0.000      0.000      0.000     0.4140E-03 0.5591E-02 0.1265E-01
 57.393         50 0.2541     0.2027E-01  0.000      0.000      0.000     0.4326E-03 0.6030E-02 0.1381E-01
 58.563         51 0.2797     0.2194E-01  0.000      0.000      0.000     0.4518E-03 0.6487E-02 0.1500E-01
 59.734         52 0.3073     0.2366E-01  0.000      0.000      0.000     0.4715E-03 0.6960E-02 0.1623E-01
 60.905         53 0.3370     0.2541E-01  0.000      0.000      0.000     0.4918E-03 0.7449E-02 0.1747E-01
 62.075         54 0.3687     0.2717E-01  0.000      0.000      0.000     0.5126E-03 0.7951E-02 0.1871E-01
 63.246         55 0.4024     0.2893E-01  0.000      0.000      0.000     0.5340E-03 0.8465E-02 0.1993E-01
 64.416         56 0.4382     0.3066E-01  0.000      0.000      0.000     0.5560E-03 0.8989E-02 0.2111E-01
 65.587         57 0.4759     0.3234E-01  0.000      0.000      0.000     0.5787E-03 0.9520E-02 0.2224E-01
 66.757         58 0.5155     0.3395E-01  0.000      0.000      0.000     0.6019E-03 0.1006E-01 0.2329E-01
 67.928         59 0.5569     0.3546E-01  0.000      0.000      0.000     0.6258E-03 0.1060E-01 0.2423E-01
 69.099         60 0.5999     0.3685E-01  0.000      0.000      0.000     0.6503E-03 0.1114E-01 0.2506E-01
 70.269         61 0.6443     0.3810E-01  0.000      0.000      0.000     0.6755E-03 0.1168E-01 0.2574E-01
 71.440         62 0.6901     0.3919E-01  0.000      0.000      0.000     0.7014E-03 0.1222E-01 0.2627E-01
 72.610         63 0.7368     0.4010E-01  0.000      0.000      0.000     0.7280E-03 0.1275E-01 0.2662E-01
 73.781         64 0.7845     0.4082E-01  0.000      0.000      0.000     0.7553E-03 0.1327E-01 0.2680E-01
 74.951         65 0.8327     0.4135E-01  0.000      0.000      0.000     0.7833E-03 0.1378E-01 0.2678E-01
 76.122         66 0.8813     0.4168E-01  0.000      0.000      0.000     0.8121E-03 0.1429E-01 0.2658E-01
 77.293         67 0.9301     0.4181E-01  0.000      0.000      0.000     0.8416E-03 0.1478E-01 0.2619E-01
 78.463         68 0.9788     0.4176E-01  0.000      0.000      0.000     0.8720E-03 0.1525E-01 0.2563E-01
 79.634         69  1.027     0.4152E-01  0.000      0.000      0.000     0.9031E-03 0.1572E-01 0.2490E-01
 80.804         70  1.075     0.4113E-01  0.000      0.000      0.000     0.9351E-03 0.1617E-01 0.2402E-01
 81.975         71  1.123     0.4059E-01  0.000      0.000      0.000     0.9680E-03 0.1661E-01 0.2301E-01
 83.145         72  1.169     0.3993E-01  0.000      0.000      0.000     0.1002E-02 0.1703E-01 0.2190E-01
 84.316         73  1.215     0.3917E-01  0.000      0.000      0.000     0.1036E-02 0.1744E-01 0.2070E-01
 85.487         74  1.260     0.3834E-01  0.000      0.000      0.000     0.1072E-02 0.1784E-01 0.1943E-01
 86.657         75  1.303     0.3745E-01  0.000      0.000      0.000     0.1108E-02 0.1822E-01 0.1813E-01
 87.828         76  1.346     0.3653E-01  0.000      0.000      0.000     0.1146E-02 0.1858E-01 0.1680E-01
 88.998         77  1.387     0.3559E-01  0.000      0.000      0.000     0.1184E-02 0.1893E-01 0.1547E-01
 90.169         78  1.428     0.3464E-01  0.000      0.000      0.000     0.1224E-02 0.1925E-01 0.1417E-01
 91.339         79  1.467     0.3370E-01  0.000      0.000      0.000     0.1264E-02 0.1954E-01 0.1289E-01
 92.510         80  1.505     0.3276E-01  0.000      0.000      0.000     0.1306E-02 0.1980E-01 0.1166E-01
 93.680         81  1.543     0.3184E-01  0.000      0.000      0.000     0.1349E-02 0.2001E-01 0.1048E-01
 94.851         82  1.579     0.3093E-01  0.000      0.000      0.000     0.1393E-02 0.2017E-01 0.9372E-02
 96.022         83  1.614     0.3003E-01  0.000      0.000      0.000     0.1438E-02 0.2026E-01 0.8328E-02
 97.192         84  1.648     0.2912E-01  0.000      0.000      0.000     0.1485E-02 0.2028E-01 0.7357E-02
 98.363         85  1.681     0.2821E-01  0.000      0.000      0.000     0.1533E-02 0.2022E-01 0.6460E-02
 99.533         86  1.712     0.2728E-01  0.000      0.000      0.000     0.1582E-02 0.2006E-01 0.5638E-02
 100.70         87  1.743     0.2632E-01  0.000      0.000      0.000     0.1632E-02 0.1980E-01 0.4889E-02
 101.87         88  1.773     0.2533E-01  0.000      0.000      0.000     0.1684E-02 0.1943E-01 0.4212E-02
 103.05         89  1.801     0.2429E-01  0.000      0.000      0.000     0.1737E-02 0.1895E-01 0.3605E-02
 104.22         90  1.828     0.2322E-01  0.000      0.000      0.000     0.1792E-02 0.1836E-01 0.3064E-02
 105.39         91  1.854     0.2209E-01  0.000      0.000      0.000     0.1849E-02 0.1766E-01 0.2586E-02
 106.56         92  1.878     0.2093E-01  0.000      0.000      0.000     0.1907E-02 0.1685E-01 0.2166E-02
 107.73         93  1.901     0.1972E-01  0.000      0.000      0.000     0.1967E-02 0.1596E-01 0.1801E-02
 108.90         94  1.923     0.1849E-01  0.000      0.000      0.000     0.2028E-02 0.1498E-01 0.1485E-02
 110.07         95  1.943     0.1724E-01  0.000      0.000      0.000     0.2092E-02 0.1393E-01 0.1215E-02
 111.24         96  1.962     0.1599E-01  0.000      0.000      0.000     0.2157E-02 0.1284E-01 0.9856E-03
 112.41         97  1.979     0.1474E-01  0.000      0.000      0.000     0.2224E-02 0.1173E-01 0.7926E-03
 113.58         98  1.995     0.1353E-01  0.000      0.000      0.000     0.2293E-02 0.1060E-01 0.6316E-03
 114.75         99  2.009     0.1235E-01  0.000      0.000      0.000     0.2365E-02 0.9488E-02 0.4988E-03
 115.92        100  2.022     0.1123E-01  0.000      0.000      0.000     0.2438E-02 0.8403E-02 0.3902E-03
 117.09        101  2.034     0.1018E-01  0.000      0.000      0.000     0.2514E-02 0.7363E-02 0.3023E-03
 118.26        102  2.045     0.9208E-02  0.000      0.000      0.000     0.2593E-02 0.6383E-02 0.2319E-03
 119.43        103  2.054     0.8322E-02  0.000      0.000      0.000     0.2673E-02 0.5472E-02 0.1762E-03
 120.60        104  2.063     0.7529E-02  0.000      0.000      0.000     0.2757E-02 0.4639E-02 0.1324E-03
 121.77        105  2.071     0.6830E-02  0.000      0.000      0.000     0.2843E-02 0.3889E-02 0.9855E-04
 122.94        106  2.078     0.6227E-02  0.000      0.000      0.000     0.2932E-02 0.3222E-02 0.7255E-04
 124.12        107  2.085     0.5716E-02  0.000      0.000      0.000     0.3024E-02 0.2639E-02 0.5284E-04
 125.29        108  2.091     0.5293E-02  0.000      0.000      0.000     0.3119E-02 0.2136E-02 0.3807E-04
 126.46        109  2.097     0.4953E-02  0.000      0.000      0.000     0.3218E-02 0.1708E-02 0.2713E-04
 127.63        110  2.103     0.4688E-02  0.000      0.000      0.000     0.3319E-02 0.1350E-02 0.1911E-04
 128.80        111  2.108     0.4492E-02  0.000      0.000      0.000     0.3425E-02 0.1054E-02 0.1332E-04
 129.97        112  2.113     0.4356E-02  0.000      0.000      0.000     0.3534E-02 0.8130E-03 0.9175E-05
 131.14        113  2.118     0.4273E-02  0.000      0.000      0.000     0.3647E-02 0.6195E-03 0.6247E-05
 132.31        114  2.123     0.4235E-02  0.000      0.000      0.000     0.3764E-02 0.4662E-03 0.4206E-05
 133.48        115  2.128     0.4236E-02  0.000      0.000      0.000     0.3886E-02 0.3465E-03 0.2797E-05
 134.65        116  2.133     0.4269E-02  0.000      0.000      0.000     0.4013E-02 0.2544E-03 0.1838E-05
 135.82        117  2.138     0.4330E-02  0.000      0.000      0.000     0.4144E-02 0.1844E-03 0.1193E-05
 136.99        118  2.143     0.4413E-02  0.000      0.000      0.000     0.4280E-02 0.1320E-03 0.7659E-06
 138.16        119  2.148     0.4516E-02  0.000      0.000      0.000     0.4422E-02 0.9333E-04 0.4850E-06
 139.33        120  2.154     0.4636E-02  0.000      0.000      0.000     0.4570E-02 0.6514E-04 0.3029E-06
 140.50        121  2.159     0.4769E-02  0.000      0.000      0.000     0.4724E-02 0.4489E-04 0.1852E-06
 141.67        122  2.165     0.4916E-02  0.000      0.000      0.000     0.4885E-02 0.3055E-04 0.1128E-06
 142.84        123  2.171     0.5073E-02  0.000      0.000      0.000     0.5052E-02 0.2052E-04 0.6760E-07
 144.01        124  2.177     0.5241E-02  0.000      0.000      0.000     0.5228E-02 0.1361E-04 0.3989E-07
 145.19        125  2.183     0.5420E-02  0.000      0.000      0.000     0.5411E-02 0.8907E-05 0.2269E-07
 146.36        126  2.190     0.5608E-02  0.000      0.000      0.000     0.5603E-02 0.5754E-05 0.1203E-07
 147.53        127  2.197     0.5807E-02  0.000      0.000      0.000     0.5804E-02 0.3668E-05 0.6673E-08
 148.70        128  2.204     0.6017E-02  0.000      0.000      0.000     0.6015E-02 0.2309E-05 0.3365E-08
 149.87        129  2.211     0.6238E-02  0.000      0.000      0.000     0.6237E-02 0.1434E-05 0.1662E-08
 151.04        130  2.218     0.6471E-02  0.000      0.000      0.000     0.6470E-02 0.8765E-06 0.6757E-09
 152.21        131  2.226     0.6717E-02  0.000      0.000     0.7897E-10 0.6717E-02 0.5270E-06 0.1496E-09
 153.38        132  2.234     0.6977E-02  0.000      0.000     0.1402E-09 0.6977E-02 0.3125E-06 0.8437E-10
 154.55        133  2.243     0.7252E-02  0.000      0.000     0.2456E-09 0.7252E-02 0.1824E-06  0.000    
 155.72        134  2.252     0.7543E-02  0.000      0.000     0.6928E-09 0.7543E-02 0.1011E-06  0.000    
 156.89        135  2.261     0.7852E-02  0.000      0.000     0.1645E-08 0.7852E-02 0.5465E-07  0.000    
 158.06        136  2.270     0.8180E-02  0.000      0.000     0.3169E-08 0.8180E-02 0.2718E-07  0.000    
 159.23        137  2.280     0.8528E-02  0.000      0.000     0.5422E-08 0.8528E-02 0.1131E-07  0.000    
 160.40        138  2.291     0.8896E-02  0.000      0.000     0.1050E-07 0.8896E-02 0.3915E-08  0.000    
 161.57        139  2.302     0.9288E-02  0.000      0.000     0.1844E-07 0.9288E-02 0.7054E-10  0.000    
 162.74        140  2.313     0.9702E-02  0.000      0.000     0.3153E-07 0.9702E-02  0.000      0.000    
 163.91        141  2.325     0.1014E-01  0.000      0.000     0.5394E-07 0.1014E-01  0.000      0.000    
 165.09        142  2.337     0.1060E-01  0.000      0.000     0.8956E-07 0.1060E-01  0.000      0.000    
 166.26        143  2.350     0.1108E-01  0.000      0.000     0.1466E-06 0.1108E-01  0.000      0.000    
 167.43        144  2.363     0.1158E-01  0.000      0.000     0.2359E-06 0.1158E-01  0.000      0.000    
 168.60        145  2.378     0.1210E-01  0.000      0.000     0.3769E-06 0.1210E-01  0.000      0.000    
 169.77        146  2.392     0.1263E-01  0.000      0.000     0.5919E-06 0.1263E-01  0.000      0.000    
 170.94        147  2.408     0.1317E-01  0.000      0.000     0.9188E-06 0.1317E-01  0.000      0.000    
 172.11        148  2.424     0.1371E-01  0.000      0.000     0.1408E-05 0.1371E-01  0.000      0.000    
 173.28        149  2.440     0.1424E-01  0.000      0.000     0.2132E-05 0.1424E-01  0.000      0.000    
 174.45        150  2.458     0.1476E-01  0.000      0.000     0.3195E-05 0.1476E-01  0.000      0.000    
 175.62        151  2.475     0.1526E-01  0.000      0.000     0.4734E-05 0.1525E-01  0.000      0.000    
 176.79        152  2.494     0.1572E-01  0.000      0.000     0.6936E-05 0.1571E-01  0.000      0.000    
 177.96        153  2.512     0.1614E-01  0.000      0.000     0.1005E-04 0.1613E-01  0.000      0.000    
 179.13        154  2.532     0.1651E-01  0.000      0.000     0.1440E-04 0.1649E-01  0.000      0.000    
 180.30        155  2.551     0.1681E-01  0.000      0.000     0.2042E-04 0.1679E-01  0.000      0.000    
 181.47        156  2.571     0.1705E-01  0.000      0.000     0.2864E-04 0.1702E-01  0.000      0.000    
 182.64        157  2.591     0.1721E-01  0.000      0.000     0.3976E-04 0.1717E-01  0.000      0.000    
 183.81        158  2.612     0.1730E-01  0.000      0.000     0.5461E-04 0.1724E-01  0.000      0.000    
 184.98        159  2.632     0.1730E-01  0.000      0.000     0.7424E-04 0.1722E-01  0.000      0.000    
 186.16        160  2.652     0.1721E-01  0.000      0.000     0.9989E-04 0.1711E-01  0.000      0.000    
 187.33        161  2.672     0.1705E-01  0.000      0.000     0.1331E-03 0.1692E-01  0.000      0.000    
 188.50        162  2.691     0.1682E-01  0.000      0.000     0.1754E-03 0.1664E-01  0.000      0.000    
 189.67        163  2.711     0.1651E-01  0.000      0.000     0.2291E-03 0.1628E-01  0.000      0.000    
 190.84        164  2.729     0.1615E-01  0.000      0.000     0.2961E-03 0.1585E-01  0.000      0.000    
 192.01        165  2.748     0.1574E-01  0.000      0.000     0.3792E-03 0.1536E-01  0.000      0.000    
 193.18        166  2.766     0.1529E-01  0.000      0.000     0.4808E-03 0.1481E-01  0.000      0.000    
 194.35        167  2.783     0.1482E-01  0.000      0.000     0.6041E-03 0.1421E-01  0.000      0.000    
 195.52        168  2.800     0.1433E-01  0.000      0.000     0.7519E-03 0.1358E-01  0.000      0.000    
 196.69        169  2.816     0.1385E-01  0.000      0.000     0.9273E-03 0.1292E-01  0.000      0.000    
 197.86        170  2.831     0.1338E-01  0.000      0.000     0.1133E-02 0.1224E-01  0.000      0.000    
 199.03        171  2.846     0.1293E-01  0.000      0.000     0.1373E-02 0.1156E-01  0.000      0.000    
 200.20        172  2.861     0.1252E-01  0.000      0.000     0.1649E-02 0.1088E-01  0.000      0.000    
 201.37        173  2.875     0.1216E-01  0.000      0.000     0.1964E-02 0.1020E-01  0.000      0.000    
 202.54        174  2.889     0.1185E-01  0.000      0.000     0.2320E-02 0.9532E-02  0.000      0.000    
 203.71        175  2.903     0.1160E-01  0.000      0.000     0.2717E-02 0.8884E-02  0.000      0.000    
 204.88        176  2.916     0.1142E-01  0.000      0.000     0.3158E-02 0.8258E-02  0.000      0.000    
 206.06        177  2.929     0.1130E-01  0.000      0.000     0.3641E-02 0.7656E-02  0.000      0.000    
 207.23        178  2.942     0.1125E-01  0.000      0.000     0.4167E-02 0.7080E-02  0.000      0.000    
 208.40        179  2.955     0.1127E-01  0.000      0.000     0.4733E-02 0.6532E-02  0.000      0.000    
 209.57        180  2.969     0.1135E-01  0.000      0.000     0.5338E-02 0.6014E-02  0.000      0.000    
 210.74        181  2.982     0.1150E-01  0.000      0.000     0.5978E-02 0.5524E-02  0.000      0.000    
 211.91        182  2.996     0.1171E-01  0.000      0.000     0.6650E-02 0.5064E-02  0.000      0.000    
 213.08        183  3.010     0.1198E-01  0.000      0.000     0.7349E-02 0.4632E-02  0.000      0.000    
 214.25        184  3.024     0.1230E-01  0.000      0.000     0.8070E-02 0.4229E-02  0.000      0.000    
 215.42        185  3.039     0.1266E-01  0.000      0.000     0.8807E-02 0.3853E-02  0.000      0.000    
 216.59        186  3.054     0.1306E-01  0.000      0.000     0.9553E-02 0.3503E-02  0.000      0.000    
 217.76        187  3.070     0.1348E-01  0.000      0.000     0.1030E-01 0.3178E-02  0.000      0.000    
 218.93        188  3.086     0.1392E-01  0.000      0.000     0.1105E-01 0.2877E-02  0.000      0.000    
 220.10        189  3.103     0.1438E-01 0.3437E-09 0.3177E-08 0.1178E-01 0.2598E-02  0.000      0.000    
 221.27        190  3.120     0.1484E-01 0.3025E-08 0.3766E-07 0.1250E-01 0.2341E-02  0.000      0.000    
 222.44        191  3.138     0.1529E-01 0.9698E-08 0.9659E-07 0.1319E-01 0.2104E-02  0.000      0.000    
 223.61        192  3.156     0.1573E-01 0.2786E-07 0.1887E-06 0.1385E-01 0.1886E-02  0.000      0.000    
 224.78        193  3.175     0.1615E-01 0.5918E-07 0.3430E-06 0.1447E-01 0.1686E-02  0.000      0.000    
 225.95        194  3.194     0.1654E-01 0.1161E-06 0.6023E-06 0.1504E-01 0.1502E-02  0.000      0.000    
 227.13        195  3.214     0.1689E-01 0.2110E-06 0.1030E-05 0.1556E-01 0.1334E-02  0.000      0.000    
 228.30        196  3.234     0.1721E-01 0.3696E-06 0.1731E-05 0.1602E-01 0.1180E-02  0.000      0.000    
 229.47        197  3.255     0.1747E-01 0.6356E-06 0.2863E-05 0.1643E-01 0.1040E-02  0.000      0.000    
 230.64        198  3.275     0.1768E-01 0.1069E-05 0.4666E-05 0.1677E-01 0.9129E-03  0.000      0.000    
 231.81        199  3.296     0.1785E-01 0.1769E-05 0.7498E-05 0.1704E-01 0.7975E-03  0.000      0.000    
 232.98        200  3.317     0.1795E-01 0.2882E-05 0.1189E-04 0.1724E-01 0.6933E-03  0.000      0.000    
 234.15        201  3.338     0.1800E-01 0.4628E-05 0.1860E-04 0.1738E-01 0.5996E-03  0.000      0.000    
 235.32        202  3.359     0.1800E-01 0.7335E-05 0.2870E-04 0.1745E-01 0.5156E-03  0.000      0.000    
 236.49        203  3.380     0.1796E-01 0.1146E-04 0.4371E-04 0.1746E-01 0.4408E-03  0.000      0.000    
 237.66        204  3.401     0.1786E-01 0.1767E-04 0.6569E-04 0.1741E-01 0.3745E-03  0.000      0.000    
 238.83        205  3.421     0.1774E-01 0.2690E-04 0.9742E-04 0.1730E-01 0.3160E-03  0.000      0.000    
 240.00        206  3.442     0.1759E-01 0.4044E-04 0.1426E-03 0.1714E-01 0.2648E-03  0.000      0.000    
 241.17        207  3.462     0.1742E-01 0.6003E-04 0.2059E-03 0.1694E-01 0.2203E-03  0.000      0.000    
 242.34        208  3.482     0.1726E-01 0.8801E-04 0.2936E-03 0.1670E-01 0.1819E-03  0.000      0.000    
 243.51        209  3.502     0.1711E-01 0.1274E-03 0.4131E-03 0.1642E-01 0.1490E-03  0.000      0.000    
 244.68        210  3.522     0.1700E-01 0.1822E-03 0.5736E-03 0.1613E-01 0.1210E-03  0.000      0.000    
 245.85        211  3.542     0.1695E-01 0.2574E-03 0.7862E-03 0.1581E-01 0.9747E-04  0.000      0.000    
 247.02        212  3.562     0.1699E-01 0.3591E-03 0.1064E-02 0.1549E-01 0.7783E-04  0.000      0.000    
 248.20        213  3.582     0.1713E-01 0.4949E-03 0.1421E-02 0.1515E-01 0.6158E-04  0.000      0.000    
 249.37        214  3.602     0.1742E-01 0.6737E-03 0.1873E-02 0.1482E-01 0.4828E-04  0.000      0.000    
 250.54        215  3.623     0.1787E-01 0.9062E-03 0.2437E-02 0.1449E-01 0.3750E-04  0.000      0.000    
 251.71        216  3.645     0.1852E-01 0.1204E-02 0.3131E-02 0.1416E-01 0.2884E-04  0.000      0.000    
 252.88        217  3.667     0.1941E-01 0.1581E-02 0.3972E-02 0.1384E-01 0.2197E-04  0.000      0.000    
 254.05        218  3.691     0.2057E-01 0.2052E-02 0.4974E-02 0.1353E-01 0.1656E-04  0.000      0.000    
 255.22        219  3.717     0.2202E-01 0.2631E-02 0.6151E-02 0.1322E-01 0.1236E-04  0.000      0.000    
 256.39        220  3.745     0.2378E-01 0.3333E-02 0.7511E-02 0.1293E-01 0.9128E-05  0.000      0.000    
 257.56        221  3.775     0.2588E-01 0.4174E-02 0.9057E-02 0.1264E-01 0.6671E-05  0.000      0.000    
 258.73        222  3.808     0.2832E-01 0.5167E-02 0.1079E-01 0.1236E-01 0.4822E-05  0.000      0.000    
 259.90        223  3.844     0.3109E-01 0.6322E-02 0.1268E-01 0.1209E-01 0.3449E-05  0.000      0.000    
 261.07        224  3.884     0.3420E-01 0.7646E-02 0.1474E-01 0.1181E-01 0.2439E-05  0.000      0.000    
 262.24        225  3.928     0.3759E-01 0.9142E-02 0.1691E-01 0.1154E-01 0.1706E-05  0.000      0.000    
 263.41        226  3.976     0.4124E-01 0.1081E-01 0.1917E-01 0.1126E-01 0.1180E-05  0.000      0.000    
 264.58        227  4.029     0.4509E-01 0.1263E-01 0.2147E-01 0.1099E-01 0.8067E-06  0.000      0.000    
 265.75        228  4.086     0.4906E-01 0.1460E-01 0.2377E-01 0.1070E-01 0.5452E-06  0.000      0.000    
 266.92        229  4.148     0.5308E-01 0.1668E-01 0.2599E-01 0.1041E-01 0.3640E-06  0.000      0.000    
 268.10        230  4.214     0.5705E-01 0.1885E-01 0.2810E-01 0.1010E-01 0.2403E-06  0.000      0.000    
 269.27        231  4.285     0.6088E-01 0.2107E-01 0.3002E-01 0.9789E-02 0.1570E-06  0.000      0.000    
 270.44        232  4.361     0.6446E-01 0.2329E-01 0.3171E-01 0.9464E-02 0.1007E-06  0.000      0.000    
 271.61        233  4.440     0.6770E-01 0.2546E-01 0.3311E-01 0.9126E-02 0.6421E-07  0.000      0.000    
 272.78        234  4.522     0.7051E-01 0.2754E-01 0.3419E-01 0.8776E-02 0.4015E-07  0.000      0.000    
 273.95        235  4.607     0.7279E-01 0.2946E-01 0.3492E-01 0.8415E-02 0.2493E-07  0.000      0.000    
 275.12        236  4.694     0.7448E-01 0.3117E-01 0.3527E-01 0.8043E-02 0.1504E-07  0.000      0.000    
 276.29        237  4.782     0.7553E-01 0.3263E-01 0.3524E-01 0.7662E-02 0.9137E-08  0.000      0.000    
 277.46        238  4.870     0.7590E-01 0.3379E-01 0.3484E-01 0.7274E-02 0.5501E-08  0.000      0.000    
 278.63        239  4.959     0.7557E-01 0.3462E-01 0.3408E-01 0.6880E-02 0.2984E-08  0.000      0.000    
 279.80        240  5.046     0.7456E-01 0.3509E-01 0.3299E-01 0.6482E-02 0.1762E-08  0.000      0.000    
 280.97        241  5.131     0.7288E-01 0.3519E-01 0.3161E-01 0.6082E-02 0.8558E-09  0.000      0.000    
 282.14        242  5.213     0.7058E-01 0.3492E-01 0.2998E-01 0.5683E-02 0.4963E-09  0.000      0.000    
 283.31        243  5.292     0.6772E-01 0.3428E-01 0.2815E-01 0.5287E-02 0.2297E-09  0.000      0.000    
 284.48        244  5.367     0.6438E-01 0.3330E-01 0.2618E-01 0.4897E-02 0.1304E-09  0.000      0.000    
 285.65        245  5.438     0.6063E-01 0.3201E-01 0.2410E-01 0.4513E-02 0.2614E-10  0.000      0.000    
 286.82        246  5.504     0.5657E-01 0.3045E-01 0.2198E-01 0.4139E-02  0.000      0.000      0.000    
 287.99        247  5.565     0.5229E-01 0.2866E-01 0.1986E-01 0.3776E-02  0.000      0.000      0.000    
 289.17        248  5.621     0.4789E-01 0.2670E-01 0.1777E-01 0.3427E-02  0.000      0.000      0.000    
 290.34        249  5.671     0.4345E-01 0.2461E-01 0.1575E-01 0.3092E-02  0.000      0.000      0.000    
 291.51        250  5.717     0.3905E-01 0.2245E-01 0.1383E-01 0.2774E-02  0.000      0.000      0.000    
 292.68        251  5.757     0.3477E-01 0.2026E-01 0.1203E-01 0.2473E-02  0.000      0.000      0.000    
 293.85        252  5.793     0.3067E-01 0.1811E-01 0.1037E-01 0.2190E-02  0.000      0.000      0.000    
 295.02        253  5.824     0.2680E-01 0.1601E-01 0.8858E-02 0.1927E-02  0.000      0.000      0.000    
 296.19        254  5.852     0.2319E-01 0.1401E-01 0.7496E-02 0.1683E-02  0.000      0.000      0.000    
 297.36        255  5.875     0.1989E-01 0.1214E-01 0.6285E-02 0.1460E-02  0.000      0.000      0.000    
 298.53        256  5.894     0.1689E-01 0.1041E-01 0.5222E-02 0.1256E-02  0.000      0.000      0.000    
 299.70        257  5.911     0.1421E-01 0.8839E-02 0.4299E-02 0.1073E-02  0.000      0.000      0.000    
 300.87        258  5.925     0.1184E-01 0.7428E-02 0.3506E-02 0.9089E-03  0.000      0.000      0.000    
 302.04        259  5.936     0.9776E-02 0.6179E-02 0.2833E-02 0.7634E-03  0.000      0.000      0.000    
 303.21        260  5.946     0.7993E-02 0.5089E-02 0.2268E-02 0.6357E-03  0.000      0.000      0.000    
 304.38        261  5.953     0.6473E-02 0.4149E-02 0.1799E-02 0.5246E-03  0.000      0.000      0.000    
 305.55        262  5.959     0.5192E-02 0.3349E-02 0.1414E-02 0.4290E-03  0.000      0.000      0.000    
 306.72        263  5.964     0.4125E-02 0.2677E-02 0.1101E-02 0.3475E-03  0.000      0.000      0.000    
 307.89        264  5.968     0.3245E-02 0.2118E-02 0.8488E-03 0.2788E-03  0.000      0.000      0.000    
 309.07        265  5.971     0.2528E-02 0.1659E-02 0.6483E-03 0.2214E-03  0.000      0.000      0.000    
 310.24        266  5.973     0.1951E-02 0.1286E-02 0.4905E-03 0.1741E-03  0.000      0.000      0.000    
 311.41        267  5.975     0.1491E-02 0.9875E-03 0.3675E-03 0.1355E-03  0.000      0.000      0.000    
 312.58        268  5.976     0.1128E-02 0.7504E-03 0.2728E-03 0.1044E-03  0.000      0.000      0.000    
 313.75        269  5.977     0.8446E-03 0.5646E-03 0.2005E-03 0.7956E-04  0.000      0.000      0.000    
 314.92        270  5.978     0.6263E-03 0.4204E-03 0.1459E-03 0.5998E-04  0.000      0.000      0.000    
 316.09        271  5.978     0.4597E-03 0.3099E-03 0.1051E-03 0.4473E-04  0.000      0.000      0.000    
 317.26        272  5.979     0.3340E-03 0.2260E-03 0.7500E-04 0.3298E-04  0.000      0.000      0.000    
 318.43        273  5.979     0.2402E-03 0.1632E-03 0.5298E-04 0.2405E-04  0.000      0.000      0.000    
 319.60        274  5.979     0.1709E-03 0.1166E-03 0.3705E-04 0.1734E-04  0.000      0.000      0.000    
 320.77        275  5.979     0.1204E-03 0.8238E-04 0.2563E-04 0.1236E-04  0.000      0.000      0.000    
 321.94        276  5.979     0.8385E-04 0.5760E-04 0.1754E-04 0.8706E-05  0.000      0.000      0.000    
 323.11        277  5.979     0.5778E-04 0.3984E-04 0.1188E-04 0.6060E-05  0.000      0.000      0.000    
 324.28        278  5.980     0.3939E-04 0.2725E-04 0.7967E-05 0.4170E-05  0.000      0.000      0.000    
 325.45        279  5.980     0.2655E-04 0.1843E-04 0.5284E-05 0.2835E-05  0.000      0.000      0.000    
 326.62        280  5.980     0.1770E-04 0.1233E-04 0.3467E-05 0.1904E-05  0.000      0.000      0.000    
 327.79        281  5.980     0.1166E-04 0.8151E-05 0.2248E-05 0.1263E-05  0.000      0.000      0.000    
 328.96        282  5.980     0.7595E-05 0.5326E-05 0.1442E-05 0.8273E-06  0.000      0.000      0.000    
 330.14        283  5.980     0.4885E-05 0.3437E-05 0.9125E-06 0.5359E-06  0.000      0.000      0.000    
 331.31        284  5.980     0.3103E-05 0.2190E-05 0.5699E-06 0.3424E-06  0.000      0.000      0.000    
 332.48        285  5.980     0.1942E-05 0.1376E-05 0.3503E-06 0.2154E-06  0.000      0.000      0.000    
 333.65        286  5.980     0.1198E-05 0.8505E-06 0.2131E-06 0.1343E-06  0.000      0.000      0.000    
 334.82        287  5.980     0.7222E-06 0.5148E-06 0.1251E-06 0.8231E-07  0.000      0.000      0.000    
 335.99        288  5.980     0.4295E-06 0.3069E-06 0.7320E-07 0.4936E-07  0.000      0.000      0.000    
 337.16        289  5.980     0.2521E-06 0.1809E-06 0.4176E-07 0.2949E-07  0.000      0.000      0.000    
 338.33        290  5.980     0.1479E-06 0.1072E-06 0.2375E-07 0.1693E-07  0.000      0.000      0.000    
 339.50        291  5.980     0.8445E-07 0.6120E-07 0.1351E-07 0.9749E-08  0.000      0.000      0.000    
 340.67        292  5.980     0.4671E-07 0.3428E-07 0.7028E-08 0.5396E-08  0.000      0.000      0.000    
 341.84        293  5.980     0.2511E-07 0.1856E-07 0.3703E-08 0.2851E-08  0.000      0.000      0.000    
 343.01        294  5.980     0.1276E-07 0.9522E-08 0.1864E-08 0.1378E-08  0.000      0.000      0.000    
 344.18        295  5.980     0.5694E-08 0.4407E-08 0.7121E-09 0.5742E-09  0.000      0.000      0.000    
 345.35        296  5.980     0.2118E-08 0.1658E-08 0.2651E-09 0.1944E-09  0.000      0.000      0.000    
 346.52        297  5.980     0.1824E-09 0.1247E-09 0.5118E-10 0.6536E-11  0.000      0.000      0.000    
 347.69        298  5.980      0.000      0.000      0.000      0.000      0.000      0.000      0.000    
 348.86        299  5.980      0.000      0.000      0.000      0.000      0.000      0.000      0.000    
 350.04        300  5.980      0.000      0.000      0.000      0.000      0.000      0.000      0.000    
