 # i,    taui (ni),  alpha ;   j,    tauj  (nj),   beta  :   term  group   rij 
   1  [    1 ( 0, 0, 0) ] 1     1  [    1 ( 0, 0, 0) ] 1  :     1    1    0.000
   1  [    1 ( 0, 0, 0) ] 1    41  [    2 ( 0, 0, 0) ] 1  :     1    2    4.075
   1  [    1 ( 0, 0, 0) ] 1    59  [    2 (-1, 0, 0) ] 1  :     7    2    7.486
   1  [    1 ( 0, 0, 0) ] 1     9  [    2 ( 0,-1, 0) ] 1  :    19    2    4.778
   1  [    1 ( 0, 0, 0) ] 1    27  [    2 ( 0, 0,-1) ] 1  :    31    2    2.495
   1  [    1 ( 0, 0, 0) ] 1    41  [    2 ( 0, 0, 0) ] 2  :     1    3    4.075
   1  [    1 ( 0, 0, 0) ] 1    41  [    2 ( 0, 0, 0) ] 3  :     3    3    4.075
   1  [    1 ( 0, 0, 0) ] 1    59  [    2 (-1, 0, 0) ] 2  :    13    3    7.486
   1  [    1 ( 0, 0, 0) ] 1    59  [    2 (-1, 0, 0) ] 3  :    17    3    7.486
   1  [    1 ( 0, 0, 0) ] 1     9  [    2 ( 0,-1, 0) ] 2  :    37    3    4.778
   1  [    1 ( 0, 0, 0) ] 1     9  [    2 ( 0,-1, 0) ] 3  :    41    3    4.778
   1  [    1 ( 0, 0, 0) ] 1    27  [    2 ( 0, 0,-1) ] 2  :    61    3    2.495
   1  [    1 ( 0, 0, 0) ] 1    27  [    2 ( 0, 0,-1) ] 3  :    65    3    2.495
   1  [    1 ( 0, 0, 0) ] 1    52  [    1 (-1,-1, 0) ] 1  :     1    4    8.523
   1  [    1 ( 0, 0, 0) ] 1    54  [    1 ( 1, 1, 0) ] 1  :     4    4    6.280
   1  [    1 ( 0, 0, 0) ] 1    35  [    1 (-1, 0,-1) ] 1  :     9    4    5.763
   1  [    1 ( 0, 0, 0) ] 1    40  [    1 ( 1, 0, 1) ] 1  :    12    4    7.486
   1  [    1 ( 0, 0, 0) ] 1    56  [    1 (-2, 0, 1) ] 1  :    25    4    6.280
   1  [    1 ( 0, 0, 0) ] 1    50  [    1 ( 2, 0,-1) ] 1  :    28    4    7.486
   1  [    1 ( 0, 0, 0) ] 1    39  [    1 (-2, 1, 0) ] 1  :    33    4    5.763
   1  [    1 ( 0, 0, 0) ] 1    36  [    1 ( 2,-1, 0) ] 1  :    36    4    4.778
   1  [    1 ( 0, 0, 0) ] 1    54  [    1 (-1,-1, 2) ] 1  :    49    4    6.280
   1  [    1 ( 0, 0, 0) ] 1    52  [    1 ( 1, 1,-2) ] 1  :    52    4    8.523
   1  [    1 ( 0, 0, 0) ] 1    40  [    1 (-1, 2,-1) ] 1  :    65    4    7.486
   1  [    1 ( 0, 0, 0) ] 1    35  [    1 ( 1,-2, 1) ] 1  :    68    4    5.763
   1  [    1 ( 0, 0, 0) ] 1    50  [    1 ( 0,-2, 1) ] 1  :    81    4    7.486
   1  [    1 ( 0, 0, 0) ] 1    56  [    1 ( 0, 2,-1) ] 1  :    84    4    6.280
   1  [    1 ( 0, 0, 0) ] 1    39  [    1 ( 0,-1, 2) ] 1  :    89    4    5.763
   1  [    1 ( 0, 0, 0) ] 1    36  [    1 ( 0, 1,-2) ] 1  :    92    4    4.778
   1  [    1 ( 0, 0, 0) ] 1    52  [    1 (-1,-1, 0) ] 2  :     1    5    8.523
   1  [    1 ( 0, 0, 0) ] 1    54  [    1 ( 1, 1, 0) ] 2  :     8    5    6.280
   1  [    1 ( 0, 0, 0) ] 1    35  [    1 (-1, 0,-1) ] 3  :     9    5    5.763
   1  [    1 ( 0, 0, 0) ] 1    40  [    1 ( 1, 0, 1) ] 3  :    16    5    7.486
   1  [    1 ( 0, 0, 0) ] 1    56  [    1 (-2, 0, 1) ] 2  :    25    5    6.280
   1  [    1 ( 0, 0, 0) ] 1    50  [    1 ( 2, 0,-1) ] 2  :    32    5    7.486
   1  [    1 ( 0, 0, 0) ] 1    39  [    1 (-2, 1, 0) ] 3  :    33    5    5.763
   1  [    1 ( 0, 0, 0) ] 1    36  [    1 ( 2,-1, 0) ] 3  :    40    5    4.778
   1  [    1 ( 0, 0, 0) ] 1    54  [    1 (-1,-1, 2) ] 2  :    49    5    6.280
   1  [    1 ( 0, 0, 0) ] 1    52  [    1 ( 1, 1,-2) ] 2  :    56    5    8.523
   1  [    1 ( 0, 0, 0) ] 1    40  [    1 (-1, 2,-1) ] 3  :    65    5    7.486
   1  [    1 ( 0, 0, 0) ] 1    35  [    1 ( 1,-2, 1) ] 3  :    72    5    5.763
   1  [    1 ( 0, 0, 0) ] 1    50  [    1 ( 0,-2, 1) ] 2  :    81    5    7.486
   1  [    1 ( 0, 0, 0) ] 1    56  [    1 ( 0, 2,-1) ] 2  :    88    5    6.280
   1  [    1 ( 0, 0, 0) ] 1    39  [    1 ( 0,-1, 2) ] 3  :    89    5    5.763
   1  [    1 ( 0, 0, 0) ] 1    36  [    1 ( 0, 1,-2) ] 3  :    96    5    4.778
   1  [    1 ( 0, 0, 0) ] 1    54  [    1 ( 1, 1, 0) ] 3  :     4    6    6.280
   1  [    1 ( 0, 0, 0) ] 1    40  [    1 ( 1, 0, 1) ] 2  :    12    6    7.486
   1  [    1 ( 0, 0, 0) ] 1    23  [    1 ( 0,-1,-1) ] 2  :    17    6    2.495
   1  [    1 ( 0, 0, 0) ] 1    23  [    1 ( 0,-1,-1) ] 3  :    21    6    2.495
   1  [    1 ( 0, 0, 0) ] 1    56  [    1 (-2, 0, 1) ] 3  :    25    6    6.280
   1  [    1 ( 0, 0, 0) ] 1    39  [    1 (-2, 1, 0) ] 2  :    33    6    5.763
   1  [    1 ( 0, 0, 0) ] 1    22  [    1 ( 2,-1,-1) ] 2  :    44    6    4.075
   1  [    1 ( 0, 0, 0) ] 1    22  [    1 ( 2,-1,-1) ] 3  :    48    6    4.075
   1  [    1 ( 0, 0, 0) ] 1    52  [    1 ( 1, 1,-2) ] 3  :    52    6    8.523
   1  [    1 ( 0, 0, 0) ] 1    21  [    1 (-1, 0, 2) ] 2  :    57    6    4.778
   1  [    1 ( 0, 0, 0) ] 1    21  [    1 (-1, 0, 2) ] 3  :    61    6    4.778
   1  [    1 ( 0, 0, 0) ] 1    35  [    1 ( 1,-2, 1) ] 2  :    68    6    5.763
   1  [    1 ( 0, 0, 0) ] 1    24  [    1 (-1, 2, 0) ] 2  :    73    6    4.075
   1  [    1 ( 0, 0, 0) ] 1    24  [    1 (-1, 2, 0) ] 3  :    77    6    4.075
   1  [    1 ( 0, 0, 0) ] 1    50  [    1 ( 0,-2, 1) ] 3  :    81    6    7.486
   1  [    1 ( 0, 0, 0) ] 1    36  [    1 ( 0, 1,-2) ] 2  :    92    6    4.778
   1  [    1 ( 0, 0, 0) ] 1    52  [    1 (-1,-1, 0) ] 3  :     1    7    8.523
   1  [    1 ( 0, 0, 0) ] 1    35  [    1 (-1, 0,-1) ] 2  :     9    7    5.763
   1  [    1 ( 0, 0, 0) ] 1    22  [    1 ( 0, 1, 1) ] 2  :    20    7    4.075
   1  [    1 ( 0, 0, 0) ] 1    22  [    1 ( 0, 1, 1) ] 3  :    24    7    4.075
   1  [    1 ( 0, 0, 0) ] 1    50  [    1 ( 2, 0,-1) ] 3  :    28    7    7.486
   1  [    1 ( 0, 0, 0) ] 1    36  [    1 ( 2,-1, 0) ] 2  :    36    7    4.778
   1  [    1 ( 0, 0, 0) ] 1    23  [    1 (-2, 1, 1) ] 2  :    41    7    2.495
   1  [    1 ( 0, 0, 0) ] 1    23  [    1 (-2, 1, 1) ] 3  :    45    7    2.495
   1  [    1 ( 0, 0, 0) ] 1    54  [    1 (-1,-1, 2) ] 3  :    49    7    6.280
   1  [    1 ( 0, 0, 0) ] 1    24  [    1 ( 1, 0,-2) ] 2  :    60    7    4.075
   1  [    1 ( 0, 0, 0) ] 1    24  [    1 ( 1, 0,-2) ] 3  :    64    7    4.075
   1  [    1 ( 0, 0, 0) ] 1    40  [    1 (-1, 2,-1) ] 2  :    65    7    7.486
   1  [    1 ( 0, 0, 0) ] 1    21  [    1 ( 1,-2, 0) ] 2  :    76    7    4.778
   1  [    1 ( 0, 0, 0) ] 1    21  [    1 ( 1,-2, 0) ] 3  :    80    7    4.778
   1  [    1 ( 0, 0, 0) ] 1    56  [    1 ( 0, 2,-1) ] 3  :    84    7    6.280
   1  [    1 ( 0, 0, 0) ] 1    39  [    1 ( 0,-1, 2) ] 2  :    89    7    5.763
   1  [    1 ( 0, 0, 0) ] 1    23  [    1 ( 0,-1,-1) ] 1  :     9    8    2.495
   1  [    1 ( 0, 0, 0) ] 1    22  [    1 ( 0, 1, 1) ] 1  :    12    8    4.075
   1  [    1 ( 0, 0, 0) ] 1    23  [    1 (-2, 1, 1) ] 1  :    21    8    2.495
   1  [    1 ( 0, 0, 0) ] 1    22  [    1 ( 2,-1,-1) ] 1  :    24    8    4.075
   1  [    1 ( 0, 0, 0) ] 1    21  [    1 (-1, 0, 2) ] 1  :    29    8    4.778
   1  [    1 ( 0, 0, 0) ] 1    24  [    1 ( 1, 0,-2) ] 1  :    32    8    4.075
   1  [    1 ( 0, 0, 0) ] 1    24  [    1 (-1, 2, 0) ] 1  :    37    8    4.075
   1  [    1 ( 0, 0, 0) ] 1    21  [    1 ( 1,-2, 0) ] 1  :    40    8    4.778
   1  [    1 ( 0, 0, 0) ] 1    28  [    2 (-1,-1, 0) ] 1  :     1    9    4.075
   1  [    1 ( 0, 0, 0) ] 1    42  [    2 (-1,-1, 1) ] 1  :     9    9    4.778
   1  [    1 ( 0, 0, 0) ] 1    11  [    2 (-1, 0,-1) ] 1  :    17    9    2.495
   1  [    1 ( 0, 0, 0) ] 1    43  [    2 (-1, 1,-1) ] 1  :    33    9    4.075
   1  [    1 ( 0, 0, 0) ] 1    57  [    2 ( 0,-1, 1) ] 1  :    57    9    8.150
   1  [    1 ( 0, 0, 0) ] 1    60  [    2 ( 0, 1,-1) ] 1  :    65    9    7.058
   1  [    1 ( 0, 0, 0) ] 1    25  [    2 ( 1,-1, 0) ] 1  :    81    9    4.778
   1  [    1 ( 0, 0, 0) ] 1    10  [    2 ( 1, 0,-1) ] 1  :    89    9    4.075
   1  [    1 ( 0, 0, 0) ] 1    28  [    2 (-1,-1, 0) ] 2  :     1   10    4.075
   1  [    1 ( 0, 0, 0) ] 1    42  [    2 (-1,-1, 1) ] 2  :     9   10    4.778
   1  [    1 ( 0, 0, 0) ] 1    11  [    2 (-1, 0,-1) ] 3  :    17   10    2.495
   1  [    1 ( 0, 0, 0) ] 1    43  [    2 (-1, 1,-1) ] 3  :    33   10    4.075
   1  [    1 ( 0, 0, 0) ] 1    57  [    2 ( 0,-1, 1) ] 3  :    57   10    8.150
   1  [    1 ( 0, 0, 0) ] 1    60  [    2 ( 0, 1,-1) ] 2  :    65   10    7.058
   1  [    1 ( 0, 0, 0) ] 1    25  [    2 ( 1,-1, 0) ] 3  :    81   10    4.778
   1  [    1 ( 0, 0, 0) ] 1    10  [    2 ( 1, 0,-1) ] 2  :    89   10    4.075
   1  [    1 ( 0, 0, 0) ] 1    28  [    2 (-1,-1, 0) ] 3  :     1   11    4.075
   1  [    1 ( 0, 0, 0) ] 1    42  [    2 (-1,-1, 1) ] 3  :    17   11    4.778
   1  [    1 ( 0, 0, 0) ] 1    11  [    2 (-1, 0,-1) ] 2  :    33   11    2.495
   1  [    1 ( 0, 0, 0) ] 1    13  [    2 (-1, 0, 1) ] 2  :    49   11    4.778
   1  [    1 ( 0, 0, 0) ] 1    13  [    2 (-1, 0, 1) ] 3  :    53   11    4.778
   1  [    1 ( 0, 0, 0) ] 1    43  [    2 (-1, 1,-1) ] 2  :    65   11    4.075
   1  [    1 ( 0, 0, 0) ] 1    31  [    2 (-1, 1, 0) ] 2  :    81   11    4.778
   1  [    1 ( 0, 0, 0) ] 1    31  [    2 (-1, 1, 0) ] 3  :    85   11    4.778
   1  [    1 ( 0, 0, 0) ] 1    63  [    2 ( 0,-1,-1) ] 2  :    97   11    7.486
   1  [    1 ( 0, 0, 0) ] 1    63  [    2 ( 0,-1,-1) ] 3  :   101   11    7.486
   1  [    1 ( 0, 0, 0) ] 1    57  [    2 ( 0,-1, 1) ] 2  :   113   11    8.150
   1  [    1 ( 0, 0, 0) ] 1    60  [    2 ( 0, 1,-1) ] 3  :   129   11    7.058
   1  [    1 ( 0, 0, 0) ] 1    45  [    2 ( 1,-1,-1) ] 2  :   145   11    7.058
   1  [    1 ( 0, 0, 0) ] 1    45  [    2 ( 1,-1,-1) ] 3  :   149   11    7.058
   1  [    1 ( 0, 0, 0) ] 1    25  [    2 ( 1,-1, 0) ] 2  :   161   11    4.778
   1  [    1 ( 0, 0, 0) ] 1    10  [    2 ( 1, 0,-1) ] 3  :   177   11    4.075
   1  [    1 ( 0, 0, 0) ] 1    13  [    2 (-1, 0, 1) ] 1  :    13   12    4.778
   1  [    1 ( 0, 0, 0) ] 1    31  [    2 (-1, 1, 0) ] 1  :    21   12    4.778
   1  [    1 ( 0, 0, 0) ] 1    63  [    2 ( 0,-1,-1) ] 1  :    25   12    7.486
   1  [    1 ( 0, 0, 0) ] 1    45  [    2 ( 1,-1,-1) ] 1  :    37   12    7.058
   1  [    1 ( 0, 0, 0) ] 1     2  [    1 (-1,-1, 1) ] 1  :     1   13    2.495
   1  [    1 ( 0, 0, 0) ] 1     2  [    1 ( 1, 1,-1) ] 1  :     4   13    2.495
   1  [    1 ( 0, 0, 0) ] 1     3  [    1 (-1, 1,-1) ] 1  :     9   13    7.486
   1  [    1 ( 0, 0, 0) ] 1     3  [    1 ( 1,-1, 1) ] 1  :    12   13    7.486
   1  [    1 ( 0, 0, 0) ] 1     5  [    1 (-1, 1, 1) ] 1  :     9   14    4.778
   1  [    1 ( 0, 0, 0) ] 1     5  [    1 ( 1,-1,-1) ] 1  :    12   14    4.778
   1  [    1 ( 0, 0, 0) ] 1    19  [    1 (-1, 0, 0) ] 1  :     1   15    7.486
   1  [    1 ( 0, 0, 0) ] 1    18  [    1 ( 1, 0, 0) ] 1  :     4   15    5.763
   1  [    1 ( 0, 0, 0) ] 1    17  [    1 ( 0,-1, 1) ] 1  :    17   15    4.778
   1  [    1 ( 0, 0, 0) ] 1    20  [    1 ( 0, 1,-1) ] 1  :    20   15    7.058
   1  [    1 ( 0, 0, 0) ] 1    19  [    1 (-1, 0, 0) ] 2  :     1   16    7.486
   1  [    1 ( 0, 0, 0) ] 1    19  [    1 (-1, 0, 0) ] 3  :     5   16    7.486
   1  [    1 ( 0, 0, 0) ] 1    18  [    1 ( 1, 0, 0) ] 2  :    12   16    5.763
   1  [    1 ( 0, 0, 0) ] 1    18  [    1 ( 1, 0, 0) ] 3  :    16   16    5.763
   1  [    1 ( 0, 0, 0) ] 1    37  [    1 (-1, 0, 1) ] 2  :    17   16    4.075
   1  [    1 ( 0, 0, 0) ] 1    34  [    1 ( 1, 0,-1) ] 2  :    24   16    7.058
   1  [    1 ( 0, 0, 0) ] 1    55  [    1 (-1, 1, 0) ] 3  :    33   16    7.058
   1  [    1 ( 0, 0, 0) ] 1    49  [    1 ( 1,-1, 0) ] 3  :    44   16    8.523
   1  [    1 ( 0, 0, 0) ] 1    33  [    1 ( 0,-1, 0) ] 2  :    49   16    6.280
   1  [    1 ( 0, 0, 0) ] 1    38  [    1 ( 0, 1, 0) ] 2  :    56   16    4.778
   1  [    1 ( 0, 0, 0) ] 1    17  [    1 ( 0,-1, 1) ] 2  :    65   16    4.778
   1  [    1 ( 0, 0, 0) ] 1    17  [    1 ( 0,-1, 1) ] 3  :    69   16    4.778
   1  [    1 ( 0, 0, 0) ] 1    20  [    1 ( 0, 1,-1) ] 2  :    76   16    7.058
   1  [    1 ( 0, 0, 0) ] 1    20  [    1 ( 0, 1,-1) ] 3  :    80   16    7.058
   1  [    1 ( 0, 0, 0) ] 1    51  [    1 ( 0, 0,-1) ] 3  :    81   16    8.523
   1  [    1 ( 0, 0, 0) ] 1    53  [    1 ( 0, 0, 1) ] 3  :    92   16    8.150
   1  [    1 ( 0, 0, 0) ] 1    37  [    1 (-1, 0, 1) ] 1  :     9   17    4.075
   1  [    1 ( 0, 0, 0) ] 1    34  [    1 ( 1, 0,-1) ] 1  :    12   17    7.058
   1  [    1 ( 0, 0, 0) ] 1    55  [    1 (-1, 1, 0) ] 1  :    17   17    7.058
   1  [    1 ( 0, 0, 0) ] 1    49  [    1 ( 1,-1, 0) ] 1  :    20   17    8.523
   1  [    1 ( 0, 0, 0) ] 1    33  [    1 ( 0,-1, 0) ] 1  :    25   17    6.280
   1  [    1 ( 0, 0, 0) ] 1    38  [    1 ( 0, 1, 0) ] 1  :    28   17    4.778
   1  [    1 ( 0, 0, 0) ] 1    51  [    1 ( 0, 0,-1) ] 1  :    41   17    8.523
   1  [    1 ( 0, 0, 0) ] 1    53  [    1 ( 0, 0, 1) ] 1  :    44   17    8.150
   1  [    1 ( 0, 0, 0) ] 1    37  [    1 (-1, 0, 1) ] 3  :     9   18    4.075
   1  [    1 ( 0, 0, 0) ] 1    34  [    1 ( 1, 0,-1) ] 3  :    16   18    7.058
   1  [    1 ( 0, 0, 0) ] 1    55  [    1 (-1, 1, 0) ] 2  :    17   18    7.058
   1  [    1 ( 0, 0, 0) ] 1    49  [    1 ( 1,-1, 0) ] 2  :    24   18    8.523
   1  [    1 ( 0, 0, 0) ] 1    33  [    1 ( 0,-1, 0) ] 3  :    25   18    6.280
   1  [    1 ( 0, 0, 0) ] 1    38  [    1 ( 0, 1, 0) ] 3  :    32   18    4.778
   1  [    1 ( 0, 0, 0) ] 1    51  [    1 ( 0, 0,-1) ] 2  :    41   18    8.523
   1  [    1 ( 0, 0, 0) ] 1    53  [    1 ( 0, 0, 1) ] 2  :    48   18    8.150
   1  [    1 ( 0, 0, 0) ] 1    29  [    2 ( 0, 0, 1) ] 1  :     1   19    6.280
   1  [    1 ( 0, 0, 0) ] 1    14  [    2 ( 0, 1, 0) ] 1  :     9   19    5.763
   1  [    1 ( 0, 0, 0) ] 1    32  [    2 (-2, 0, 1) ] 1  :    33   19    4.075
   1  [    1 ( 0, 0, 0) ] 1    15  [    2 (-2, 1, 0) ] 1  :    41   19    4.778
   1  [    1 ( 0, 0, 0) ] 1    46  [    2 ( 0,-2, 0) ] 1  :    49   19    5.763
   1  [    1 ( 0, 0, 0) ] 1    47  [    2 ( 0, 0,-2) ] 1  :    65   19    7.486
   1  [    1 ( 0, 0, 0) ] 1    61  [    2 ( 1,-2, 0) ] 1  :    81   19    6.280
   1  [    1 ( 0, 0, 0) ] 1    64  [    2 ( 1, 0,-2) ] 1  :    89   19    8.523
   1  [    1 ( 0, 0, 0) ] 1    29  [    2 ( 0, 0, 1) ] 2  :     1   20    6.280
   1  [    1 ( 0, 0, 0) ] 1    14  [    2 ( 0, 1, 0) ] 3  :     9   20    5.763
   1  [    1 ( 0, 0, 0) ] 1    32  [    2 (-2, 0, 1) ] 3  :    33   20    4.075
   1  [    1 ( 0, 0, 0) ] 1    15  [    2 (-2, 1, 0) ] 2  :    41   20    4.778
   1  [    1 ( 0, 0, 0) ] 1    46  [    2 ( 0,-2, 0) ] 3  :    49   20    5.763
   1  [    1 ( 0, 0, 0) ] 1    47  [    2 ( 0, 0,-2) ] 2  :    65   20    7.486
   1  [    1 ( 0, 0, 0) ] 1    61  [    2 ( 1,-2, 0) ] 2  :    81   20    6.280
   1  [    1 ( 0, 0, 0) ] 1    64  [    2 ( 1, 0,-2) ] 3  :    89   20    8.523
   1  [    1 ( 0, 0, 0) ] 1    29  [    2 ( 0, 0, 1) ] 3  :     1   21    6.280
   1  [    1 ( 0, 0, 0) ] 1    14  [    2 ( 0, 1, 0) ] 2  :    17   21    5.763
   1  [    1 ( 0, 0, 0) ] 1    58  [    2 ( 1, 0, 0) ] 2  :    33   21    8.523
   1  [    1 ( 0, 0, 0) ] 1    58  [    2 ( 1, 0, 0) ] 3  :    37   21    8.523
   1  [    1 ( 0, 0, 0) ] 1    44  [    2 (-2, 0, 0) ] 2  :    49   21    6.280
   1  [    1 ( 0, 0, 0) ] 1    44  [    2 (-2, 0, 0) ] 3  :    53   21    6.280
   1  [    1 ( 0, 0, 0) ] 1    32  [    2 (-2, 0, 1) ] 2  :    65   21    4.075
   1  [    1 ( 0, 0, 0) ] 1    15  [    2 (-2, 1, 0) ] 3  :    81   21    4.778
   1  [    1 ( 0, 0, 0) ] 1    46  [    2 ( 0,-2, 0) ] 2  :    97   21    5.763
   1  [    1 ( 0, 0, 0) ] 1    26  [    2 ( 0,-2, 1) ] 2  :   113   21    4.075
   1  [    1 ( 0, 0, 0) ] 1    26  [    2 ( 0,-2, 1) ] 3  :   117   21    4.075
   1  [    1 ( 0, 0, 0) ] 1    47  [    2 ( 0, 0,-2) ] 3  :   129   21    7.486
   1  [    1 ( 0, 0, 0) ] 1    12  [    2 ( 0, 1,-2) ] 2  :   145   21    4.075
   1  [    1 ( 0, 0, 0) ] 1    12  [    2 ( 0, 1,-2) ] 3  :   149   21    4.075
   1  [    1 ( 0, 0, 0) ] 1    61  [    2 ( 1,-2, 0) ] 3  :   161   21    6.280
   1  [    1 ( 0, 0, 0) ] 1    64  [    2 ( 1, 0,-2) ] 2  :   177   21    8.523
   1  [    1 ( 0, 0, 0) ] 1    58  [    2 ( 1, 0, 0) ] 1  :     9   22    8.523
   1  [    1 ( 0, 0, 0) ] 1    44  [    2 (-2, 0, 0) ] 1  :    13   22    6.280
   1  [    1 ( 0, 0, 0) ] 1    26  [    2 ( 0,-2, 1) ] 1  :    29   22    4.075
   1  [    1 ( 0, 0, 0) ] 1    12  [    2 ( 0, 1,-2) ] 1  :    37   22    4.075
   1  [    1 ( 0, 0, 0) ] 2     1  [    1 ( 0, 0, 0) ] 2  :     2    1    0.000
   1  [    1 ( 0, 0, 0) ] 2    41  [    2 ( 0, 0, 0) ] 2  :     3    2    4.075
   1  [    1 ( 0, 0, 0) ] 2    59  [    2 (-1, 0, 0) ] 2  :    11    2    7.486
   1  [    1 ( 0, 0, 0) ] 2     9  [    2 ( 0,-1, 0) ] 2  :    23    2    4.778
   1  [    1 ( 0, 0, 0) ] 2    27  [    2 ( 0, 0,-1) ] 2  :    35    2    2.495
   1  [    1 ( 0, 0, 0) ] 2    41  [    2 ( 0, 0, 0) ] 1  :     5    3    4.075
   1  [    1 ( 0, 0, 0) ] 2    41  [    2 ( 0, 0, 0) ] 3  :     7    3    4.075
   1  [    1 ( 0, 0, 0) ] 2    59  [    2 (-1, 0, 0) ] 1  :    21    3    7.486
   1  [    1 ( 0, 0, 0) ] 2    59  [    2 (-1, 0, 0) ] 3  :    25    3    7.486
   1  [    1 ( 0, 0, 0) ] 2     9  [    2 ( 0,-1, 0) ] 1  :    45    3    4.778
   1  [    1 ( 0, 0, 0) ] 2     9  [    2 ( 0,-1, 0) ] 3  :    49    3    4.778
   1  [    1 ( 0, 0, 0) ] 2    27  [    2 ( 0, 0,-1) ] 1  :    69    3    2.495
   1  [    1 ( 0, 0, 0) ] 2    27  [    2 ( 0, 0,-1) ] 3  :    73    3    2.495
   1  [    1 ( 0, 0, 0) ] 2    52  [    1 (-1,-1, 0) ] 2  :     5    4    8.523
   1  [    1 ( 0, 0, 0) ] 2    54  [    1 ( 1, 1, 0) ] 2  :     8    4    6.280
   1  [    1 ( 0, 0, 0) ] 2    23  [    1 ( 0,-1,-1) ] 2  :    17    4    2.495
   1  [    1 ( 0, 0, 0) ] 2    22  [    1 ( 0, 1, 1) ] 2  :    20    4    4.075
   1  [    1 ( 0, 0, 0) ] 2    56  [    1 (-2, 0, 1) ] 2  :    29    4    6.280
   1  [    1 ( 0, 0, 0) ] 2    50  [    1 ( 2, 0,-1) ] 2  :    32    4    7.486
   1  [    1 ( 0, 0, 0) ] 2    23  [    1 (-2, 1, 1) ] 2  :    41    4    2.495
   1  [    1 ( 0, 0, 0) ] 2    22  [    1 ( 2,-1,-1) ] 2  :    44    4    4.075
   1  [    1 ( 0, 0, 0) ] 2    54  [    1 (-1,-1, 2) ] 2  :    53    4    6.280
   1  [    1 ( 0, 0, 0) ] 2    52  [    1 ( 1, 1,-2) ] 2  :    56    4    8.523
   1  [    1 ( 0, 0, 0) ] 2    21  [    1 (-1, 0, 2) ] 2  :    57    4    4.778
   1  [    1 ( 0, 0, 0) ] 2    24  [    1 ( 1, 0,-2) ] 2  :    60    4    4.075
   1  [    1 ( 0, 0, 0) ] 2    24  [    1 (-1, 2, 0) ] 2  :    73    4    4.075
   1  [    1 ( 0, 0, 0) ] 2    21  [    1 ( 1,-2, 0) ] 2  :    76    4    4.778
   1  [    1 ( 0, 0, 0) ] 2    50  [    1 ( 0,-2, 1) ] 2  :    85    4    7.486
   1  [    1 ( 0, 0, 0) ] 2    56  [    1 ( 0, 2,-1) ] 2  :    88    4    6.280
   1  [    1 ( 0, 0, 0) ] 2    54  [    1 ( 1, 1, 0) ] 1  :     4    5    6.280
   1  [    1 ( 0, 0, 0) ] 2    52  [    1 (-1,-1, 0) ] 1  :     5    5    8.523
   1  [    1 ( 0, 0, 0) ] 2    23  [    1 ( 0,-1,-1) ] 3  :    17    5    2.495
   1  [    1 ( 0, 0, 0) ] 2    22  [    1 ( 0, 1, 1) ] 3  :    24    5    4.075
   1  [    1 ( 0, 0, 0) ] 2    50  [    1 ( 2, 0,-1) ] 1  :    28    5    7.486
   1  [    1 ( 0, 0, 0) ] 2    56  [    1 (-2, 0, 1) ] 1  :    29    5    6.280
   1  [    1 ( 0, 0, 0) ] 2    23  [    1 (-2, 1, 1) ] 3  :    41    5    2.495
   1  [    1 ( 0, 0, 0) ] 2    22  [    1 ( 2,-1,-1) ] 3  :    48    5    4.075
   1  [    1 ( 0, 0, 0) ] 2    52  [    1 ( 1, 1,-2) ] 1  :    52    5    8.523
   1  [    1 ( 0, 0, 0) ] 2    54  [    1 (-1,-1, 2) ] 1  :    53    5    6.280
   1  [    1 ( 0, 0, 0) ] 2    21  [    1 (-1, 0, 2) ] 3  :    57    5    4.778
   1  [    1 ( 0, 0, 0) ] 2    24  [    1 ( 1, 0,-2) ] 3  :    64    5    4.075
   1  [    1 ( 0, 0, 0) ] 2    24  [    1 (-1, 2, 0) ] 3  :    73    5    4.075
   1  [    1 ( 0, 0, 0) ] 2    21  [    1 ( 1,-2, 0) ] 3  :    80    5    4.778
   1  [    1 ( 0, 0, 0) ] 2    56  [    1 ( 0, 2,-1) ] 1  :    84    5    6.280
   1  [    1 ( 0, 0, 0) ] 2    50  [    1 ( 0,-2, 1) ] 1  :    85    5    7.486
   1  [    1 ( 0, 0, 0) ] 2    54  [    1 ( 1, 1, 0) ] 3  :     8    6    6.280
   1  [    1 ( 0, 0, 0) ] 2    35  [    1 (-1, 0,-1) ] 1  :     9    6    5.763
   1  [    1 ( 0, 0, 0) ] 2    35  [    1 (-1, 0,-1) ] 3  :    13    6    5.763
   1  [    1 ( 0, 0, 0) ] 2    22  [    1 ( 0, 1, 1) ] 1  :    20    6    4.075
   1  [    1 ( 0, 0, 0) ] 2    56  [    1 (-2, 0, 1) ] 3  :    29    6    6.280
   1  [    1 ( 0, 0, 0) ] 2    36  [    1 ( 2,-1, 0) ] 1  :    36    6    4.778
   1  [    1 ( 0, 0, 0) ] 2    36  [    1 ( 2,-1, 0) ] 3  :    40    6    4.778
   1  [    1 ( 0, 0, 0) ] 2    23  [    1 (-2, 1, 1) ] 1  :    41    6    2.495
   1  [    1 ( 0, 0, 0) ] 2    52  [    1 ( 1, 1,-2) ] 3  :    56    6    8.523
   1  [    1 ( 0, 0, 0) ] 2    24  [    1 ( 1, 0,-2) ] 1  :    60    6    4.075
   1  [    1 ( 0, 0, 0) ] 2    40  [    1 (-1, 2,-1) ] 1  :    65    6    7.486
   1  [    1 ( 0, 0, 0) ] 2    40  [    1 (-1, 2,-1) ] 3  :    69    6    7.486
   1  [    1 ( 0, 0, 0) ] 2    21  [    1 ( 1,-2, 0) ] 1  :    76    6    4.778
   1  [    1 ( 0, 0, 0) ] 2    50  [    1 ( 0,-2, 1) ] 3  :    85    6    7.486
   1  [    1 ( 0, 0, 0) ] 2    39  [    1 ( 0,-1, 2) ] 1  :    89    6    5.763
   1  [    1 ( 0, 0, 0) ] 2    39  [    1 ( 0,-1, 2) ] 3  :    93    6    5.763
   1  [    1 ( 0, 0, 0) ] 2    52  [    1 (-1,-1, 0) ] 3  :     5    7    8.523
   1  [    1 ( 0, 0, 0) ] 2    40  [    1 ( 1, 0, 1) ] 1  :    12    7    7.486
   1  [    1 ( 0, 0, 0) ] 2    40  [    1 ( 1, 0, 1) ] 3  :    16    7    7.486
   1  [    1 ( 0, 0, 0) ] 2    23  [    1 ( 0,-1,-1) ] 1  :    17    7    2.495
   1  [    1 ( 0, 0, 0) ] 2    50  [    1 ( 2, 0,-1) ] 3  :    32    7    7.486
   1  [    1 ( 0, 0, 0) ] 2    39  [    1 (-2, 1, 0) ] 1  :    33    7    5.763
   1  [    1 ( 0, 0, 0) ] 2    39  [    1 (-2, 1, 0) ] 3  :    37    7    5.763
   1  [    1 ( 0, 0, 0) ] 2    22  [    1 ( 2,-1,-1) ] 1  :    44    7    4.075
   1  [    1 ( 0, 0, 0) ] 2    54  [    1 (-1,-1, 2) ] 3  :    53    7    6.280
   1  [    1 ( 0, 0, 0) ] 2    21  [    1 (-1, 0, 2) ] 1  :    57    7    4.778
   1  [    1 ( 0, 0, 0) ] 2    35  [    1 ( 1,-2, 1) ] 1  :    68    7    5.763
   1  [    1 ( 0, 0, 0) ] 2    35  [    1 ( 1,-2, 1) ] 3  :    72    7    5.763
   1  [    1 ( 0, 0, 0) ] 2    24  [    1 (-1, 2, 0) ] 1  :    73    7    4.075
   1  [    1 ( 0, 0, 0) ] 2    56  [    1 ( 0, 2,-1) ] 3  :    88    7    6.280
   1  [    1 ( 0, 0, 0) ] 2    36  [    1 ( 0, 1,-2) ] 1  :    92    7    4.778
   1  [    1 ( 0, 0, 0) ] 2    36  [    1 ( 0, 1,-2) ] 3  :    96    7    4.778
   1  [    1 ( 0, 0, 0) ] 2    35  [    1 (-1, 0,-1) ] 2  :     5    8    5.763
   1  [    1 ( 0, 0, 0) ] 2    40  [    1 ( 1, 0, 1) ] 2  :     8    8    7.486
   1  [    1 ( 0, 0, 0) ] 2    39  [    1 (-2, 1, 0) ] 2  :    17    8    5.763
   1  [    1 ( 0, 0, 0) ] 2    36  [    1 ( 2,-1, 0) ] 2  :    20    8    4.778
   1  [    1 ( 0, 0, 0) ] 2    40  [    1 (-1, 2,-1) ] 2  :    33    8    7.486
   1  [    1 ( 0, 0, 0) ] 2    35  [    1 ( 1,-2, 1) ] 2  :    36    8    5.763
   1  [    1 ( 0, 0, 0) ] 2    39  [    1 ( 0,-1, 2) ] 2  :    45    8    5.763
   1  [    1 ( 0, 0, 0) ] 2    36  [    1 ( 0, 1,-2) ] 2  :    48    8    4.778
   1  [    1 ( 0, 0, 0) ] 2    28  [    2 (-1,-1, 0) ] 2  :     5    9    4.075
   1  [    1 ( 0, 0, 0) ] 2    42  [    2 (-1,-1, 1) ] 2  :    13    9    4.778
   1  [    1 ( 0, 0, 0) ] 2    13  [    2 (-1, 0, 1) ] 2  :    25    9    4.778
   1  [    1 ( 0, 0, 0) ] 2    31  [    2 (-1, 1, 0) ] 2  :    41    9    4.778
   1  [    1 ( 0, 0, 0) ] 2    63  [    2 ( 0,-1,-1) ] 2  :    49    9    7.486
   1  [    1 ( 0, 0, 0) ] 2    60  [    2 ( 0, 1,-1) ] 2  :    69    9    7.058
   1  [    1 ( 0, 0, 0) ] 2    45  [    2 ( 1,-1,-1) ] 2  :    73    9    7.058
   1  [    1 ( 0, 0, 0) ] 2    10  [    2 ( 1, 0,-1) ] 2  :    93    9    4.075
   1  [    1 ( 0, 0, 0) ] 2    28  [    2 (-1,-1, 0) ] 1  :     5   10    4.075
   1  [    1 ( 0, 0, 0) ] 2    42  [    2 (-1,-1, 1) ] 1  :    13   10    4.778
   1  [    1 ( 0, 0, 0) ] 2    13  [    2 (-1, 0, 1) ] 3  :    25   10    4.778
   1  [    1 ( 0, 0, 0) ] 2    31  [    2 (-1, 1, 0) ] 3  :    41   10    4.778
   1  [    1 ( 0, 0, 0) ] 2    63  [    2 ( 0,-1,-1) ] 3  :    49   10    7.486
   1  [    1 ( 0, 0, 0) ] 2    60  [    2 ( 0, 1,-1) ] 1  :    69   10    7.058
   1  [    1 ( 0, 0, 0) ] 2    45  [    2 ( 1,-1,-1) ] 3  :    73   10    7.058
   1  [    1 ( 0, 0, 0) ] 2    10  [    2 ( 1, 0,-1) ] 1  :    93   10    4.075
   1  [    1 ( 0, 0, 0) ] 2    28  [    2 (-1,-1, 0) ] 3  :     5   11    4.075
   1  [    1 ( 0, 0, 0) ] 2    42  [    2 (-1,-1, 1) ] 3  :    21   11    4.778
   1  [    1 ( 0, 0, 0) ] 2    11  [    2 (-1, 0,-1) ] 1  :    37   11    2.495
   1  [    1 ( 0, 0, 0) ] 2    11  [    2 (-1, 0,-1) ] 3  :    41   11    2.495
   1  [    1 ( 0, 0, 0) ] 2    13  [    2 (-1, 0, 1) ] 1  :    57   11    4.778
   1  [    1 ( 0, 0, 0) ] 2    43  [    2 (-1, 1,-1) ] 1  :    69   11    4.075
   1  [    1 ( 0, 0, 0) ] 2    43  [    2 (-1, 1,-1) ] 3  :    73   11    4.075
   1  [    1 ( 0, 0, 0) ] 2    31  [    2 (-1, 1, 0) ] 1  :    89   11    4.778
   1  [    1 ( 0, 0, 0) ] 2    63  [    2 ( 0,-1,-1) ] 1  :   105   11    7.486
   1  [    1 ( 0, 0, 0) ] 2    57  [    2 ( 0,-1, 1) ] 1  :   117   11    8.150
   1  [    1 ( 0, 0, 0) ] 2    57  [    2 ( 0,-1, 1) ] 3  :   121   11    8.150
   1  [    1 ( 0, 0, 0) ] 2    60  [    2 ( 0, 1,-1) ] 3  :   133   11    7.058
   1  [    1 ( 0, 0, 0) ] 2    45  [    2 ( 1,-1,-1) ] 1  :   153   11    7.058
   1  [    1 ( 0, 0, 0) ] 2    25  [    2 ( 1,-1, 0) ] 1  :   165   11    4.778
   1  [    1 ( 0, 0, 0) ] 2    25  [    2 ( 1,-1, 0) ] 3  :   169   11    4.778
   1  [    1 ( 0, 0, 0) ] 2    10  [    2 ( 1, 0,-1) ] 3  :   181   11    4.075
   1  [    1 ( 0, 0, 0) ] 2    11  [    2 (-1, 0,-1) ] 2  :     9   12    2.495
   1  [    1 ( 0, 0, 0) ] 2    43  [    2 (-1, 1,-1) ] 2  :    17   12    4.075
   1  [    1 ( 0, 0, 0) ] 2    57  [    2 ( 0,-1, 1) ] 2  :    29   12    8.150
   1  [    1 ( 0, 0, 0) ] 2    25  [    2 ( 1,-1, 0) ] 2  :    41   12    4.778
   1  [    1 ( 0, 0, 0) ] 2     2  [    1 (-1,-1, 1) ] 2  :     5   13    2.495
   1  [    1 ( 0, 0, 0) ] 2     2  [    1 ( 1, 1,-1) ] 2  :     8   13    2.495
   1  [    1 ( 0, 0, 0) ] 2     5  [    1 (-1, 1, 1) ] 2  :    17   13    4.778
   1  [    1 ( 0, 0, 0) ] 2     5  [    1 ( 1,-1,-1) ] 2  :    20   13    4.778
   1  [    1 ( 0, 0, 0) ] 2     3  [    1 (-1, 1,-1) ] 2  :     5   14    7.486
   1  [    1 ( 0, 0, 0) ] 2     3  [    1 ( 1,-1, 1) ] 2  :     8   14    7.486
   1  [    1 ( 0, 0, 0) ] 2    37  [    1 (-1, 0, 1) ] 2  :     5   15    4.075
   1  [    1 ( 0, 0, 0) ] 2    34  [    1 ( 1, 0,-1) ] 2  :     8   15    7.058
   1  [    1 ( 0, 0, 0) ] 2    33  [    1 ( 0,-1, 0) ] 2  :    13   15    6.280
   1  [    1 ( 0, 0, 0) ] 2    38  [    1 ( 0, 1, 0) ] 2  :    16   15    4.778
   1  [    1 ( 0, 0, 0) ] 2    18  [    1 ( 1, 0, 0) ] 1  :     4   16    5.763
   1  [    1 ( 0, 0, 0) ] 2    19  [    1 (-1, 0, 0) ] 1  :     9   16    7.486
   1  [    1 ( 0, 0, 0) ] 2    34  [    1 ( 1, 0,-1) ] 1  :    20   16    7.058
   1  [    1 ( 0, 0, 0) ] 2    37  [    1 (-1, 0, 1) ] 1  :    21   16    4.075
   1  [    1 ( 0, 0, 0) ] 2    37  [    1 (-1, 0, 1) ] 3  :    25   16    4.075
   1  [    1 ( 0, 0, 0) ] 2    34  [    1 ( 1, 0,-1) ] 3  :    32   16    7.058
   1  [    1 ( 0, 0, 0) ] 2    55  [    1 (-1, 1, 0) ] 3  :    37   16    7.058
   1  [    1 ( 0, 0, 0) ] 2    49  [    1 ( 1,-1, 0) ] 3  :    48   16    8.523
   1  [    1 ( 0, 0, 0) ] 2    38  [    1 ( 0, 1, 0) ] 1  :    52   16    4.778
   1  [    1 ( 0, 0, 0) ] 2    33  [    1 ( 0,-1, 0) ] 1  :    53   16    6.280
   1  [    1 ( 0, 0, 0) ] 2    33  [    1 ( 0,-1, 0) ] 3  :    57   16    6.280
   1  [    1 ( 0, 0, 0) ] 2    38  [    1 ( 0, 1, 0) ] 3  :    64   16    4.778
   1  [    1 ( 0, 0, 0) ] 2    20  [    1 ( 0, 1,-1) ] 1  :    68   16    7.058
   1  [    1 ( 0, 0, 0) ] 2    17  [    1 ( 0,-1, 1) ] 1  :    73   16    4.778
   1  [    1 ( 0, 0, 0) ] 2    51  [    1 ( 0, 0,-1) ] 3  :    85   16    8.523
   1  [    1 ( 0, 0, 0) ] 2    53  [    1 ( 0, 0, 1) ] 3  :    96   16    8.150
   1  [    1 ( 0, 0, 0) ] 2    19  [    1 (-1, 0, 0) ] 2  :     1   17    7.486
   1  [    1 ( 0, 0, 0) ] 2    18  [    1 ( 1, 0, 0) ] 2  :     4   17    5.763
   1  [    1 ( 0, 0, 0) ] 2    55  [    1 (-1, 1, 0) ] 2  :    21   17    7.058
   1  [    1 ( 0, 0, 0) ] 2    49  [    1 ( 1,-1, 0) ] 2  :    24   17    8.523
   1  [    1 ( 0, 0, 0) ] 2    17  [    1 ( 0,-1, 1) ] 2  :    33   17    4.778
   1  [    1 ( 0, 0, 0) ] 2    20  [    1 ( 0, 1,-1) ] 2  :    36   17    7.058
   1  [    1 ( 0, 0, 0) ] 2    51  [    1 ( 0, 0,-1) ] 2  :    45   17    8.523
   1  [    1 ( 0, 0, 0) ] 2    53  [    1 ( 0, 0, 1) ] 2  :    48   17    8.150
   1  [    1 ( 0, 0, 0) ] 2    19  [    1 (-1, 0, 0) ] 3  :     1   18    7.486
   1  [    1 ( 0, 0, 0) ] 2    18  [    1 ( 1, 0, 0) ] 3  :     8   18    5.763
   1  [    1 ( 0, 0, 0) ] 2    49  [    1 ( 1,-1, 0) ] 1  :    20   18    8.523
   1  [    1 ( 0, 0, 0) ] 2    55  [    1 (-1, 1, 0) ] 1  :    21   18    7.058
   1  [    1 ( 0, 0, 0) ] 2    17  [    1 ( 0,-1, 1) ] 3  :    33   18    4.778
   1  [    1 ( 0, 0, 0) ] 2    20  [    1 ( 0, 1,-1) ] 3  :    40   18    7.058
   1  [    1 ( 0, 0, 0) ] 2    53  [    1 ( 0, 0, 1) ] 1  :    44   18    8.150
   1  [    1 ( 0, 0, 0) ] 2    51  [    1 ( 0, 0,-1) ] 1  :    45   18    8.523
   1  [    1 ( 0, 0, 0) ] 2    29  [    2 ( 0, 0, 1) ] 2  :     5   19    6.280
   1  [    1 ( 0, 0, 0) ] 2    58  [    2 ( 1, 0, 0) ] 2  :    17   19    8.523
   1  [    1 ( 0, 0, 0) ] 2    44  [    2 (-2, 0, 0) ] 2  :    25   19    6.280
   1  [    1 ( 0, 0, 0) ] 2    15  [    2 (-2, 1, 0) ] 2  :    45   19    4.778
   1  [    1 ( 0, 0, 0) ] 2    26  [    2 ( 0,-2, 1) ] 2  :    57   19    4.075
   1  [    1 ( 0, 0, 0) ] 2    47  [    2 ( 0, 0,-2) ] 2  :    69   19    7.486
   1  [    1 ( 0, 0, 0) ] 2    12  [    2 ( 0, 1,-2) ] 2  :    73   19    4.075
   1  [    1 ( 0, 0, 0) ] 2    61  [    2 ( 1,-2, 0) ] 2  :    85   19    6.280
   1  [    1 ( 0, 0, 0) ] 2    29  [    2 ( 0, 0, 1) ] 1  :     5   20    6.280
   1  [    1 ( 0, 0, 0) ] 2    58  [    2 ( 1, 0, 0) ] 3  :    17   20    8.523
   1  [    1 ( 0, 0, 0) ] 2    44  [    2 (-2, 0, 0) ] 3  :    25   20    6.280
   1  [    1 ( 0, 0, 0) ] 2    15  [    2 (-2, 1, 0) ] 1  :    45   20    4.778
   1  [    1 ( 0, 0, 0) ] 2    26  [    2 ( 0,-2, 1) ] 3  :    57   20    4.075
   1  [    1 ( 0, 0, 0) ] 2    47  [    2 ( 0, 0,-2) ] 1  :    69   20    7.486
   1  [    1 ( 0, 0, 0) ] 2    12  [    2 ( 0, 1,-2) ] 3  :    73   20    4.075
   1  [    1 ( 0, 0, 0) ] 2    61  [    2 ( 1,-2, 0) ] 1  :    85   20    6.280
   1  [    1 ( 0, 0, 0) ] 2    29  [    2 ( 0, 0, 1) ] 3  :     5   21    6.280
   1  [    1 ( 0, 0, 0) ] 2    14  [    2 ( 0, 1, 0) ] 1  :    21   21    5.763
   1  [    1 ( 0, 0, 0) ] 2    14  [    2 ( 0, 1, 0) ] 3  :    25   21    5.763
   1  [    1 ( 0, 0, 0) ] 2    58  [    2 ( 1, 0, 0) ] 1  :    41   21    8.523
   1  [    1 ( 0, 0, 0) ] 2    44  [    2 (-2, 0, 0) ] 1  :    57   21    6.280
   1  [    1 ( 0, 0, 0) ] 2    32  [    2 (-2, 0, 1) ] 1  :    69   21    4.075
   1  [    1 ( 0, 0, 0) ] 2    32  [    2 (-2, 0, 1) ] 3  :    73   21    4.075
   1  [    1 ( 0, 0, 0) ] 2    15  [    2 (-2, 1, 0) ] 3  :    85   21    4.778
   1  [    1 ( 0, 0, 0) ] 2    46  [    2 ( 0,-2, 0) ] 1  :   101   21    5.763
   1  [    1 ( 0, 0, 0) ] 2    46  [    2 ( 0,-2, 0) ] 3  :   105   21    5.763
   1  [    1 ( 0, 0, 0) ] 2    26  [    2 ( 0,-2, 1) ] 1  :   121   21    4.075
   1  [    1 ( 0, 0, 0) ] 2    47  [    2 ( 0, 0,-2) ] 3  :   133   21    7.486
   1  [    1 ( 0, 0, 0) ] 2    12  [    2 ( 0, 1,-2) ] 1  :   153   21    4.075
   1  [    1 ( 0, 0, 0) ] 2    61  [    2 ( 1,-2, 0) ] 3  :   165   21    6.280
   1  [    1 ( 0, 0, 0) ] 2    64  [    2 ( 1, 0,-2) ] 1  :   181   21    8.523
   1  [    1 ( 0, 0, 0) ] 2    64  [    2 ( 1, 0,-2) ] 3  :   185   21    8.523
   1  [    1 ( 0, 0, 0) ] 2    14  [    2 ( 0, 1, 0) ] 2  :     5   22    5.763
   1  [    1 ( 0, 0, 0) ] 2    32  [    2 (-2, 0, 1) ] 2  :    17   22    4.075
   1  [    1 ( 0, 0, 0) ] 2    46  [    2 ( 0,-2, 0) ] 2  :    25   22    5.763
   1  [    1 ( 0, 0, 0) ] 2    64  [    2 ( 1, 0,-2) ] 2  :    45   22    8.523
   1  [    1 ( 0, 0, 0) ] 3     1  [    1 ( 0, 0, 0) ] 3  :     3    1    0.000
   1  [    1 ( 0, 0, 0) ] 3    41  [    2 ( 0, 0, 0) ] 3  :     5    2    4.075
   1  [    1 ( 0, 0, 0) ] 3    59  [    2 (-1, 0, 0) ] 3  :    15    2    7.486
   1  [    1 ( 0, 0, 0) ] 3     9  [    2 ( 0,-1, 0) ] 3  :    27    2    4.778
   1  [    1 ( 0, 0, 0) ] 3    27  [    2 ( 0, 0,-1) ] 3  :    39    2    2.495
   1  [    1 ( 0, 0, 0) ] 3    41  [    2 ( 0, 0, 0) ] 1  :     9    3    4.075
   1  [    1 ( 0, 0, 0) ] 3    41  [    2 ( 0, 0, 0) ] 2  :    11    3    4.075
   1  [    1 ( 0, 0, 0) ] 3    59  [    2 (-1, 0, 0) ] 1  :    29    3    7.486
   1  [    1 ( 0, 0, 0) ] 3    59  [    2 (-1, 0, 0) ] 2  :    33    3    7.486
   1  [    1 ( 0, 0, 0) ] 3     9  [    2 ( 0,-1, 0) ] 1  :    53    3    4.778
   1  [    1 ( 0, 0, 0) ] 3     9  [    2 ( 0,-1, 0) ] 2  :    57    3    4.778
   1  [    1 ( 0, 0, 0) ] 3    27  [    2 ( 0, 0,-1) ] 1  :    77    3    2.495
   1  [    1 ( 0, 0, 0) ] 3    27  [    2 ( 0, 0,-1) ] 2  :    81    3    2.495
   1  [    1 ( 0, 0, 0) ] 3    35  [    1 (-1, 0,-1) ] 3  :    13    4    5.763
   1  [    1 ( 0, 0, 0) ] 3    40  [    1 ( 1, 0, 1) ] 3  :    16    4    7.486
   1  [    1 ( 0, 0, 0) ] 3    23  [    1 ( 0,-1,-1) ] 3  :    21    4    2.495
   1  [    1 ( 0, 0, 0) ] 3    22  [    1 ( 0, 1, 1) ] 3  :    24    4    4.075
   1  [    1 ( 0, 0, 0) ] 3    39  [    1 (-2, 1, 0) ] 3  :    37    4    5.763
   1  [    1 ( 0, 0, 0) ] 3    36  [    1 ( 2,-1, 0) ] 3  :    40    4    4.778
   1  [    1 ( 0, 0, 0) ] 3    23  [    1 (-2, 1, 1) ] 3  :    45    4    2.495
   1  [    1 ( 0, 0, 0) ] 3    22  [    1 ( 2,-1,-1) ] 3  :    48    4    4.075
   1  [    1 ( 0, 0, 0) ] 3    21  [    1 (-1, 0, 2) ] 3  :    61    4    4.778
   1  [    1 ( 0, 0, 0) ] 3    24  [    1 ( 1, 0,-2) ] 3  :    64    4    4.075
   1  [    1 ( 0, 0, 0) ] 3    40  [    1 (-1, 2,-1) ] 3  :    69    4    7.486
   1  [    1 ( 0, 0, 0) ] 3    35  [    1 ( 1,-2, 1) ] 3  :    72    4    5.763
   1  [    1 ( 0, 0, 0) ] 3    24  [    1 (-1, 2, 0) ] 3  :    77    4    4.075
   1  [    1 ( 0, 0, 0) ] 3    21  [    1 ( 1,-2, 0) ] 3  :    80    4    4.778
   1  [    1 ( 0, 0, 0) ] 3    39  [    1 ( 0,-1, 2) ] 3  :    93    4    5.763
   1  [    1 ( 0, 0, 0) ] 3    36  [    1 ( 0, 1,-2) ] 3  :    96    4    4.778
   1  [    1 ( 0, 0, 0) ] 3    40  [    1 ( 1, 0, 1) ] 1  :    12    5    7.486
   1  [    1 ( 0, 0, 0) ] 3    35  [    1 (-1, 0,-1) ] 1  :    13    5    5.763
   1  [    1 ( 0, 0, 0) ] 3    22  [    1 ( 0, 1, 1) ] 2  :    20    5    4.075
   1  [    1 ( 0, 0, 0) ] 3    23  [    1 ( 0,-1,-1) ] 2  :    21    5    2.495
   1  [    1 ( 0, 0, 0) ] 3    36  [    1 ( 2,-1, 0) ] 1  :    36    5    4.778
   1  [    1 ( 0, 0, 0) ] 3    39  [    1 (-2, 1, 0) ] 1  :    37    5    5.763
   1  [    1 ( 0, 0, 0) ] 3    22  [    1 ( 2,-1,-1) ] 2  :    44    5    4.075
   1  [    1 ( 0, 0, 0) ] 3    23  [    1 (-2, 1, 1) ] 2  :    45    5    2.495
   1  [    1 ( 0, 0, 0) ] 3    24  [    1 ( 1, 0,-2) ] 2  :    60    5    4.075
   1  [    1 ( 0, 0, 0) ] 3    21  [    1 (-1, 0, 2) ] 2  :    61    5    4.778
   1  [    1 ( 0, 0, 0) ] 3    35  [    1 ( 1,-2, 1) ] 1  :    68    5    5.763
   1  [    1 ( 0, 0, 0) ] 3    40  [    1 (-1, 2,-1) ] 1  :    69    5    7.486
   1  [    1 ( 0, 0, 0) ] 3    21  [    1 ( 1,-2, 0) ] 2  :    76    5    4.778
   1  [    1 ( 0, 0, 0) ] 3    24  [    1 (-1, 2, 0) ] 2  :    77    5    4.075
   1  [    1 ( 0, 0, 0) ] 3    36  [    1 ( 0, 1,-2) ] 1  :    92    5    4.778
   1  [    1 ( 0, 0, 0) ] 3    39  [    1 ( 0,-1, 2) ] 1  :    93    5    5.763
   1  [    1 ( 0, 0, 0) ] 3    52  [    1 (-1,-1, 0) ] 1  :     1    6    8.523
   1  [    1 ( 0, 0, 0) ] 3    52  [    1 (-1,-1, 0) ] 2  :     5    6    8.523
   1  [    1 ( 0, 0, 0) ] 3    40  [    1 ( 1, 0, 1) ] 2  :    16    6    7.486
   1  [    1 ( 0, 0, 0) ] 3    22  [    1 ( 0, 1, 1) ] 1  :    24    6    4.075
   1  [    1 ( 0, 0, 0) ] 3    50  [    1 ( 2, 0,-1) ] 1  :    28    6    7.486
   1  [    1 ( 0, 0, 0) ] 3    50  [    1 ( 2, 0,-1) ] 2  :    32    6    7.486
   1  [    1 ( 0, 0, 0) ] 3    39  [    1 (-2, 1, 0) ] 2  :    37    6    5.763
   1  [    1 ( 0, 0, 0) ] 3    23  [    1 (-2, 1, 1) ] 1  :    45    6    2.495
   1  [    1 ( 0, 0, 0) ] 3    54  [    1 (-1,-1, 2) ] 1  :    49    6    6.280
   1  [    1 ( 0, 0, 0) ] 3    54  [    1 (-1,-1, 2) ] 2  :    53    6    6.280
   1  [    1 ( 0, 0, 0) ] 3    24  [    1 ( 1, 0,-2) ] 1  :    64    6    4.075
   1  [    1 ( 0, 0, 0) ] 3    35  [    1 ( 1,-2, 1) ] 2  :    72    6    5.763
   1  [    1 ( 0, 0, 0) ] 3    21  [    1 ( 1,-2, 0) ] 1  :    80    6    4.778
   1  [    1 ( 0, 0, 0) ] 3    56  [    1 ( 0, 2,-1) ] 1  :    84    6    6.280
   1  [    1 ( 0, 0, 0) ] 3    56  [    1 ( 0, 2,-1) ] 2  :    88    6    6.280
   1  [    1 ( 0, 0, 0) ] 3    36  [    1 ( 0, 1,-2) ] 2  :    96    6    4.778
   1  [    1 ( 0, 0, 0) ] 3    54  [    1 ( 1, 1, 0) ] 1  :     4    7    6.280
   1  [    1 ( 0, 0, 0) ] 3    54  [    1 ( 1, 1, 0) ] 2  :     8    7    6.280
   1  [    1 ( 0, 0, 0) ] 3    35  [    1 (-1, 0,-1) ] 2  :    13    7    5.763
   1  [    1 ( 0, 0, 0) ] 3    23  [    1 ( 0,-1,-1) ] 1  :    21    7    2.495
   1  [    1 ( 0, 0, 0) ] 3    56  [    1 (-2, 0, 1) ] 1  :    25    7    6.280
   1  [    1 ( 0, 0, 0) ] 3    56  [    1 (-2, 0, 1) ] 2  :    29    7    6.280
   1  [    1 ( 0, 0, 0) ] 3    36  [    1 ( 2,-1, 0) ] 2  :    40    7    4.778
   1  [    1 ( 0, 0, 0) ] 3    22  [    1 ( 2,-1,-1) ] 1  :    48    7    4.075
   1  [    1 ( 0, 0, 0) ] 3    52  [    1 ( 1, 1,-2) ] 1  :    52    7    8.523
   1  [    1 ( 0, 0, 0) ] 3    52  [    1 ( 1, 1,-2) ] 2  :    56    7    8.523
   1  [    1 ( 0, 0, 0) ] 3    21  [    1 (-1, 0, 2) ] 1  :    61    7    4.778
   1  [    1 ( 0, 0, 0) ] 3    40  [    1 (-1, 2,-1) ] 2  :    69    7    7.486
   1  [    1 ( 0, 0, 0) ] 3    24  [    1 (-1, 2, 0) ] 1  :    77    7    4.075
   1  [    1 ( 0, 0, 0) ] 3    50  [    1 ( 0,-2, 1) ] 1  :    81    7    7.486
   1  [    1 ( 0, 0, 0) ] 3    50  [    1 ( 0,-2, 1) ] 2  :    85    7    7.486
   1  [    1 ( 0, 0, 0) ] 3    39  [    1 ( 0,-1, 2) ] 2  :    93    7    5.763
   1  [    1 ( 0, 0, 0) ] 3    52  [    1 (-1,-1, 0) ] 3  :     1    8    8.523
   1  [    1 ( 0, 0, 0) ] 3    54  [    1 ( 1, 1, 0) ] 3  :     4    8    6.280
   1  [    1 ( 0, 0, 0) ] 3    56  [    1 (-2, 0, 1) ] 3  :    13    8    6.280
   1  [    1 ( 0, 0, 0) ] 3    50  [    1 ( 2, 0,-1) ] 3  :    16    8    7.486
   1  [    1 ( 0, 0, 0) ] 3    54  [    1 (-1,-1, 2) ] 3  :    25    8    6.280
   1  [    1 ( 0, 0, 0) ] 3    52  [    1 ( 1, 1,-2) ] 3  :    28    8    8.523
   1  [    1 ( 0, 0, 0) ] 3    50  [    1 ( 0,-2, 1) ] 3  :    41    8    7.486
   1  [    1 ( 0, 0, 0) ] 3    56  [    1 ( 0, 2,-1) ] 3  :    44    8    6.280
   1  [    1 ( 0, 0, 0) ] 3    11  [    2 (-1, 0,-1) ] 3  :    21    9    2.495
   1  [    1 ( 0, 0, 0) ] 3    13  [    2 (-1, 0, 1) ] 3  :    29    9    4.778
   1  [    1 ( 0, 0, 0) ] 3    43  [    2 (-1, 1,-1) ] 3  :    37    9    4.075
   1  [    1 ( 0, 0, 0) ] 3    31  [    2 (-1, 1, 0) ] 3  :    45    9    4.778
   1  [    1 ( 0, 0, 0) ] 3    63  [    2 ( 0,-1,-1) ] 3  :    53    9    7.486
   1  [    1 ( 0, 0, 0) ] 3    57  [    2 ( 0,-1, 1) ] 3  :    61    9    8.150
   1  [    1 ( 0, 0, 0) ] 3    45  [    2 ( 1,-1,-1) ] 3  :    77    9    7.058
   1  [    1 ( 0, 0, 0) ] 3    25  [    2 ( 1,-1, 0) ] 3  :    85    9    4.778
   1  [    1 ( 0, 0, 0) ] 3    11  [    2 (-1, 0,-1) ] 1  :    21   10    2.495
   1  [    1 ( 0, 0, 0) ] 3    13  [    2 (-1, 0, 1) ] 2  :    29   10    4.778
   1  [    1 ( 0, 0, 0) ] 3    43  [    2 (-1, 1,-1) ] 1  :    37   10    4.075
   1  [    1 ( 0, 0, 0) ] 3    31  [    2 (-1, 1, 0) ] 2  :    45   10    4.778
   1  [    1 ( 0, 0, 0) ] 3    63  [    2 ( 0,-1,-1) ] 2  :    53   10    7.486
   1  [    1 ( 0, 0, 0) ] 3    57  [    2 ( 0,-1, 1) ] 1  :    61   10    8.150
   1  [    1 ( 0, 0, 0) ] 3    45  [    2 ( 1,-1,-1) ] 2  :    77   10    7.058
   1  [    1 ( 0, 0, 0) ] 3    25  [    2 ( 1,-1, 0) ] 1  :    85   10    4.778
   1  [    1 ( 0, 0, 0) ] 3    28  [    2 (-1,-1, 0) ] 1  :     9   11    4.075
   1  [    1 ( 0, 0, 0) ] 3    28  [    2 (-1,-1, 0) ] 2  :    13   11    4.075
   1  [    1 ( 0, 0, 0) ] 3    42  [    2 (-1,-1, 1) ] 1  :    25   11    4.778
   1  [    1 ( 0, 0, 0) ] 3    42  [    2 (-1,-1, 1) ] 2  :    29   11    4.778
   1  [    1 ( 0, 0, 0) ] 3    11  [    2 (-1, 0,-1) ] 2  :    45   11    2.495
   1  [    1 ( 0, 0, 0) ] 3    13  [    2 (-1, 0, 1) ] 1  :    61   11    4.778
   1  [    1 ( 0, 0, 0) ] 3    43  [    2 (-1, 1,-1) ] 2  :    77   11    4.075
   1  [    1 ( 0, 0, 0) ] 3    31  [    2 (-1, 1, 0) ] 1  :    93   11    4.778
   1  [    1 ( 0, 0, 0) ] 3    63  [    2 ( 0,-1,-1) ] 1  :   109   11    7.486
   1  [    1 ( 0, 0, 0) ] 3    57  [    2 ( 0,-1, 1) ] 2  :   125   11    8.150
   1  [    1 ( 0, 0, 0) ] 3    60  [    2 ( 0, 1,-1) ] 1  :   137   11    7.058
   1  [    1 ( 0, 0, 0) ] 3    60  [    2 ( 0, 1,-1) ] 2  :   141   11    7.058
   1  [    1 ( 0, 0, 0) ] 3    45  [    2 ( 1,-1,-1) ] 1  :   157   11    7.058
   1  [    1 ( 0, 0, 0) ] 3    25  [    2 ( 1,-1, 0) ] 2  :   173   11    4.778
   1  [    1 ( 0, 0, 0) ] 3    10  [    2 ( 1, 0,-1) ] 1  :   185   11    4.075
   1  [    1 ( 0, 0, 0) ] 3    10  [    2 ( 1, 0,-1) ] 2  :   189   11    4.075
   1  [    1 ( 0, 0, 0) ] 3    28  [    2 (-1,-1, 0) ] 3  :     1   12    4.075
   1  [    1 ( 0, 0, 0) ] 3    42  [    2 (-1,-1, 1) ] 3  :     5   12    4.778
   1  [    1 ( 0, 0, 0) ] 3    60  [    2 ( 0, 1,-1) ] 3  :    33   12    7.058
   1  [    1 ( 0, 0, 0) ] 3    10  [    2 ( 1, 0,-1) ] 3  :    45   12    4.075
   1  [    1 ( 0, 0, 0) ] 3     3  [    1 (-1, 1,-1) ] 3  :    13   13    7.486
   1  [    1 ( 0, 0, 0) ] 3     3  [    1 ( 1,-1, 1) ] 3  :    16   13    7.486
   1  [    1 ( 0, 0, 0) ] 3     5  [    1 (-1, 1, 1) ] 3  :    21   13    4.778
   1  [    1 ( 0, 0, 0) ] 3     5  [    1 ( 1,-1,-1) ] 3  :    24   13    4.778
   1  [    1 ( 0, 0, 0) ] 3     2  [    1 (-1,-1, 1) ] 3  :     1   14    2.495
   1  [    1 ( 0, 0, 0) ] 3     2  [    1 ( 1, 1,-1) ] 3  :     4   14    2.495
   1  [    1 ( 0, 0, 0) ] 3    55  [    1 (-1, 1, 0) ] 3  :     9   15    7.058
   1  [    1 ( 0, 0, 0) ] 3    49  [    1 ( 1,-1, 0) ] 3  :    12   15    8.523
   1  [    1 ( 0, 0, 0) ] 3    51  [    1 ( 0, 0,-1) ] 3  :    21   15    8.523
   1  [    1 ( 0, 0, 0) ] 3    53  [    1 ( 0, 0, 1) ] 3  :    24   15    8.150
   1  [    1 ( 0, 0, 0) ] 3    18  [    1 ( 1, 0, 0) ] 1  :     8   16    5.763
   1  [    1 ( 0, 0, 0) ] 3    19  [    1 (-1, 0, 0) ] 1  :    13   16    7.486
   1  [    1 ( 0, 0, 0) ] 3    34  [    1 ( 1, 0,-1) ] 2  :    28   16    7.058
   1  [    1 ( 0, 0, 0) ] 3    37  [    1 (-1, 0, 1) ] 2  :    29   16    4.075
   1  [    1 ( 0, 0, 0) ] 3    49  [    1 ( 1,-1, 0) ] 1  :    36   16    8.523
   1  [    1 ( 0, 0, 0) ] 3    49  [    1 ( 1,-1, 0) ] 2  :    40   16    8.523
   1  [    1 ( 0, 0, 0) ] 3    55  [    1 (-1, 1, 0) ] 1  :    41   16    7.058
   1  [    1 ( 0, 0, 0) ] 3    55  [    1 (-1, 1, 0) ] 2  :    45   16    7.058
   1  [    1 ( 0, 0, 0) ] 3    38  [    1 ( 0, 1, 0) ] 2  :    60   16    4.778
   1  [    1 ( 0, 0, 0) ] 3    33  [    1 ( 0,-1, 0) ] 2  :    61   16    6.280
   1  [    1 ( 0, 0, 0) ] 3    20  [    1 ( 0, 1,-1) ] 1  :    72   16    7.058
   1  [    1 ( 0, 0, 0) ] 3    17  [    1 ( 0,-1, 1) ] 1  :    77   16    4.778
   1  [    1 ( 0, 0, 0) ] 3    53  [    1 ( 0, 0, 1) ] 1  :    84   16    8.150
   1  [    1 ( 0, 0, 0) ] 3    53  [    1 ( 0, 0, 1) ] 2  :    88   16    8.150
   1  [    1 ( 0, 0, 0) ] 3    51  [    1 ( 0, 0,-1) ] 1  :    89   16    8.523
   1  [    1 ( 0, 0, 0) ] 3    51  [    1 ( 0, 0,-1) ] 2  :    93   16    8.523
   1  [    1 ( 0, 0, 0) ] 3    19  [    1 (-1, 0, 0) ] 3  :     5   17    7.486
   1  [    1 ( 0, 0, 0) ] 3    18  [    1 ( 1, 0, 0) ] 3  :     8   17    5.763
   1  [    1 ( 0, 0, 0) ] 3    37  [    1 (-1, 0, 1) ] 3  :    13   17    4.075
   1  [    1 ( 0, 0, 0) ] 3    34  [    1 ( 1, 0,-1) ] 3  :    16   17    7.058
   1  [    1 ( 0, 0, 0) ] 3    33  [    1 ( 0,-1, 0) ] 3  :    29   17    6.280
   1  [    1 ( 0, 0, 0) ] 3    38  [    1 ( 0, 1, 0) ] 3  :    32   17    4.778
   1  [    1 ( 0, 0, 0) ] 3    17  [    1 ( 0,-1, 1) ] 3  :    37   17    4.778
   1  [    1 ( 0, 0, 0) ] 3    20  [    1 ( 0, 1,-1) ] 3  :    40   17    7.058
   1  [    1 ( 0, 0, 0) ] 3    18  [    1 ( 1, 0, 0) ] 2  :     4   18    5.763
   1  [    1 ( 0, 0, 0) ] 3    19  [    1 (-1, 0, 0) ] 2  :     5   18    7.486
   1  [    1 ( 0, 0, 0) ] 3    34  [    1 ( 1, 0,-1) ] 1  :    12   18    7.058
   1  [    1 ( 0, 0, 0) ] 3    37  [    1 (-1, 0, 1) ] 1  :    13   18    4.075
   1  [    1 ( 0, 0, 0) ] 3    38  [    1 ( 0, 1, 0) ] 1  :    28   18    4.778
   1  [    1 ( 0, 0, 0) ] 3    33  [    1 ( 0,-1, 0) ] 1  :    29   18    6.280
   1  [    1 ( 0, 0, 0) ] 3    20  [    1 ( 0, 1,-1) ] 2  :    36   18    7.058
   1  [    1 ( 0, 0, 0) ] 3    17  [    1 ( 0,-1, 1) ] 2  :    37   18    4.778
   1  [    1 ( 0, 0, 0) ] 3    14  [    2 ( 0, 1, 0) ] 3  :    13   19    5.763
   1  [    1 ( 0, 0, 0) ] 3    58  [    2 ( 1, 0, 0) ] 3  :    21   19    8.523
   1  [    1 ( 0, 0, 0) ] 3    44  [    2 (-2, 0, 0) ] 3  :    29   19    6.280
   1  [    1 ( 0, 0, 0) ] 3    32  [    2 (-2, 0, 1) ] 3  :    37   19    4.075
   1  [    1 ( 0, 0, 0) ] 3    46  [    2 ( 0,-2, 0) ] 3  :    53   19    5.763
   1  [    1 ( 0, 0, 0) ] 3    26  [    2 ( 0,-2, 1) ] 3  :    61   19    4.075
   1  [    1 ( 0, 0, 0) ] 3    12  [    2 ( 0, 1,-2) ] 3  :    77   19    4.075
   1  [    1 ( 0, 0, 0) ] 3    64  [    2 ( 1, 0,-2) ] 3  :    93   19    8.523
   1  [    1 ( 0, 0, 0) ] 3    14  [    2 ( 0, 1, 0) ] 1  :    13   20    5.763
   1  [    1 ( 0, 0, 0) ] 3    58  [    2 ( 1, 0, 0) ] 2  :    21   20    8.523
   1  [    1 ( 0, 0, 0) ] 3    44  [    2 (-2, 0, 0) ] 2  :    29   20    6.280
   1  [    1 ( 0, 0, 0) ] 3    32  [    2 (-2, 0, 1) ] 1  :    37   20    4.075
   1  [    1 ( 0, 0, 0) ] 3    46  [    2 ( 0,-2, 0) ] 1  :    53   20    5.763
   1  [    1 ( 0, 0, 0) ] 3    26  [    2 ( 0,-2, 1) ] 2  :    61   20    4.075
   1  [    1 ( 0, 0, 0) ] 3    12  [    2 ( 0, 1,-2) ] 2  :    77   20    4.075
   1  [    1 ( 0, 0, 0) ] 3    64  [    2 ( 1, 0,-2) ] 1  :    93   20    8.523
   1  [    1 ( 0, 0, 0) ] 3    29  [    2 ( 0, 0, 1) ] 1  :     9   21    6.280
   1  [    1 ( 0, 0, 0) ] 3    29  [    2 ( 0, 0, 1) ] 2  :    13   21    6.280
   1  [    1 ( 0, 0, 0) ] 3    14  [    2 ( 0, 1, 0) ] 2  :    29   21    5.763
   1  [    1 ( 0, 0, 0) ] 3    58  [    2 ( 1, 0, 0) ] 1  :    45   21    8.523
   1  [    1 ( 0, 0, 0) ] 3    44  [    2 (-2, 0, 0) ] 1  :    61   21    6.280
   1  [    1 ( 0, 0, 0) ] 3    32  [    2 (-2, 0, 1) ] 2  :    77   21    4.075
   1  [    1 ( 0, 0, 0) ] 3    15  [    2 (-2, 1, 0) ] 1  :    89   21    4.778
   1  [    1 ( 0, 0, 0) ] 3    15  [    2 (-2, 1, 0) ] 2  :    93   21    4.778
   1  [    1 ( 0, 0, 0) ] 3    46  [    2 ( 0,-2, 0) ] 2  :   109   21    5.763
   1  [    1 ( 0, 0, 0) ] 3    26  [    2 ( 0,-2, 1) ] 1  :   125   21    4.075
   1  [    1 ( 0, 0, 0) ] 3    47  [    2 ( 0, 0,-2) ] 1  :   137   21    7.486
   1  [    1 ( 0, 0, 0) ] 3    47  [    2 ( 0, 0,-2) ] 2  :   141   21    7.486
   1  [    1 ( 0, 0, 0) ] 3    12  [    2 ( 0, 1,-2) ] 1  :   157   21    4.075
   1  [    1 ( 0, 0, 0) ] 3    61  [    2 ( 1,-2, 0) ] 1  :   169   21    6.280
   1  [    1 ( 0, 0, 0) ] 3    61  [    2 ( 1,-2, 0) ] 2  :   173   21    6.280
   1  [    1 ( 0, 0, 0) ] 3    64  [    2 ( 1, 0,-2) ] 2  :   189   21    8.523
   1  [    1 ( 0, 0, 0) ] 3    29  [    2 ( 0, 0, 1) ] 3  :     1   22    6.280
   1  [    1 ( 0, 0, 0) ] 3    15  [    2 (-2, 1, 0) ] 3  :    21   22    4.778
   1  [    1 ( 0, 0, 0) ] 3    47  [    2 ( 0, 0,-2) ] 3  :    33   22    7.486
   1  [    1 ( 0, 0, 0) ] 3    61  [    2 ( 1,-2, 0) ] 3  :    41   22    6.280
  41  [    2 ( 0, 0, 0) ] 1    41  [    2 ( 0, 0, 0) ] 1  :     4    1    4.778
  41  [    2 ( 0, 0, 0) ] 1     1  [    1 ( 0, 0, 0) ] 1  :     2    2    2.495
  41  [    2 ( 0, 0, 0) ] 1    18  [    1 ( 1, 0, 0) ] 1  :    10    2    4.778
  41  [    2 ( 0, 0, 0) ] 1    38  [    1 ( 0, 1, 0) ] 1  :    22    2    4.075
  41  [    2 ( 0, 0, 0) ] 1    53  [    1 ( 0, 0, 1) ] 1  :    34    2   10.289
  41  [    2 ( 0, 0, 0) ] 1     1  [    1 ( 0, 0, 0) ] 2  :     6    3    2.495
  41  [    2 ( 0, 0, 0) ] 1     1  [    1 ( 0, 0, 0) ] 3  :    10    3    2.495
  41  [    2 ( 0, 0, 0) ] 1    18  [    1 ( 1, 0, 0) ] 2  :    24    3    4.778
  41  [    2 ( 0, 0, 0) ] 1    18  [    1 ( 1, 0, 0) ] 3  :    32    3    4.778
  41  [    2 ( 0, 0, 0) ] 1    38  [    1 ( 0, 1, 0) ] 2  :    48    3    4.075
  41  [    2 ( 0, 0, 0) ] 1    38  [    1 ( 0, 1, 0) ] 3  :    56    3    4.075
  41  [    2 ( 0, 0, 0) ] 1    53  [    1 ( 0, 0, 1) ] 2  :    72    3   10.289
  41  [    2 ( 0, 0, 0) ] 1    53  [    1 ( 0, 0, 1) ] 3  :    80    3   10.289
  41  [    2 ( 0, 0, 0) ] 1    28  [    2 (-1,-1, 0) ] 1  :    97    4    2.495
  41  [    2 ( 0, 0, 0) ] 1    30  [    2 ( 1, 1, 0) ] 1  :   100    4    4.778
  41  [    2 ( 0, 0, 0) ] 1    11  [    2 (-1, 0,-1) ] 1  :   105    4    4.075
  41  [    2 ( 0, 0, 0) ] 1    16  [    2 ( 1, 0, 1) ] 1  :   108    4    4.778
  41  [    2 ( 0, 0, 0) ] 1    32  [    2 (-2, 0, 1) ] 1  :   121    4    2.495
  41  [    2 ( 0, 0, 0) ] 1    26  [    2 ( 2, 0,-1) ] 1  :   124    4    6.280
  41  [    2 ( 0, 0, 0) ] 1    15  [    2 (-2, 1, 0) ] 1  :   129    4    5.763
  41  [    2 ( 0, 0, 0) ] 1    12  [    2 ( 2,-1, 0) ] 1  :   132    4    4.778
  41  [    2 ( 0, 0, 0) ] 1    30  [    2 (-1,-1, 2) ] 1  :   145    4    4.778
  41  [    2 ( 0, 0, 0) ] 1    28  [    2 ( 1, 1,-2) ] 1  :   148    4    2.495
  41  [    2 ( 0, 0, 0) ] 1    16  [    2 (-1, 2,-1) ] 1  :   161    4    4.778
  41  [    2 ( 0, 0, 0) ] 1    11  [    2 ( 1,-2, 1) ] 1  :   164    4    4.075
  41  [    2 ( 0, 0, 0) ] 1    26  [    2 ( 0,-2, 1) ] 1  :   177    4    6.280
  41  [    2 ( 0, 0, 0) ] 1    32  [    2 ( 0, 2,-1) ] 1  :   180    4    2.495
  41  [    2 ( 0, 0, 0) ] 1    15  [    2 ( 0,-1, 2) ] 1  :   185    4    5.763
  41  [    2 ( 0, 0, 0) ] 1    12  [    2 ( 0, 1,-2) ] 1  :   188    4    4.778
  41  [    2 ( 0, 0, 0) ] 1    28  [    2 (-1,-1, 0) ] 2  :    97    5    2.495
  41  [    2 ( 0, 0, 0) ] 1    30  [    2 ( 1, 1, 0) ] 2  :   104    5    4.778
  41  [    2 ( 0, 0, 0) ] 1    11  [    2 (-1, 0,-1) ] 3  :   105    5    4.075
  41  [    2 ( 0, 0, 0) ] 1    16  [    2 ( 1, 0, 1) ] 3  :   112    5    4.778
  41  [    2 ( 0, 0, 0) ] 1    32  [    2 (-2, 0, 1) ] 2  :   121    5    2.495
  41  [    2 ( 0, 0, 0) ] 1    26  [    2 ( 2, 0,-1) ] 2  :   128    5    6.280
  41  [    2 ( 0, 0, 0) ] 1    15  [    2 (-2, 1, 0) ] 3  :   129    5    5.763
  41  [    2 ( 0, 0, 0) ] 1    12  [    2 ( 2,-1, 0) ] 3  :   136    5    4.778
  41  [    2 ( 0, 0, 0) ] 1    30  [    2 (-1,-1, 2) ] 2  :   145    5    4.778
  41  [    2 ( 0, 0, 0) ] 1    28  [    2 ( 1, 1,-2) ] 2  :   152    5    2.495
  41  [    2 ( 0, 0, 0) ] 1    16  [    2 (-1, 2,-1) ] 3  :   161    5    4.778
  41  [    2 ( 0, 0, 0) ] 1    11  [    2 ( 1,-2, 1) ] 3  :   168    5    4.075
  41  [    2 ( 0, 0, 0) ] 1    26  [    2 ( 0,-2, 1) ] 2  :   177    5    6.280
  41  [    2 ( 0, 0, 0) ] 1    32  [    2 ( 0, 2,-1) ] 2  :   184    5    2.495
  41  [    2 ( 0, 0, 0) ] 1    15  [    2 ( 0,-1, 2) ] 3  :   185    5    5.763
  41  [    2 ( 0, 0, 0) ] 1    12  [    2 ( 0, 1,-2) ] 3  :   192    5    4.778
  41  [    2 ( 0, 0, 0) ] 1    28  [    2 (-1,-1, 0) ] 3  :    97    6    2.495
  41  [    2 ( 0, 0, 0) ] 1    11  [    2 (-1, 0,-1) ] 2  :   105    6    4.075
  41  [    2 ( 0, 0, 0) ] 1    62  [    2 ( 0, 1, 1) ] 2  :   116    6    7.486
  41  [    2 ( 0, 0, 0) ] 1    62  [    2 ( 0, 1, 1) ] 3  :   120    6    7.486
  41  [    2 ( 0, 0, 0) ] 1    26  [    2 ( 2, 0,-1) ] 3  :   124    6    6.280
  41  [    2 ( 0, 0, 0) ] 1    12  [    2 ( 2,-1, 0) ] 2  :   132    6    4.778
  41  [    2 ( 0, 0, 0) ] 1    63  [    2 (-2, 1, 1) ] 2  :   137    6    7.058
  41  [    2 ( 0, 0, 0) ] 1    63  [    2 (-2, 1, 1) ] 3  :   141    6    7.058
  41  [    2 ( 0, 0, 0) ] 1    30  [    2 (-1,-1, 2) ] 3  :   145    6    4.778
  41  [    2 ( 0, 0, 0) ] 1    64  [    2 ( 1, 0,-2) ] 2  :   156    6    9.112
  41  [    2 ( 0, 0, 0) ] 1    64  [    2 ( 1, 0,-2) ] 3  :   160    6    9.112
  41  [    2 ( 0, 0, 0) ] 1    16  [    2 (-1, 2,-1) ] 2  :   161    6    4.778
  41  [    2 ( 0, 0, 0) ] 1    61  [    2 ( 1,-2, 0) ] 2  :   172    6    7.058
  41  [    2 ( 0, 0, 0) ] 1    61  [    2 ( 1,-2, 0) ] 3  :   176    6    7.058
  41  [    2 ( 0, 0, 0) ] 1    32  [    2 ( 0, 2,-1) ] 3  :   180    6    2.495
  41  [    2 ( 0, 0, 0) ] 1    15  [    2 ( 0,-1, 2) ] 2  :   185    6    5.763
  41  [    2 ( 0, 0, 0) ] 1    30  [    2 ( 1, 1, 0) ] 3  :   100    7    4.778
  41  [    2 ( 0, 0, 0) ] 1    16  [    2 ( 1, 0, 1) ] 2  :   108    7    4.778
  41  [    2 ( 0, 0, 0) ] 1    63  [    2 ( 0,-1,-1) ] 2  :   113    7    7.058
  41  [    2 ( 0, 0, 0) ] 1    63  [    2 ( 0,-1,-1) ] 3  :   117    7    7.058
  41  [    2 ( 0, 0, 0) ] 1    32  [    2 (-2, 0, 1) ] 3  :   121    7    2.495
  41  [    2 ( 0, 0, 0) ] 1    15  [    2 (-2, 1, 0) ] 2  :   129    7    5.763
  41  [    2 ( 0, 0, 0) ] 1    62  [    2 ( 2,-1,-1) ] 2  :   140    7    7.486
  41  [    2 ( 0, 0, 0) ] 1    62  [    2 ( 2,-1,-1) ] 3  :   144    7    7.486
  41  [    2 ( 0, 0, 0) ] 1    28  [    2 ( 1, 1,-2) ] 3  :   148    7    2.495
  41  [    2 ( 0, 0, 0) ] 1    61  [    2 (-1, 0, 2) ] 2  :   153    7    7.058
  41  [    2 ( 0, 0, 0) ] 1    61  [    2 (-1, 0, 2) ] 3  :   157    7    7.058
  41  [    2 ( 0, 0, 0) ] 1    11  [    2 ( 1,-2, 1) ] 2  :   164    7    4.075
  41  [    2 ( 0, 0, 0) ] 1    64  [    2 (-1, 2, 0) ] 2  :   169    7    9.112
  41  [    2 ( 0, 0, 0) ] 1    64  [    2 (-1, 2, 0) ] 3  :   173    7    9.112
  41  [    2 ( 0, 0, 0) ] 1    26  [    2 ( 0,-2, 1) ] 3  :   177    7    6.280
  41  [    2 ( 0, 0, 0) ] 1    12  [    2 ( 0, 1,-2) ] 2  :   188    7    4.778
  41  [    2 ( 0, 0, 0) ] 1    63  [    2 ( 0,-1,-1) ] 1  :    57    8    7.058
  41  [    2 ( 0, 0, 0) ] 1    62  [    2 ( 0, 1, 1) ] 1  :    60    8    7.486
  41  [    2 ( 0, 0, 0) ] 1    63  [    2 (-2, 1, 1) ] 1  :    69    8    7.058
  41  [    2 ( 0, 0, 0) ] 1    62  [    2 ( 2,-1,-1) ] 1  :    72    8    7.486
  41  [    2 ( 0, 0, 0) ] 1    61  [    2 (-1, 0, 2) ] 1  :    77    8    7.058
  41  [    2 ( 0, 0, 0) ] 1    64  [    2 ( 1, 0,-2) ] 1  :    80    8    9.112
  41  [    2 ( 0, 0, 0) ] 1    64  [    2 (-1, 2, 0) ] 1  :    85    8    9.112
  41  [    2 ( 0, 0, 0) ] 1    61  [    2 ( 1,-2, 0) ] 1  :    88    8    7.058
  41  [    2 ( 0, 0, 0) ] 1    54  [    1 ( 1, 1, 0) ] 1  :     4    9    8.150
  41  [    2 ( 0, 0, 0) ] 1     2  [    1 ( 1, 1,-1) ] 1  :    12    9    0.000
  41  [    2 ( 0, 0, 0) ] 1    40  [    1 ( 1, 0, 1) ] 1  :    20    9    5.763
  41  [    2 ( 0, 0, 0) ] 1     3  [    1 ( 1,-1, 1) ] 1  :    36    9    9.982
  41  [    2 ( 0, 0, 0) ] 1    20  [    1 ( 0, 1,-1) ] 1  :    60    9    9.447
  41  [    2 ( 0, 0, 0) ] 1    17  [    1 ( 0,-1, 1) ] 1  :    68    9    4.075
  41  [    2 ( 0, 0, 0) ] 1    55  [    1 (-1, 1, 0) ] 1  :    84    9    8.523
  41  [    2 ( 0, 0, 0) ] 1    37  [    1 (-1, 0, 1) ] 1  :    92    9    4.778
  41  [    2 ( 0, 0, 0) ] 1    54  [    1 ( 1, 1, 0) ] 2  :     8   10    8.150
  41  [    2 ( 0, 0, 0) ] 1     2  [    1 ( 1, 1,-1) ] 2  :    16   10    0.000
  41  [    2 ( 0, 0, 0) ] 1    40  [    1 ( 1, 0, 1) ] 3  :    24   10    5.763
  41  [    2 ( 0, 0, 0) ] 1     3  [    1 ( 1,-1, 1) ] 3  :    40   10    9.982
  41  [    2 ( 0, 0, 0) ] 1    20  [    1 ( 0, 1,-1) ] 3  :    64   10    9.447
  41  [    2 ( 0, 0, 0) ] 1    17  [    1 ( 0,-1, 1) ] 2  :    72   10    4.075
  41  [    2 ( 0, 0, 0) ] 1    55  [    1 (-1, 1, 0) ] 3  :    88   10    8.523
  41  [    2 ( 0, 0, 0) ] 1    37  [    1 (-1, 0, 1) ] 2  :    96   10    4.778
  41  [    2 ( 0, 0, 0) ] 1    54  [    1 ( 1, 1, 0) ] 3  :    12   11    8.150
  41  [    2 ( 0, 0, 0) ] 1     2  [    1 ( 1, 1,-1) ] 3  :    28   11    0.000
  41  [    2 ( 0, 0, 0) ] 1    40  [    1 ( 1, 0, 1) ] 2  :    40   11    5.763
  41  [    2 ( 0, 0, 0) ] 1    34  [    1 ( 1, 0,-1) ] 2  :    60   11    4.778
  41  [    2 ( 0, 0, 0) ] 1    34  [    1 ( 1, 0,-1) ] 3  :    64   11    4.778
  41  [    2 ( 0, 0, 0) ] 1     3  [    1 ( 1,-1, 1) ] 2  :    72   11    9.982
  41  [    2 ( 0, 0, 0) ] 1    49  [    1 ( 1,-1, 0) ] 2  :    92   11   10.781
  41  [    2 ( 0, 0, 0) ] 1    49  [    1 ( 1,-1, 0) ] 3  :    96   11   10.781
  41  [    2 ( 0, 0, 0) ] 1    22  [    1 ( 0, 1, 1) ] 2  :   108   11    6.280
  41  [    2 ( 0, 0, 0) ] 1    22  [    1 ( 0, 1, 1) ] 3  :   112   11    6.280
  41  [    2 ( 0, 0, 0) ] 1    20  [    1 ( 0, 1,-1) ] 2  :   120   11    9.447
  41  [    2 ( 0, 0, 0) ] 1    17  [    1 ( 0,-1, 1) ] 3  :   140   11    4.075
  41  [    2 ( 0, 0, 0) ] 1     5  [    1 (-1, 1, 1) ] 2  :   156   11    7.058
  41  [    2 ( 0, 0, 0) ] 1     5  [    1 (-1, 1, 1) ] 3  :   160   11    7.058
  41  [    2 ( 0, 0, 0) ] 1    55  [    1 (-1, 1, 0) ] 2  :   168   11    8.523
  41  [    2 ( 0, 0, 0) ] 1    37  [    1 (-1, 0, 1) ] 3  :   188   11    4.778
  41  [    2 ( 0, 0, 0) ] 1    34  [    1 ( 1, 0,-1) ] 1  :    16   12    4.778
  41  [    2 ( 0, 0, 0) ] 1    49  [    1 ( 1,-1, 0) ] 1  :    24   12   10.781
  41  [    2 ( 0, 0, 0) ] 1    22  [    1 ( 0, 1, 1) ] 1  :    28   12    6.280
  41  [    2 ( 0, 0, 0) ] 1     5  [    1 (-1, 1, 1) ] 1  :    40   12    7.058
  41  [    2 ( 0, 0, 0) ] 1    42  [    2 (-1,-1, 1) ] 1  :    25   13    4.075
  41  [    2 ( 0, 0, 0) ] 1    42  [    2 ( 1, 1,-1) ] 1  :    28   13    4.075
  41  [    2 ( 0, 0, 0) ] 1    43  [    2 (-1, 1,-1) ] 1  :    33   13    2.495
  41  [    2 ( 0, 0, 0) ] 1    43  [    2 ( 1,-1, 1) ] 1  :    36   13    2.495
  41  [    2 ( 0, 0, 0) ] 1    45  [    2 (-1, 1, 1) ] 1  :    21   14    4.778
  41  [    2 ( 0, 0, 0) ] 1    45  [    2 ( 1,-1,-1) ] 1  :    24   14    4.778
  41  [    2 ( 0, 0, 0) ] 1    59  [    2 (-1, 0, 0) ] 1  :    25   15    9.112
  41  [    2 ( 0, 0, 0) ] 1    58  [    2 ( 1, 0, 0) ] 1  :    28   15    8.150
  41  [    2 ( 0, 0, 0) ] 1    57  [    2 ( 0,-1, 1) ] 1  :    41   15    8.523
  41  [    2 ( 0, 0, 0) ] 1    60  [    2 ( 0, 1,-1) ] 1  :    44   15    8.523
  41  [    2 ( 0, 0, 0) ] 1    59  [    2 (-1, 0, 0) ] 2  :    97   16    9.112
  41  [    2 ( 0, 0, 0) ] 1    59  [    2 (-1, 0, 0) ] 3  :   101   16    9.112
  41  [    2 ( 0, 0, 0) ] 1    58  [    2 ( 1, 0, 0) ] 2  :   108   16    8.150
  41  [    2 ( 0, 0, 0) ] 1    58  [    2 ( 1, 0, 0) ] 3  :   112   16    8.150
  41  [    2 ( 0, 0, 0) ] 1    13  [    2 (-1, 0, 1) ] 2  :   113   16    4.075
  41  [    2 ( 0, 0, 0) ] 1    10  [    2 ( 1, 0,-1) ] 2  :   120   16    6.280
  41  [    2 ( 0, 0, 0) ] 1    31  [    2 (-1, 1, 0) ] 3  :   129   16    4.075
  41  [    2 ( 0, 0, 0) ] 1    25  [    2 ( 1,-1, 0) ] 3  :   140   16    4.075
  41  [    2 ( 0, 0, 0) ] 1     9  [    2 ( 0,-1, 0) ] 2  :   145   16    7.058
  41  [    2 ( 0, 0, 0) ] 1    14  [    2 ( 0, 1, 0) ] 2  :   152   16    7.486
  41  [    2 ( 0, 0, 0) ] 1    57  [    2 ( 0,-1, 1) ] 2  :   161   16    8.523
  41  [    2 ( 0, 0, 0) ] 1    57  [    2 ( 0,-1, 1) ] 3  :   165   16    8.523
  41  [    2 ( 0, 0, 0) ] 1    60  [    2 ( 0, 1,-1) ] 2  :   172   16    8.523
  41  [    2 ( 0, 0, 0) ] 1    60  [    2 ( 0, 1,-1) ] 3  :   176   16    8.523
  41  [    2 ( 0, 0, 0) ] 1    27  [    2 ( 0, 0,-1) ] 3  :   177   16    4.075
  41  [    2 ( 0, 0, 0) ] 1    29  [    2 ( 0, 0, 1) ] 3  :   188   16    4.075
  41  [    2 ( 0, 0, 0) ] 1    13  [    2 (-1, 0, 1) ] 1  :    57   17    4.075
  41  [    2 ( 0, 0, 0) ] 1    10  [    2 ( 1, 0,-1) ] 1  :    60   17    6.280
  41  [    2 ( 0, 0, 0) ] 1    31  [    2 (-1, 1, 0) ] 1  :    65   17    4.075
  41  [    2 ( 0, 0, 0) ] 1    25  [    2 ( 1,-1, 0) ] 1  :    68   17    4.075
  41  [    2 ( 0, 0, 0) ] 1     9  [    2 ( 0,-1, 0) ] 1  :    73   17    7.058
  41  [    2 ( 0, 0, 0) ] 1    14  [    2 ( 0, 1, 0) ] 1  :    76   17    7.486
  41  [    2 ( 0, 0, 0) ] 1    27  [    2 ( 0, 0,-1) ] 1  :    89   17    4.075
  41  [    2 ( 0, 0, 0) ] 1    29  [    2 ( 0, 0, 1) ] 1  :    92   17    4.075
  41  [    2 ( 0, 0, 0) ] 1    13  [    2 (-1, 0, 1) ] 3  :    57   18    4.075
  41  [    2 ( 0, 0, 0) ] 1    10  [    2 ( 1, 0,-1) ] 3  :    64   18    6.280
  41  [    2 ( 0, 0, 0) ] 1    31  [    2 (-1, 1, 0) ] 2  :    65   18    4.075
  41  [    2 ( 0, 0, 0) ] 1    25  [    2 ( 1,-1, 0) ] 2  :    72   18    4.075
  41  [    2 ( 0, 0, 0) ] 1     9  [    2 ( 0,-1, 0) ] 3  :    73   18    7.058
  41  [    2 ( 0, 0, 0) ] 1    14  [    2 ( 0, 1, 0) ] 3  :    80   18    7.486
  41  [    2 ( 0, 0, 0) ] 1    27  [    2 ( 0, 0,-1) ] 2  :    89   18    4.075
  41  [    2 ( 0, 0, 0) ] 1    29  [    2 ( 0, 0, 1) ] 2  :    96   18    4.075
  41  [    2 ( 0, 0, 0) ] 1    51  [    1 ( 0, 0,-1) ] 1  :     4   19    9.112
  41  [    2 ( 0, 0, 0) ] 1    33  [    1 ( 0,-1, 0) ] 1  :    12   19    4.075
  41  [    2 ( 0, 0, 0) ] 1    50  [    1 ( 2, 0,-1) ] 1  :    36   19    9.112
  41  [    2 ( 0, 0, 0) ] 1    36  [    1 ( 2,-1, 0) ] 1  :    44   19    5.763
  41  [    2 ( 0, 0, 0) ] 1     6  [    1 ( 0, 2, 0) ] 1  :    52   19    7.486
  41  [    2 ( 0, 0, 0) ] 1     7  [    1 ( 0, 0, 2) ] 1  :    68   19    5.763
  41  [    2 ( 0, 0, 0) ] 1    24  [    1 (-1, 2, 0) ] 1  :    84   19    4.778
  41  [    2 ( 0, 0, 0) ] 1    21  [    1 (-1, 0, 2) ] 1  :    92   19    7.058
  41  [    2 ( 0, 0, 0) ] 1    51  [    1 ( 0, 0,-1) ] 2  :     8   20    9.112
  41  [    2 ( 0, 0, 0) ] 1    33  [    1 ( 0,-1, 0) ] 3  :    16   20    4.075
  41  [    2 ( 0, 0, 0) ] 1    50  [    1 ( 2, 0,-1) ] 3  :    40   20    9.112
  41  [    2 ( 0, 0, 0) ] 1    36  [    1 ( 2,-1, 0) ] 2  :    48   20    5.763
  41  [    2 ( 0, 0, 0) ] 1     6  [    1 ( 0, 2, 0) ] 3  :    56   20    7.486
  41  [    2 ( 0, 0, 0) ] 1     7  [    1 ( 0, 0, 2) ] 2  :    72   20    5.763
  41  [    2 ( 0, 0, 0) ] 1    24  [    1 (-1, 2, 0) ] 2  :    88   20    4.778
  41  [    2 ( 0, 0, 0) ] 1    21  [    1 (-1, 0, 2) ] 3  :    96   20    7.058
  41  [    2 ( 0, 0, 0) ] 1    51  [    1 ( 0, 0,-1) ] 3  :    12   21    9.112
  41  [    2 ( 0, 0, 0) ] 1    33  [    1 ( 0,-1, 0) ] 2  :    24   21    4.075
  41  [    2 ( 0, 0, 0) ] 1    19  [    1 (-1, 0, 0) ] 2  :    44   21    5.763
  41  [    2 ( 0, 0, 0) ] 1    19  [    1 (-1, 0, 0) ] 3  :    48   21    5.763
  41  [    2 ( 0, 0, 0) ] 1     4  [    1 ( 2, 0, 0) ] 2  :    60   21    9.447
  41  [    2 ( 0, 0, 0) ] 1     4  [    1 ( 2, 0, 0) ] 3  :    64   21    9.447
  41  [    2 ( 0, 0, 0) ] 1    50  [    1 ( 2, 0,-1) ] 2  :    72   21    9.112
  41  [    2 ( 0, 0, 0) ] 1    36  [    1 ( 2,-1, 0) ] 3  :    92   21    5.763
  41  [    2 ( 0, 0, 0) ] 1     6  [    1 ( 0, 2, 0) ] 2  :   104   21    7.486
  41  [    2 ( 0, 0, 0) ] 1    56  [    1 ( 0, 2,-1) ] 2  :   124   21    7.058
  41  [    2 ( 0, 0, 0) ] 1    56  [    1 ( 0, 2,-1) ] 3  :   128   21    7.058
  41  [    2 ( 0, 0, 0) ] 1     7  [    1 ( 0, 0, 2) ] 3  :   140   21    5.763
  41  [    2 ( 0, 0, 0) ] 1    39  [    1 ( 0,-1, 2) ] 2  :   156   21    4.778
  41  [    2 ( 0, 0, 0) ] 1    39  [    1 ( 0,-1, 2) ] 3  :   160   21    4.778
  41  [    2 ( 0, 0, 0) ] 1    24  [    1 (-1, 2, 0) ] 3  :   172   21    4.778
  41  [    2 ( 0, 0, 0) ] 1    21  [    1 (-1, 0, 2) ] 2  :   184   21    7.058
  41  [    2 ( 0, 0, 0) ] 1    19  [    1 (-1, 0, 0) ] 1  :    12   22    5.763
  41  [    2 ( 0, 0, 0) ] 1     4  [    1 ( 2, 0, 0) ] 1  :    16   22    9.447
  41  [    2 ( 0, 0, 0) ] 1    56  [    1 ( 0, 2,-1) ] 1  :    32   22    7.058
  41  [    2 ( 0, 0, 0) ] 1    39  [    1 ( 0,-1, 2) ] 1  :    40   22    4.778
  41  [    2 ( 0, 0, 0) ] 2    41  [    2 ( 0, 0, 0) ] 2  :     5    1    4.778
  41  [    2 ( 0, 0, 0) ] 2     1  [    1 ( 0, 0, 0) ] 2  :     4    2    2.495
  41  [    2 ( 0, 0, 0) ] 2    18  [    1 ( 1, 0, 0) ] 2  :    14    2    4.778
  41  [    2 ( 0, 0, 0) ] 2    38  [    1 ( 0, 1, 0) ] 2  :    26    2    4.075
  41  [    2 ( 0, 0, 0) ] 2    53  [    1 ( 0, 0, 1) ] 2  :    38    2   10.289
  41  [    2 ( 0, 0, 0) ] 2     1  [    1 ( 0, 0, 0) ] 1  :     2    3    2.495
  41  [    2 ( 0, 0, 0) ] 2     1  [    1 ( 0, 0, 0) ] 3  :    12    3    2.495
  41  [    2 ( 0, 0, 0) ] 2    18  [    1 ( 1, 0, 0) ] 1  :    16    3    4.778
  41  [    2 ( 0, 0, 0) ] 2    18  [    1 ( 1, 0, 0) ] 3  :    36    3    4.778
  41  [    2 ( 0, 0, 0) ] 2    38  [    1 ( 0, 1, 0) ] 1  :    40    3    4.075
  41  [    2 ( 0, 0, 0) ] 2    38  [    1 ( 0, 1, 0) ] 3  :    60    3    4.075
  41  [    2 ( 0, 0, 0) ] 2    53  [    1 ( 0, 0, 1) ] 1  :    64    3   10.289
  41  [    2 ( 0, 0, 0) ] 2    53  [    1 ( 0, 0, 1) ] 3  :    84    3   10.289
  41  [    2 ( 0, 0, 0) ] 2    28  [    2 (-1,-1, 0) ] 2  :   101    4    2.495
  41  [    2 ( 0, 0, 0) ] 2    30  [    2 ( 1, 1, 0) ] 2  :   104    4    4.778
  41  [    2 ( 0, 0, 0) ] 2    63  [    2 ( 0,-1,-1) ] 2  :   113    4    7.058
  41  [    2 ( 0, 0, 0) ] 2    62  [    2 ( 0, 1, 1) ] 2  :   116    4    7.486
  41  [    2 ( 0, 0, 0) ] 2    32  [    2 (-2, 0, 1) ] 2  :   125    4    2.495
  41  [    2 ( 0, 0, 0) ] 2    26  [    2 ( 2, 0,-1) ] 2  :   128    4    6.280
  41  [    2 ( 0, 0, 0) ] 2    63  [    2 (-2, 1, 1) ] 2  :   137    4    7.058
  41  [    2 ( 0, 0, 0) ] 2    62  [    2 ( 2,-1,-1) ] 2  :   140    4    7.486
  41  [    2 ( 0, 0, 0) ] 2    30  [    2 (-1,-1, 2) ] 2  :   149    4    4.778
  41  [    2 ( 0, 0, 0) ] 2    28  [    2 ( 1, 1,-2) ] 2  :   152    4    2.495
  41  [    2 ( 0, 0, 0) ] 2    61  [    2 (-1, 0, 2) ] 2  :   153    4    7.058
  41  [    2 ( 0, 0, 0) ] 2    64  [    2 ( 1, 0,-2) ] 2  :   156    4    9.112
  41  [    2 ( 0, 0, 0) ] 2    64  [    2 (-1, 2, 0) ] 2  :   169    4    9.112
  41  [    2 ( 0, 0, 0) ] 2    61  [    2 ( 1,-2, 0) ] 2  :   172    4    7.058
  41  [    2 ( 0, 0, 0) ] 2    26  [    2 ( 0,-2, 1) ] 2  :   181    4    6.280
  41  [    2 ( 0, 0, 0) ] 2    32  [    2 ( 0, 2,-1) ] 2  :   184    4    2.495
  41  [    2 ( 0, 0, 0) ] 2    30  [    2 ( 1, 1, 0) ] 1  :   100    5    4.778
  41  [    2 ( 0, 0, 0) ] 2    28  [    2 (-1,-1, 0) ] 1  :   101    5    2.495
  41  [    2 ( 0, 0, 0) ] 2    63  [    2 ( 0,-1,-1) ] 3  :   113    5    7.058
  41  [    2 ( 0, 0, 0) ] 2    62  [    2 ( 0, 1, 1) ] 3  :   120    5    7.486
  41  [    2 ( 0, 0, 0) ] 2    26  [    2 ( 2, 0,-1) ] 1  :   124    5    6.280
  41  [    2 ( 0, 0, 0) ] 2    32  [    2 (-2, 0, 1) ] 1  :   125    5    2.495
  41  [    2 ( 0, 0, 0) ] 2    63  [    2 (-2, 1, 1) ] 3  :   137    5    7.058
  41  [    2 ( 0, 0, 0) ] 2    62  [    2 ( 2,-1,-1) ] 3  :   144    5    7.486
  41  [    2 ( 0, 0, 0) ] 2    28  [    2 ( 1, 1,-2) ] 1  :   148    5    2.495
  41  [    2 ( 0, 0, 0) ] 2    30  [    2 (-1,-1, 2) ] 1  :   149    5    4.778
  41  [    2 ( 0, 0, 0) ] 2    61  [    2 (-1, 0, 2) ] 3  :   153    5    7.058
  41  [    2 ( 0, 0, 0) ] 2    64  [    2 ( 1, 0,-2) ] 3  :   160    5    9.112
  41  [    2 ( 0, 0, 0) ] 2    64  [    2 (-1, 2, 0) ] 3  :   169    5    9.112
  41  [    2 ( 0, 0, 0) ] 2    61  [    2 ( 1,-2, 0) ] 3  :   176    5    7.058
  41  [    2 ( 0, 0, 0) ] 2    32  [    2 ( 0, 2,-1) ] 1  :   180    5    2.495
  41  [    2 ( 0, 0, 0) ] 2    26  [    2 ( 0,-2, 1) ] 1  :   181    5    6.280
  41  [    2 ( 0, 0, 0) ] 2    28  [    2 (-1,-1, 0) ] 3  :   101    6    2.495
  41  [    2 ( 0, 0, 0) ] 2    16  [    2 ( 1, 0, 1) ] 1  :   108    6    4.778
  41  [    2 ( 0, 0, 0) ] 2    16  [    2 ( 1, 0, 1) ] 3  :   112    6    4.778
  41  [    2 ( 0, 0, 0) ] 2    63  [    2 ( 0,-1,-1) ] 1  :   113    6    7.058
  41  [    2 ( 0, 0, 0) ] 2    26  [    2 ( 2, 0,-1) ] 3  :   128    6    6.280
  41  [    2 ( 0, 0, 0) ] 2    15  [    2 (-2, 1, 0) ] 1  :   129    6    5.763
  41  [    2 ( 0, 0, 0) ] 2    15  [    2 (-2, 1, 0) ] 3  :   133    6    5.763
  41  [    2 ( 0, 0, 0) ] 2    62  [    2 ( 2,-1,-1) ] 1  :   140    6    7.486
  41  [    2 ( 0, 0, 0) ] 2    30  [    2 (-1,-1, 2) ] 3  :   149    6    4.778
  41  [    2 ( 0, 0, 0) ] 2    61  [    2 (-1, 0, 2) ] 1  :   153    6    7.058
  41  [    2 ( 0, 0, 0) ] 2    11  [    2 ( 1,-2, 1) ] 1  :   164    6    4.075
  41  [    2 ( 0, 0, 0) ] 2    11  [    2 ( 1,-2, 1) ] 3  :   168    6    4.075
  41  [    2 ( 0, 0, 0) ] 2    64  [    2 (-1, 2, 0) ] 1  :   169    6    9.112
  41  [    2 ( 0, 0, 0) ] 2    32  [    2 ( 0, 2,-1) ] 3  :   184    6    2.495
  41  [    2 ( 0, 0, 0) ] 2    12  [    2 ( 0, 1,-2) ] 1  :   188    6    4.778
  41  [    2 ( 0, 0, 0) ] 2    12  [    2 ( 0, 1,-2) ] 3  :   192    6    4.778
  41  [    2 ( 0, 0, 0) ] 2    30  [    2 ( 1, 1, 0) ] 3  :   104    7    4.778
  41  [    2 ( 0, 0, 0) ] 2    11  [    2 (-1, 0,-1) ] 1  :   105    7    4.075
  41  [    2 ( 0, 0, 0) ] 2    11  [    2 (-1, 0,-1) ] 3  :   109    7    4.075
  41  [    2 ( 0, 0, 0) ] 2    62  [    2 ( 0, 1, 1) ] 1  :   116    7    7.486
  41  [    2 ( 0, 0, 0) ] 2    32  [    2 (-2, 0, 1) ] 3  :   125    7    2.495
  41  [    2 ( 0, 0, 0) ] 2    12  [    2 ( 2,-1, 0) ] 1  :   132    7    4.778
  41  [    2 ( 0, 0, 0) ] 2    12  [    2 ( 2,-1, 0) ] 3  :   136    7    4.778
  41  [    2 ( 0, 0, 0) ] 2    63  [    2 (-2, 1, 1) ] 1  :   137    7    7.058
  41  [    2 ( 0, 0, 0) ] 2    28  [    2 ( 1, 1,-2) ] 3  :   152    7    2.495
  41  [    2 ( 0, 0, 0) ] 2    64  [    2 ( 1, 0,-2) ] 1  :   156    7    9.112
  41  [    2 ( 0, 0, 0) ] 2    16  [    2 (-1, 2,-1) ] 1  :   161    7    4.778
  41  [    2 ( 0, 0, 0) ] 2    16  [    2 (-1, 2,-1) ] 3  :   165    7    4.778
  41  [    2 ( 0, 0, 0) ] 2    61  [    2 ( 1,-2, 0) ] 1  :   172    7    7.058
  41  [    2 ( 0, 0, 0) ] 2    26  [    2 ( 0,-2, 1) ] 3  :   181    7    6.280
  41  [    2 ( 0, 0, 0) ] 2    15  [    2 ( 0,-1, 2) ] 1  :   185    7    5.763
  41  [    2 ( 0, 0, 0) ] 2    15  [    2 ( 0,-1, 2) ] 3  :   189    7    5.763
  41  [    2 ( 0, 0, 0) ] 2    11  [    2 (-1, 0,-1) ] 2  :    53    8    4.075
  41  [    2 ( 0, 0, 0) ] 2    16  [    2 ( 1, 0, 1) ] 2  :    56    8    4.778
  41  [    2 ( 0, 0, 0) ] 2    15  [    2 (-2, 1, 0) ] 2  :    65    8    5.763
  41  [    2 ( 0, 0, 0) ] 2    12  [    2 ( 2,-1, 0) ] 2  :    68    8    4.778
  41  [    2 ( 0, 0, 0) ] 2    16  [    2 (-1, 2,-1) ] 2  :    81    8    4.778
  41  [    2 ( 0, 0, 0) ] 2    11  [    2 ( 1,-2, 1) ] 2  :    84    8    4.075
  41  [    2 ( 0, 0, 0) ] 2    15  [    2 ( 0,-1, 2) ] 2  :    93    8    5.763
  41  [    2 ( 0, 0, 0) ] 2    12  [    2 ( 0, 1,-2) ] 2  :    96    8    4.778
  41  [    2 ( 0, 0, 0) ] 2    54  [    1 ( 1, 1, 0) ] 2  :     8    9    8.150
  41  [    2 ( 0, 0, 0) ] 2     2  [    1 ( 1, 1,-1) ] 2  :    16    9    0.000
  41  [    2 ( 0, 0, 0) ] 2    34  [    1 ( 1, 0,-1) ] 2  :    28    9    4.778
  41  [    2 ( 0, 0, 0) ] 2    49  [    1 ( 1,-1, 0) ] 2  :    44    9   10.781
  41  [    2 ( 0, 0, 0) ] 2    22  [    1 ( 0, 1, 1) ] 2  :    52    9    6.280
  41  [    2 ( 0, 0, 0) ] 2    17  [    1 ( 0,-1, 1) ] 2  :    72    9    4.075
  41  [    2 ( 0, 0, 0) ] 2     5  [    1 (-1, 1, 1) ] 2  :    76    9    7.058
  41  [    2 ( 0, 0, 0) ] 2    37  [    1 (-1, 0, 1) ] 2  :    96    9    4.778
  41  [    2 ( 0, 0, 0) ] 2    54  [    1 ( 1, 1, 0) ] 1  :     4   10    8.150
  41  [    2 ( 0, 0, 0) ] 2     2  [    1 ( 1, 1,-1) ] 1  :    12   10    0.000
  41  [    2 ( 0, 0, 0) ] 2    34  [    1 ( 1, 0,-1) ] 3  :    32   10    4.778
  41  [    2 ( 0, 0, 0) ] 2    49  [    1 ( 1,-1, 0) ] 3  :    48   10   10.781
  41  [    2 ( 0, 0, 0) ] 2    22  [    1 ( 0, 1, 1) ] 3  :    56   10    6.280
  41  [    2 ( 0, 0, 0) ] 2    17  [    1 ( 0,-1, 1) ] 1  :    68   10    4.075
  41  [    2 ( 0, 0, 0) ] 2     5  [    1 (-1, 1, 1) ] 3  :    80   10    7.058
  41  [    2 ( 0, 0, 0) ] 2    37  [    1 (-1, 0, 1) ] 1  :    92   10    4.778
  41  [    2 ( 0, 0, 0) ] 2    54  [    1 ( 1, 1, 0) ] 3  :    16   11    8.150
  41  [    2 ( 0, 0, 0) ] 2     2  [    1 ( 1, 1,-1) ] 3  :    32   11    0.000
  41  [    2 ( 0, 0, 0) ] 2    40  [    1 ( 1, 0, 1) ] 1  :    36   11    5.763
  41  [    2 ( 0, 0, 0) ] 2    40  [    1 ( 1, 0, 1) ] 3  :    48   11    5.763
  41  [    2 ( 0, 0, 0) ] 2    34  [    1 ( 1, 0,-1) ] 1  :    52   11    4.778
  41  [    2 ( 0, 0, 0) ] 2     3  [    1 ( 1,-1, 1) ] 1  :    68   11    9.982
  41  [    2 ( 0, 0, 0) ] 2     3  [    1 ( 1,-1, 1) ] 3  :    80   11    9.982
  41  [    2 ( 0, 0, 0) ] 2    49  [    1 ( 1,-1, 0) ] 1  :    84   11   10.781
  41  [    2 ( 0, 0, 0) ] 2    22  [    1 ( 0, 1, 1) ] 1  :   100   11    6.280
  41  [    2 ( 0, 0, 0) ] 2    20  [    1 ( 0, 1,-1) ] 1  :   116   11    9.447
  41  [    2 ( 0, 0, 0) ] 2    20  [    1 ( 0, 1,-1) ] 3  :   128   11    9.447
  41  [    2 ( 0, 0, 0) ] 2    17  [    1 ( 0,-1, 1) ] 3  :   144   11    4.075
  41  [    2 ( 0, 0, 0) ] 2     5  [    1 (-1, 1, 1) ] 1  :   148   11    7.058
  41  [    2 ( 0, 0, 0) ] 2    55  [    1 (-1, 1, 0) ] 1  :   164   11    8.523
  41  [    2 ( 0, 0, 0) ] 2    55  [    1 (-1, 1, 0) ] 3  :   176   11    8.523
  41  [    2 ( 0, 0, 0) ] 2    37  [    1 (-1, 0, 1) ] 3  :   192   11    4.778
  41  [    2 ( 0, 0, 0) ] 2    40  [    1 ( 1, 0, 1) ] 2  :    12   12    5.763
  41  [    2 ( 0, 0, 0) ] 2     3  [    1 ( 1,-1, 1) ] 2  :    20   12    9.982
  41  [    2 ( 0, 0, 0) ] 2    20  [    1 ( 0, 1,-1) ] 2  :    32   12    9.447
  41  [    2 ( 0, 0, 0) ] 2    55  [    1 (-1, 1, 0) ] 2  :    44   12    8.523
  41  [    2 ( 0, 0, 0) ] 2    42  [    2 (-1,-1, 1) ] 2  :    29   13    4.075
  41  [    2 ( 0, 0, 0) ] 2    42  [    2 ( 1, 1,-1) ] 2  :    32   13    4.075
  41  [    2 ( 0, 0, 0) ] 2    45  [    2 (-1, 1, 1) ] 2  :    41   13    4.778
  41  [    2 ( 0, 0, 0) ] 2    45  [    2 ( 1,-1,-1) ] 2  :    44   13    4.778
  41  [    2 ( 0, 0, 0) ] 2    43  [    2 (-1, 1,-1) ] 2  :    17   14    2.495
  41  [    2 ( 0, 0, 0) ] 2    43  [    2 ( 1,-1, 1) ] 2  :    20   14    2.495
  41  [    2 ( 0, 0, 0) ] 2    13  [    2 (-1, 0, 1) ] 2  :    29   15    4.075
  41  [    2 ( 0, 0, 0) ] 2    10  [    2 ( 1, 0,-1) ] 2  :    32   15    6.280
  41  [    2 ( 0, 0, 0) ] 2     9  [    2 ( 0,-1, 0) ] 2  :    37   15    7.058
  41  [    2 ( 0, 0, 0) ] 2    14  [    2 ( 0, 1, 0) ] 2  :    40   15    7.486
  41  [    2 ( 0, 0, 0) ] 2    58  [    2 ( 1, 0, 0) ] 1  :   100   16    8.150
  41  [    2 ( 0, 0, 0) ] 2    59  [    2 (-1, 0, 0) ] 1  :   105   16    9.112
  41  [    2 ( 0, 0, 0) ] 2    10  [    2 ( 1, 0,-1) ] 1  :   116   16    6.280
  41  [    2 ( 0, 0, 0) ] 2    13  [    2 (-1, 0, 1) ] 1  :   117   16    4.075
  41  [    2 ( 0, 0, 0) ] 2    13  [    2 (-1, 0, 1) ] 3  :   121   16    4.075
  41  [    2 ( 0, 0, 0) ] 2    10  [    2 ( 1, 0,-1) ] 3  :   128   16    6.280
  41  [    2 ( 0, 0, 0) ] 2    31  [    2 (-1, 1, 0) ] 3  :   133   16    4.075
  41  [    2 ( 0, 0, 0) ] 2    25  [    2 ( 1,-1, 0) ] 3  :   144   16    4.075
  41  [    2 ( 0, 0, 0) ] 2    14  [    2 ( 0, 1, 0) ] 1  :   148   16    7.486
  41  [    2 ( 0, 0, 0) ] 2     9  [    2 ( 0,-1, 0) ] 1  :   149   16    7.058
  41  [    2 ( 0, 0, 0) ] 2     9  [    2 ( 0,-1, 0) ] 3  :   153   16    7.058
  41  [    2 ( 0, 0, 0) ] 2    14  [    2 ( 0, 1, 0) ] 3  :   160   16    7.486
  41  [    2 ( 0, 0, 0) ] 2    60  [    2 ( 0, 1,-1) ] 1  :   164   16    8.523
  41  [    2 ( 0, 0, 0) ] 2    57  [    2 ( 0,-1, 1) ] 1  :   169   16    8.523
  41  [    2 ( 0, 0, 0) ] 2    27  [    2 ( 0, 0,-1) ] 3  :   181   16    4.075
  41  [    2 ( 0, 0, 0) ] 2    29  [    2 ( 0, 0, 1) ] 3  :   192   16    4.075
  41  [    2 ( 0, 0, 0) ] 2    59  [    2 (-1, 0, 0) ] 2  :    49   17    9.112
  41  [    2 ( 0, 0, 0) ] 2    58  [    2 ( 1, 0, 0) ] 2  :    52   17    8.150
  41  [    2 ( 0, 0, 0) ] 2    31  [    2 (-1, 1, 0) ] 2  :    69   17    4.075
  41  [    2 ( 0, 0, 0) ] 2    25  [    2 ( 1,-1, 0) ] 2  :    72   17    4.075
  41  [    2 ( 0, 0, 0) ] 2    57  [    2 ( 0,-1, 1) ] 2  :    81   17    8.523
  41  [    2 ( 0, 0, 0) ] 2    60  [    2 ( 0, 1,-1) ] 2  :    84   17    8.523
  41  [    2 ( 0, 0, 0) ] 2    27  [    2 ( 0, 0,-1) ] 2  :    93   17    4.075
  41  [    2 ( 0, 0, 0) ] 2    29  [    2 ( 0, 0, 1) ] 2  :    96   17    4.075
  41  [    2 ( 0, 0, 0) ] 2    59  [    2 (-1, 0, 0) ] 3  :    49   18    9.112
  41  [    2 ( 0, 0, 0) ] 2    58  [    2 ( 1, 0, 0) ] 3  :    56   18    8.150
  41  [    2 ( 0, 0, 0) ] 2    25  [    2 ( 1,-1, 0) ] 1  :    68   18    4.075
  41  [    2 ( 0, 0, 0) ] 2    31  [    2 (-1, 1, 0) ] 1  :    69   18    4.075
  41  [    2 ( 0, 0, 0) ] 2    57  [    2 ( 0,-1, 1) ] 3  :    81   18    8.523
  41  [    2 ( 0, 0, 0) ] 2    60  [    2 ( 0, 1,-1) ] 3  :    88   18    8.523
  41  [    2 ( 0, 0, 0) ] 2    29  [    2 ( 0, 0, 1) ] 1  :    92   18    4.075
  41  [    2 ( 0, 0, 0) ] 2    27  [    2 ( 0, 0,-1) ] 1  :    93   18    4.075
  41  [    2 ( 0, 0, 0) ] 2    51  [    1 ( 0, 0,-1) ] 2  :     8   19    9.112
  41  [    2 ( 0, 0, 0) ] 2    19  [    1 (-1, 0, 0) ] 2  :    20   19    5.763
  41  [    2 ( 0, 0, 0) ] 2     4  [    1 ( 2, 0, 0) ] 2  :    28   19    9.447
  41  [    2 ( 0, 0, 0) ] 2    36  [    1 ( 2,-1, 0) ] 2  :    48   19    5.763
  41  [    2 ( 0, 0, 0) ] 2    56  [    1 ( 0, 2,-1) ] 2  :    60   19    7.058
  41  [    2 ( 0, 0, 0) ] 2     7  [    1 ( 0, 0, 2) ] 2  :    72   19    5.763
  41  [    2 ( 0, 0, 0) ] 2    39  [    1 ( 0,-1, 2) ] 2  :    76   19    4.778
  41  [    2 ( 0, 0, 0) ] 2    24  [    1 (-1, 2, 0) ] 2  :    88   19    4.778
  41  [    2 ( 0, 0, 0) ] 2    51  [    1 ( 0, 0,-1) ] 1  :     4   20    9.112
  41  [    2 ( 0, 0, 0) ] 2    19  [    1 (-1, 0, 0) ] 3  :    24   20    5.763
  41  [    2 ( 0, 0, 0) ] 2     4  [    1 ( 2, 0, 0) ] 3  :    32   20    9.447
  41  [    2 ( 0, 0, 0) ] 2    36  [    1 ( 2,-1, 0) ] 1  :    44   20    5.763
  41  [    2 ( 0, 0, 0) ] 2    56  [    1 ( 0, 2,-1) ] 3  :    64   20    7.058
  41  [    2 ( 0, 0, 0) ] 2     7  [    1 ( 0, 0, 2) ] 1  :    68   20    5.763
  41  [    2 ( 0, 0, 0) ] 2    39  [    1 ( 0,-1, 2) ] 3  :    80   20    4.778
  41  [    2 ( 0, 0, 0) ] 2    24  [    1 (-1, 2, 0) ] 1  :    84   20    4.778
  41  [    2 ( 0, 0, 0) ] 2    51  [    1 ( 0, 0,-1) ] 3  :    16   21    9.112
  41  [    2 ( 0, 0, 0) ] 2    33  [    1 ( 0,-1, 0) ] 1  :    20   21    4.075
  41  [    2 ( 0, 0, 0) ] 2    33  [    1 ( 0,-1, 0) ] 3  :    32   21    4.075
  41  [    2 ( 0, 0, 0) ] 2    19  [    1 (-1, 0, 0) ] 1  :    36   21    5.763
  41  [    2 ( 0, 0, 0) ] 2     4  [    1 ( 2, 0, 0) ] 1  :    52   21    9.447
  41  [    2 ( 0, 0, 0) ] 2    50  [    1 ( 2, 0,-1) ] 1  :    68   21    9.112
  41  [    2 ( 0, 0, 0) ] 2    50  [    1 ( 2, 0,-1) ] 3  :    80   21    9.112
  41  [    2 ( 0, 0, 0) ] 2    36  [    1 ( 2,-1, 0) ] 3  :    96   21    5.763
  41  [    2 ( 0, 0, 0) ] 2     6  [    1 ( 0, 2, 0) ] 1  :   100   21    7.486
  41  [    2 ( 0, 0, 0) ] 2     6  [    1 ( 0, 2, 0) ] 3  :   112   21    7.486
  41  [    2 ( 0, 0, 0) ] 2    56  [    1 ( 0, 2,-1) ] 1  :   116   21    7.058
  41  [    2 ( 0, 0, 0) ] 2     7  [    1 ( 0, 0, 2) ] 3  :   144   21    5.763
  41  [    2 ( 0, 0, 0) ] 2    39  [    1 ( 0,-1, 2) ] 1  :   148   21    4.778
  41  [    2 ( 0, 0, 0) ] 2    24  [    1 (-1, 2, 0) ] 3  :   176   21    4.778
  41  [    2 ( 0, 0, 0) ] 2    21  [    1 (-1, 0, 2) ] 1  :   180   21    7.058
  41  [    2 ( 0, 0, 0) ] 2    21  [    1 (-1, 0, 2) ] 3  :   192   21    7.058
  41  [    2 ( 0, 0, 0) ] 2    33  [    1 ( 0,-1, 0) ] 2  :     8   22    4.075
  41  [    2 ( 0, 0, 0) ] 2    50  [    1 ( 2, 0,-1) ] 2  :    20   22    9.112
  41  [    2 ( 0, 0, 0) ] 2     6  [    1 ( 0, 2, 0) ] 2  :    28   22    7.486
  41  [    2 ( 0, 0, 0) ] 2    21  [    1 (-1, 0, 2) ] 2  :    48   22    7.058
  41  [    2 ( 0, 0, 0) ] 3    41  [    2 ( 0, 0, 0) ] 3  :     6    1    4.778
  41  [    2 ( 0, 0, 0) ] 3     1  [    1 ( 0, 0, 0) ] 3  :     6    2    2.495
  41  [    2 ( 0, 0, 0) ] 3    18  [    1 ( 1, 0, 0) ] 3  :    18    2    4.778
  41  [    2 ( 0, 0, 0) ] 3    38  [    1 ( 0, 1, 0) ] 3  :    30    2    4.075
  41  [    2 ( 0, 0, 0) ] 3    53  [    1 ( 0, 0, 1) ] 3  :    42    2   10.289
  41  [    2 ( 0, 0, 0) ] 3     1  [    1 ( 0, 0, 0) ] 1  :     4    3    2.495
  41  [    2 ( 0, 0, 0) ] 3     1  [    1 ( 0, 0, 0) ] 2  :     8    3    2.495
  41  [    2 ( 0, 0, 0) ] 3    18  [    1 ( 1, 0, 0) ] 1  :    20    3    4.778
  41  [    2 ( 0, 0, 0) ] 3    18  [    1 ( 1, 0, 0) ] 2  :    28    3    4.778
  41  [    2 ( 0, 0, 0) ] 3    38  [    1 ( 0, 1, 0) ] 1  :    44    3    4.075
  41  [    2 ( 0, 0, 0) ] 3    38  [    1 ( 0, 1, 0) ] 2  :    52    3    4.075
  41  [    2 ( 0, 0, 0) ] 3    53  [    1 ( 0, 0, 1) ] 1  :    68    3   10.289
  41  [    2 ( 0, 0, 0) ] 3    53  [    1 ( 0, 0, 1) ] 2  :    76    3   10.289
  41  [    2 ( 0, 0, 0) ] 3    11  [    2 (-1, 0,-1) ] 3  :   109    4    4.075
  41  [    2 ( 0, 0, 0) ] 3    16  [    2 ( 1, 0, 1) ] 3  :   112    4    4.778
  41  [    2 ( 0, 0, 0) ] 3    63  [    2 ( 0,-1,-1) ] 3  :   117    4    7.058
  41  [    2 ( 0, 0, 0) ] 3    62  [    2 ( 0, 1, 1) ] 3  :   120    4    7.486
  41  [    2 ( 0, 0, 0) ] 3    15  [    2 (-2, 1, 0) ] 3  :   133    4    5.763
  41  [    2 ( 0, 0, 0) ] 3    12  [    2 ( 2,-1, 0) ] 3  :   136    4    4.778
  41  [    2 ( 0, 0, 0) ] 3    63  [    2 (-2, 1, 1) ] 3  :   141    4    7.058
  41  [    2 ( 0, 0, 0) ] 3    62  [    2 ( 2,-1,-1) ] 3  :   144    4    7.486
  41  [    2 ( 0, 0, 0) ] 3    61  [    2 (-1, 0, 2) ] 3  :   157    4    7.058
  41  [    2 ( 0, 0, 0) ] 3    64  [    2 ( 1, 0,-2) ] 3  :   160    4    9.112
  41  [    2 ( 0, 0, 0) ] 3    16  [    2 (-1, 2,-1) ] 3  :   165    4    4.778
  41  [    2 ( 0, 0, 0) ] 3    11  [    2 ( 1,-2, 1) ] 3  :   168    4    4.075
  41  [    2 ( 0, 0, 0) ] 3    64  [    2 (-1, 2, 0) ] 3  :   173    4    9.112
  41  [    2 ( 0, 0, 0) ] 3    61  [    2 ( 1,-2, 0) ] 3  :   176    4    7.058
  41  [    2 ( 0, 0, 0) ] 3    15  [    2 ( 0,-1, 2) ] 3  :   189    4    5.763
  41  [    2 ( 0, 0, 0) ] 3    12  [    2 ( 0, 1,-2) ] 3  :   192    4    4.778
  41  [    2 ( 0, 0, 0) ] 3    16  [    2 ( 1, 0, 1) ] 1  :   108    5    4.778
  41  [    2 ( 0, 0, 0) ] 3    11  [    2 (-1, 0,-1) ] 1  :   109    5    4.075
  41  [    2 ( 0, 0, 0) ] 3    62  [    2 ( 0, 1, 1) ] 2  :   116    5    7.486
  41  [    2 ( 0, 0, 0) ] 3    63  [    2 ( 0,-1,-1) ] 2  :   117    5    7.058
  41  [    2 ( 0, 0, 0) ] 3    12  [    2 ( 2,-1, 0) ] 1  :   132    5    4.778
  41  [    2 ( 0, 0, 0) ] 3    15  [    2 (-2, 1, 0) ] 1  :   133    5    5.763
  41  [    2 ( 0, 0, 0) ] 3    62  [    2 ( 2,-1,-1) ] 2  :   140    5    7.486
  41  [    2 ( 0, 0, 0) ] 3    63  [    2 (-2, 1, 1) ] 2  :   141    5    7.058
  41  [    2 ( 0, 0, 0) ] 3    64  [    2 ( 1, 0,-2) ] 2  :   156    5    9.112
  41  [    2 ( 0, 0, 0) ] 3    61  [    2 (-1, 0, 2) ] 2  :   157    5    7.058
  41  [    2 ( 0, 0, 0) ] 3    11  [    2 ( 1,-2, 1) ] 1  :   164    5    4.075
  41  [    2 ( 0, 0, 0) ] 3    16  [    2 (-1, 2,-1) ] 1  :   165    5    4.778
  41  [    2 ( 0, 0, 0) ] 3    61  [    2 ( 1,-2, 0) ] 2  :   172    5    7.058
  41  [    2 ( 0, 0, 0) ] 3    64  [    2 (-1, 2, 0) ] 2  :   173    5    9.112
  41  [    2 ( 0, 0, 0) ] 3    12  [    2 ( 0, 1,-2) ] 1  :   188    5    4.778
  41  [    2 ( 0, 0, 0) ] 3    15  [    2 ( 0,-1, 2) ] 1  :   189    5    5.763
  41  [    2 ( 0, 0, 0) ] 3    30  [    2 ( 1, 1, 0) ] 1  :   100    6    4.778
  41  [    2 ( 0, 0, 0) ] 3    30  [    2 ( 1, 1, 0) ] 2  :   104    6    4.778
  41  [    2 ( 0, 0, 0) ] 3    11  [    2 (-1, 0,-1) ] 2  :   109    6    4.075
  41  [    2 ( 0, 0, 0) ] 3    63  [    2 ( 0,-1,-1) ] 1  :   117    6    7.058
  41  [    2 ( 0, 0, 0) ] 3    32  [    2 (-2, 0, 1) ] 1  :   121    6    2.495
  41  [    2 ( 0, 0, 0) ] 3    32  [    2 (-2, 0, 1) ] 2  :   125    6    2.495
  41  [    2 ( 0, 0, 0) ] 3    12  [    2 ( 2,-1, 0) ] 2  :   136    6    4.778
  41  [    2 ( 0, 0, 0) ] 3    62  [    2 ( 2,-1,-1) ] 1  :   144    6    7.486
  41  [    2 ( 0, 0, 0) ] 3    28  [    2 ( 1, 1,-2) ] 1  :   148    6    2.495
  41  [    2 ( 0, 0, 0) ] 3    28  [    2 ( 1, 1,-2) ] 2  :   152    6    2.495
  41  [    2 ( 0, 0, 0) ] 3    61  [    2 (-1, 0, 2) ] 1  :   157    6    7.058
  41  [    2 ( 0, 0, 0) ] 3    16  [    2 (-1, 2,-1) ] 2  :   165    6    4.778
  41  [    2 ( 0, 0, 0) ] 3    64  [    2 (-1, 2, 0) ] 1  :   173    6    9.112
  41  [    2 ( 0, 0, 0) ] 3    26  [    2 ( 0,-2, 1) ] 1  :   177    6    6.280
  41  [    2 ( 0, 0, 0) ] 3    26  [    2 ( 0,-2, 1) ] 2  :   181    6    6.280
  41  [    2 ( 0, 0, 0) ] 3    15  [    2 ( 0,-1, 2) ] 2  :   189    6    5.763
  41  [    2 ( 0, 0, 0) ] 3    28  [    2 (-1,-1, 0) ] 1  :    97    7    2.495
  41  [    2 ( 0, 0, 0) ] 3    28  [    2 (-1,-1, 0) ] 2  :   101    7    2.495
  41  [    2 ( 0, 0, 0) ] 3    16  [    2 ( 1, 0, 1) ] 2  :   112    7    4.778
  41  [    2 ( 0, 0, 0) ] 3    62  [    2 ( 0, 1, 1) ] 1  :   120    7    7.486
  41  [    2 ( 0, 0, 0) ] 3    26  [    2 ( 2, 0,-1) ] 1  :   124    7    6.280
  41  [    2 ( 0, 0, 0) ] 3    26  [    2 ( 2, 0,-1) ] 2  :   128    7    6.280
  41  [    2 ( 0, 0, 0) ] 3    15  [    2 (-2, 1, 0) ] 2  :   133    7    5.763
  41  [    2 ( 0, 0, 0) ] 3    63  [    2 (-2, 1, 1) ] 1  :   141    7    7.058
  41  [    2 ( 0, 0, 0) ] 3    30  [    2 (-1,-1, 2) ] 1  :   145    7    4.778
  41  [    2 ( 0, 0, 0) ] 3    30  [    2 (-1,-1, 2) ] 2  :   149    7    4.778
  41  [    2 ( 0, 0, 0) ] 3    64  [    2 ( 1, 0,-2) ] 1  :   160    7    9.112
  41  [    2 ( 0, 0, 0) ] 3    11  [    2 ( 1,-2, 1) ] 2  :   168    7    4.075
  41  [    2 ( 0, 0, 0) ] 3    61  [    2 ( 1,-2, 0) ] 1  :   176    7    7.058
  41  [    2 ( 0, 0, 0) ] 3    32  [    2 ( 0, 2,-1) ] 1  :   180    7    2.495
  41  [    2 ( 0, 0, 0) ] 3    32  [    2 ( 0, 2,-1) ] 2  :   184    7    2.495
  41  [    2 ( 0, 0, 0) ] 3    12  [    2 ( 0, 1,-2) ] 2  :   192    7    4.778
  41  [    2 ( 0, 0, 0) ] 3    28  [    2 (-1,-1, 0) ] 3  :    49    8    2.495
  41  [    2 ( 0, 0, 0) ] 3    30  [    2 ( 1, 1, 0) ] 3  :    52    8    4.778
  41  [    2 ( 0, 0, 0) ] 3    32  [    2 (-2, 0, 1) ] 3  :    61    8    2.495
  41  [    2 ( 0, 0, 0) ] 3    26  [    2 ( 2, 0,-1) ] 3  :    64    8    6.280
  41  [    2 ( 0, 0, 0) ] 3    30  [    2 (-1,-1, 2) ] 3  :    73    8    4.778
  41  [    2 ( 0, 0, 0) ] 3    28  [    2 ( 1, 1,-2) ] 3  :    76    8    2.495
  41  [    2 ( 0, 0, 0) ] 3    26  [    2 ( 0,-2, 1) ] 3  :    89    8    6.280
  41  [    2 ( 0, 0, 0) ] 3    32  [    2 ( 0, 2,-1) ] 3  :    92    8    2.495
  41  [    2 ( 0, 0, 0) ] 3    40  [    1 ( 1, 0, 1) ] 3  :    24    9    5.763
  41  [    2 ( 0, 0, 0) ] 3    34  [    1 ( 1, 0,-1) ] 3  :    32    9    4.778
  41  [    2 ( 0, 0, 0) ] 3     3  [    1 ( 1,-1, 1) ] 3  :    40    9    9.982
  41  [    2 ( 0, 0, 0) ] 3    49  [    1 ( 1,-1, 0) ] 3  :    48    9   10.781
  41  [    2 ( 0, 0, 0) ] 3    22  [    1 ( 0, 1, 1) ] 3  :    56    9    6.280
  41  [    2 ( 0, 0, 0) ] 3    20  [    1 ( 0, 1,-1) ] 3  :    64    9    9.447
  41  [    2 ( 0, 0, 0) ] 3     5  [    1 (-1, 1, 1) ] 3  :    80    9    7.058
  41  [    2 ( 0, 0, 0) ] 3    55  [    1 (-1, 1, 0) ] 3  :    88    9    8.523
  41  [    2 ( 0, 0, 0) ] 3    40  [    1 ( 1, 0, 1) ] 1  :    20   10    5.763
  41  [    2 ( 0, 0, 0) ] 3    34  [    1 ( 1, 0,-1) ] 2  :    28   10    4.778
  41  [    2 ( 0, 0, 0) ] 3     3  [    1 ( 1,-1, 1) ] 1  :    36   10    9.982
  41  [    2 ( 0, 0, 0) ] 3    49  [    1 ( 1,-1, 0) ] 2  :    44   10   10.781
  41  [    2 ( 0, 0, 0) ] 3    22  [    1 ( 0, 1, 1) ] 2  :    52   10    6.280
  41  [    2 ( 0, 0, 0) ] 3    20  [    1 ( 0, 1,-1) ] 1  :    60   10    9.447
  41  [    2 ( 0, 0, 0) ] 3     5  [    1 (-1, 1, 1) ] 2  :    76   10    7.058
  41  [    2 ( 0, 0, 0) ] 3    55  [    1 (-1, 1, 0) ] 1  :    84   10    8.523
  41  [    2 ( 0, 0, 0) ] 3    54  [    1 ( 1, 1, 0) ] 1  :     4   11    8.150
  41  [    2 ( 0, 0, 0) ] 3    54  [    1 ( 1, 1, 0) ] 2  :     8   11    8.150
  41  [    2 ( 0, 0, 0) ] 3     2  [    1 ( 1, 1,-1) ] 1  :    20   11    0.000
  41  [    2 ( 0, 0, 0) ] 3     2  [    1 ( 1, 1,-1) ] 2  :    24   11    0.000
  41  [    2 ( 0, 0, 0) ] 3    40  [    1 ( 1, 0, 1) ] 2  :    44   11    5.763
  41  [    2 ( 0, 0, 0) ] 3    34  [    1 ( 1, 0,-1) ] 1  :    56   11    4.778
  41  [    2 ( 0, 0, 0) ] 3     3  [    1 ( 1,-1, 1) ] 2  :    76   11    9.982
  41  [    2 ( 0, 0, 0) ] 3    49  [    1 ( 1,-1, 0) ] 1  :    88   11   10.781
  41  [    2 ( 0, 0, 0) ] 3    22  [    1 ( 0, 1, 1) ] 1  :   104   11    6.280
  41  [    2 ( 0, 0, 0) ] 3    20  [    1 ( 0, 1,-1) ] 2  :   124   11    9.447
  41  [    2 ( 0, 0, 0) ] 3    17  [    1 ( 0,-1, 1) ] 1  :   132   11    4.075
  41  [    2 ( 0, 0, 0) ] 3    17  [    1 ( 0,-1, 1) ] 2  :   136   11    4.075
  41  [    2 ( 0, 0, 0) ] 3     5  [    1 (-1, 1, 1) ] 1  :   152   11    7.058
  41  [    2 ( 0, 0, 0) ] 3    55  [    1 (-1, 1, 0) ] 2  :   172   11    8.523
  41  [    2 ( 0, 0, 0) ] 3    37  [    1 (-1, 0, 1) ] 1  :   180   11    4.778
  41  [    2 ( 0, 0, 0) ] 3    37  [    1 (-1, 0, 1) ] 2  :   184   11    4.778
  41  [    2 ( 0, 0, 0) ] 3    54  [    1 ( 1, 1, 0) ] 3  :     4   12    8.150
  41  [    2 ( 0, 0, 0) ] 3     2  [    1 ( 1, 1,-1) ] 3  :     8   12    0.000
  41  [    2 ( 0, 0, 0) ] 3    17  [    1 ( 0,-1, 1) ] 3  :    36   12    4.075
  41  [    2 ( 0, 0, 0) ] 3    37  [    1 (-1, 0, 1) ] 3  :    48   12    4.778
  41  [    2 ( 0, 0, 0) ] 3    43  [    2 (-1, 1,-1) ] 3  :    37   13    2.495
  41  [    2 ( 0, 0, 0) ] 3    43  [    2 ( 1,-1, 1) ] 3  :    40   13    2.495
  41  [    2 ( 0, 0, 0) ] 3    45  [    2 (-1, 1, 1) ] 3  :    45   13    4.778
  41  [    2 ( 0, 0, 0) ] 3    45  [    2 ( 1,-1,-1) ] 3  :    48   13    4.778
  41  [    2 ( 0, 0, 0) ] 3    42  [    2 (-1,-1, 1) ] 3  :    13   14    4.075
  41  [    2 ( 0, 0, 0) ] 3    42  [    2 ( 1, 1,-1) ] 3  :    16   14    4.075
  41  [    2 ( 0, 0, 0) ] 3    31  [    2 (-1, 1, 0) ] 3  :    33   15    4.075
  41  [    2 ( 0, 0, 0) ] 3    25  [    2 ( 1,-1, 0) ] 3  :    36   15    4.075
  41  [    2 ( 0, 0, 0) ] 3    27  [    2 ( 0, 0,-1) ] 3  :    45   15    4.075
  41  [    2 ( 0, 0, 0) ] 3    29  [    2 ( 0, 0, 1) ] 3  :    48   15    4.075
  41  [    2 ( 0, 0, 0) ] 3    58  [    2 ( 1, 0, 0) ] 1  :   104   16    8.150
  41  [    2 ( 0, 0, 0) ] 3    59  [    2 (-1, 0, 0) ] 1  :   109   16    9.112
  41  [    2 ( 0, 0, 0) ] 3    10  [    2 ( 1, 0,-1) ] 2  :   124   16    6.280
  41  [    2 ( 0, 0, 0) ] 3    13  [    2 (-1, 0, 1) ] 2  :   125   16    4.075
  41  [    2 ( 0, 0, 0) ] 3    25  [    2 ( 1,-1, 0) ] 1  :   132   16    4.075
  41  [    2 ( 0, 0, 0) ] 3    25  [    2 ( 1,-1, 0) ] 2  :   136   16    4.075
  41  [    2 ( 0, 0, 0) ] 3    31  [    2 (-1, 1, 0) ] 1  :   137   16    4.075
  41  [    2 ( 0, 0, 0) ] 3    31  [    2 (-1, 1, 0) ] 2  :   141   16    4.075
  41  [    2 ( 0, 0, 0) ] 3    14  [    2 ( 0, 1, 0) ] 2  :   156   16    7.486
  41  [    2 ( 0, 0, 0) ] 3     9  [    2 ( 0,-1, 0) ] 2  :   157   16    7.058
  41  [    2 ( 0, 0, 0) ] 3    60  [    2 ( 0, 1,-1) ] 1  :   168   16    8.523
  41  [    2 ( 0, 0, 0) ] 3    57  [    2 ( 0,-1, 1) ] 1  :   173   16    8.523
  41  [    2 ( 0, 0, 0) ] 3    29  [    2 ( 0, 0, 1) ] 1  :   180   16    4.075
  41  [    2 ( 0, 0, 0) ] 3    29  [    2 ( 0, 0, 1) ] 2  :   184   16    4.075
  41  [    2 ( 0, 0, 0) ] 3    27  [    2 ( 0, 0,-1) ] 1  :   185   16    4.075
  41  [    2 ( 0, 0, 0) ] 3    27  [    2 ( 0, 0,-1) ] 2  :   189   16    4.075
  41  [    2 ( 0, 0, 0) ] 3    59  [    2 (-1, 0, 0) ] 3  :    53   17    9.112
  41  [    2 ( 0, 0, 0) ] 3    58  [    2 ( 1, 0, 0) ] 3  :    56   17    8.150
  41  [    2 ( 0, 0, 0) ] 3    13  [    2 (-1, 0, 1) ] 3  :    61   17    4.075
  41  [    2 ( 0, 0, 0) ] 3    10  [    2 ( 1, 0,-1) ] 3  :    64   17    6.280
  41  [    2 ( 0, 0, 0) ] 3     9  [    2 ( 0,-1, 0) ] 3  :    77   17    7.058
  41  [    2 ( 0, 0, 0) ] 3    14  [    2 ( 0, 1, 0) ] 3  :    80   17    7.486
  41  [    2 ( 0, 0, 0) ] 3    57  [    2 ( 0,-1, 1) ] 3  :    85   17    8.523
  41  [    2 ( 0, 0, 0) ] 3    60  [    2 ( 0, 1,-1) ] 3  :    88   17    8.523
  41  [    2 ( 0, 0, 0) ] 3    58  [    2 ( 1, 0, 0) ] 2  :    52   18    8.150
  41  [    2 ( 0, 0, 0) ] 3    59  [    2 (-1, 0, 0) ] 2  :    53   18    9.112
  41  [    2 ( 0, 0, 0) ] 3    10  [    2 ( 1, 0,-1) ] 1  :    60   18    6.280
  41  [    2 ( 0, 0, 0) ] 3    13  [    2 (-1, 0, 1) ] 1  :    61   18    4.075
  41  [    2 ( 0, 0, 0) ] 3    14  [    2 ( 0, 1, 0) ] 1  :    76   18    7.486
  41  [    2 ( 0, 0, 0) ] 3     9  [    2 ( 0,-1, 0) ] 1  :    77   18    7.058
  41  [    2 ( 0, 0, 0) ] 3    60  [    2 ( 0, 1,-1) ] 2  :    84   18    8.523
  41  [    2 ( 0, 0, 0) ] 3    57  [    2 ( 0,-1, 1) ] 2  :    85   18    8.523
  41  [    2 ( 0, 0, 0) ] 3    33  [    1 ( 0,-1, 0) ] 3  :    16   19    4.075
  41  [    2 ( 0, 0, 0) ] 3    19  [    1 (-1, 0, 0) ] 3  :    24   19    5.763
  41  [    2 ( 0, 0, 0) ] 3     4  [    1 ( 2, 0, 0) ] 3  :    32   19    9.447
  41  [    2 ( 0, 0, 0) ] 3    50  [    1 ( 2, 0,-1) ] 3  :    40   19    9.112
  41  [    2 ( 0, 0, 0) ] 3     6  [    1 ( 0, 2, 0) ] 3  :    56   19    7.486
  41  [    2 ( 0, 0, 0) ] 3    56  [    1 ( 0, 2,-1) ] 3  :    64   19    7.058
  41  [    2 ( 0, 0, 0) ] 3    39  [    1 ( 0,-1, 2) ] 3  :    80   19    4.778
  41  [    2 ( 0, 0, 0) ] 3    21  [    1 (-1, 0, 2) ] 3  :    96   19    7.058
  41  [    2 ( 0, 0, 0) ] 3    33  [    1 ( 0,-1, 0) ] 1  :    12   20    4.075
  41  [    2 ( 0, 0, 0) ] 3    19  [    1 (-1, 0, 0) ] 2  :    20   20    5.763
  41  [    2 ( 0, 0, 0) ] 3     4  [    1 ( 2, 0, 0) ] 2  :    28   20    9.447
  41  [    2 ( 0, 0, 0) ] 3    50  [    1 ( 2, 0,-1) ] 1  :    36   20    9.112
  41  [    2 ( 0, 0, 0) ] 3     6  [    1 ( 0, 2, 0) ] 1  :    52   20    7.486
  41  [    2 ( 0, 0, 0) ] 3    56  [    1 ( 0, 2,-1) ] 2  :    60   20    7.058
  41  [    2 ( 0, 0, 0) ] 3    39  [    1 ( 0,-1, 2) ] 2  :    76   20    4.778
  41  [    2 ( 0, 0, 0) ] 3    21  [    1 (-1, 0, 2) ] 1  :    92   20    7.058
  41  [    2 ( 0, 0, 0) ] 3    51  [    1 ( 0, 0,-1) ] 1  :     4   21    9.112
  41  [    2 ( 0, 0, 0) ] 3    51  [    1 ( 0, 0,-1) ] 2  :     8   21    9.112
  41  [    2 ( 0, 0, 0) ] 3    33  [    1 ( 0,-1, 0) ] 2  :    28   21    4.075
  41  [    2 ( 0, 0, 0) ] 3    19  [    1 (-1, 0, 0) ] 1  :    40   21    5.763
  41  [    2 ( 0, 0, 0) ] 3     4  [    1 ( 2, 0, 0) ] 1  :    56   21    9.447
  41  [    2 ( 0, 0, 0) ] 3    50  [    1 ( 2, 0,-1) ] 2  :    76   21    9.112
  41  [    2 ( 0, 0, 0) ] 3    36  [    1 ( 2,-1, 0) ] 1  :    84   21    5.763
  41  [    2 ( 0, 0, 0) ] 3    36  [    1 ( 2,-1, 0) ] 2  :    88   21    5.763
  41  [    2 ( 0, 0, 0) ] 3     6  [    1 ( 0, 2, 0) ] 2  :   108   21    7.486
  41  [    2 ( 0, 0, 0) ] 3    56  [    1 ( 0, 2,-1) ] 1  :   120   21    7.058
  41  [    2 ( 0, 0, 0) ] 3     7  [    1 ( 0, 0, 2) ] 1  :   132   21    5.763
  41  [    2 ( 0, 0, 0) ] 3     7  [    1 ( 0, 0, 2) ] 2  :   136   21    5.763
  41  [    2 ( 0, 0, 0) ] 3    39  [    1 ( 0,-1, 2) ] 1  :   152   21    4.778
  41  [    2 ( 0, 0, 0) ] 3    24  [    1 (-1, 2, 0) ] 1  :   164   21    4.778
  41  [    2 ( 0, 0, 0) ] 3    24  [    1 (-1, 2, 0) ] 2  :   168   21    4.778
  41  [    2 ( 0, 0, 0) ] 3    21  [    1 (-1, 0, 2) ] 2  :   188   21    7.058
  41  [    2 ( 0, 0, 0) ] 3    51  [    1 ( 0, 0,-1) ] 3  :     4   22    9.112
  41  [    2 ( 0, 0, 0) ] 3    36  [    1 ( 2,-1, 0) ] 3  :    24   22    5.763
  41  [    2 ( 0, 0, 0) ] 3     7  [    1 ( 0, 0, 2) ] 3  :    36   22    5.763
  41  [    2 ( 0, 0, 0) ] 3    24  [    1 (-1, 2, 0) ] 3  :    44   22    4.778
