 #junk,om(i),total_dos(i),integrate_dos(i),tretrados(test)
     7 0.52000E-01  0.0000      0.0000      0.0000    
     7 0.92011     0.28641E-06 0.24822E-06 0.13049E-06
     7  1.7882     0.11630E-05 0.12561E-05 0.53012E-06
     7  2.6563     0.26297E-05 0.35352E-05 0.11989E-05
     7  3.5245     0.46867E-05 0.75970E-05 0.21368E-05
     7  4.3926     0.73338E-05 0.13953E-04 0.33439E-05
     7  5.2607     0.10571E-04 0.23115E-04 0.48202E-05
     7  6.1288     0.14399E-04 0.35594E-04 0.65656E-05
     7  6.9969     0.18817E-04 0.51901E-04 0.85802E-05
     7  7.8650     0.23825E-04 0.72549E-04 0.10864E-04
     7  8.7331     0.29423E-04 0.98049E-04 0.13417E-04
     7  9.6012     0.35611E-04 0.12891E-03 0.16239E-04
     7  10.469     0.42390E-04 0.16565E-03 0.19330E-04
     7  11.337     0.49758E-04 0.20877E-03 0.22690E-04
     7  12.206     0.57717E-04 0.25880E-03 0.26320E-04
     7  13.074     0.66267E-04 0.31623E-03 0.30219E-04
     7  13.942     0.75406E-04 0.38158E-03 0.34387E-04
     7  14.810     0.85136E-04 0.45536E-03 0.38824E-04
     7  15.678     0.95456E-04 0.53809E-03 0.43530E-04
     7  16.546     0.10637E-03 0.63027E-03 0.48505E-04
     7  17.414     0.11787E-03 0.73242E-03 0.53749E-04
     7  18.282     0.12996E-03 0.84505E-03 0.59263E-04
     7  19.150     0.14264E-03 0.96867E-03 0.65046E-04
     7  20.019     0.15591E-03 0.11038E-02 0.71098E-04
     7  20.887     0.16977E-03 0.12509E-02 0.77419E-04
     7  21.755     0.18422E-03 0.14106E-02 0.84009E-04
     7  22.623     0.19926E-03 0.15833E-02 0.90869E-04
     7  23.491     0.21489E-03 0.17695E-02 0.97997E-04
     7  24.359     0.33873E-03 0.20631E-02 0.16249E-03
     7  25.227     0.45645E-03 0.24587E-02 0.22449E-03
     7  26.095     0.55689E-03 0.29413E-02 0.27809E-03
     7  26.964     0.64004E-03 0.34960E-02 0.32329E-03
     7  27.832     0.70590E-03 0.41078E-02 0.36011E-03
     7  28.700     0.75448E-03 0.47617E-02 0.38852E-03
     7  29.568     0.78578E-03 0.54427E-02 0.40855E-03
     7  30.436     0.79979E-03 0.61358E-02 0.42018E-03
     7  31.304     0.84334E-03 0.68667E-02 0.44594E-03
     7  32.172     0.90059E-03 0.76472E-02 0.47828E-03
     7  33.040     0.95959E-03 0.84789E-02 0.51146E-03
     7  33.908     0.10203E-02 0.93632E-02 0.54547E-03
     7  34.777     0.10828E-02 0.10302E-01 0.58032E-03
     7  35.645     0.11471E-02 0.11296E-01 0.61600E-03
     7  36.513     0.12195E-02 0.12353E-01 0.65892E-03
     7  37.381     0.13871E-02 0.13555E-01 0.70435E-03
     7  38.249     0.14721E-02 0.14831E-01 0.75215E-03
     7  39.117     0.15605E-02 0.16183E-01 0.80232E-03
     7  39.985     0.16524E-02 0.17615E-01 0.85486E-03
     7  40.853     0.17476E-02 0.19130E-01 0.90977E-03
     7  41.721     0.18462E-02 0.20730E-01 0.96705E-03
     7  42.590     0.20211E-02 0.22482E-01 0.10267E-02
     7  43.458     0.22626E-02 0.24442E-01 0.10887E-02
     7  44.326     0.24835E-02 0.26595E-01 0.11549E-02
     7  45.194     0.26346E-02 0.28878E-01 0.12273E-02
     7  46.062     0.27166E-02 0.31233E-01 0.13069E-02
     7  46.930     0.28284E-02 0.33684E-01 0.13904E-02
     7  47.798     0.29873E-02 0.36273E-01 0.14778E-02
     7  48.666     0.31785E-02 0.39028E-01 0.15898E-02
     7  49.534     0.34779E-02 0.42042E-01 0.17864E-02
     7  50.403     0.38902E-02 0.45413E-01 0.20711E-02
     7  51.271     0.44153E-02 0.49240E-01 0.24440E-02
     7  52.139     0.50734E-02 0.53637E-01 0.29222E-02
     7  53.007     0.59618E-02 0.58804E-01 0.35889E-02
     7  53.875     0.71879E-02 0.65033E-01 0.45496E-02
     7  54.743     0.83619E-02 0.72280E-01 0.54145E-02
     7  55.611     0.94570E-02 0.80476E-01 0.61568E-02
     7  56.479     0.10461E-01 0.89543E-01 0.67647E-02
     7  57.347     0.12059E-01 0.99994E-01 0.73859E-02
     7  58.216     0.14093E-01 0.11221     0.82300E-02
     7  59.084     0.14686E-01 0.12494     0.91877E-02
     7  59.952     0.16171E-01 0.13895     0.10291E-01
     7  60.820     0.17994E-01 0.15455     0.11569E-01
     7  61.688     0.19956E-01 0.17184     0.12930E-01
     7  62.556     0.21920E-01 0.19084     0.14304E-01
     7  63.424     0.27260E-01 0.21446     0.19068E-01
     7  64.292     0.25242E-01 0.23634     0.16128E-01
     7  65.161     0.25617E-01 0.25854     0.16345E-01
     7  66.029     0.26485E-01 0.28149     0.16541E-01
     7  66.897     0.27677E-01 0.30548     0.17058E-01
     7  67.765     0.28678E-01 0.33033     0.17604E-01
     7  68.633     0.29098E-01 0.35555     0.18098E-01
     7  69.501     0.29324E-01 0.38097     0.18678E-01
     7  70.369     0.30455E-01 0.40736     0.19507E-01
     7  71.237     0.31481E-01 0.43464     0.20176E-01
     7  72.105     0.33618E-01 0.46378     0.21827E-01
     7  72.974     0.36091E-01 0.49506     0.23594E-01
     7  73.842     0.39818E-01 0.52957     0.26702E-01
     7  74.710     0.43578E-01 0.56734     0.29267E-01
     7  75.578     0.49454E-01 0.61020     0.32183E-01
     7  76.446     0.51923E-01 0.65520     0.36404E-01
     7  77.314     0.58065E-01 0.70552     0.41994E-01
     7  78.182     0.66374E-01 0.76304     0.49114E-01
     7  79.050     0.68102E-01 0.82206     0.50448E-01
     7  79.918     0.72724E-01 0.88509     0.54394E-01
     7  80.787     0.71062E-01 0.94668     0.51891E-01
     7  81.655     0.70709E-01  1.0080     0.50743E-01
     7  82.523     0.70875E-01  1.0694     0.49708E-01
     7  83.391     0.69108E-01  1.1293     0.46219E-01
     7  84.259     0.64729E-01  1.1854     0.39897E-01
     7  85.127     0.62401E-01  1.2395     0.36296E-01
     7  85.995     0.60832E-01  1.2922     0.34364E-01
     7  86.863     0.57972E-01  1.3424     0.32242E-01
     7  87.731     0.50231E-01  1.3860     0.23674E-01
     7  88.600     0.48233E-01  1.4278     0.21150E-01
     7  89.468     0.46918E-01  1.4684     0.18887E-01
     7  90.336     0.47618E-01  1.5097     0.18409E-01
     7  91.204     0.44555E-01  1.5483     0.15046E-01
     7  92.072     0.41552E-01  1.5843     0.93934E-02
     7  92.940     0.37246E-01  1.6166     0.77778E-02
     7  93.808     0.35051E-01  1.6470     0.63935E-02
     7  94.676     0.33445E-01  1.6760     0.50906E-02
     7  95.544     0.31891E-01  1.7036     0.38692E-02
     7  96.413     0.30743E-01  1.7302     0.27815E-02
     7  97.281     0.29466E-01  1.7558     0.18793E-02
     7  98.149     0.28157E-01  1.7802     0.85171E-03
     7  99.017     0.27498E-01  1.8040     0.22211E-03
     7  99.885     0.27441E-01  1.8278      0.0000    
     7  100.75     0.32535E-01  1.8560      0.0000    
     7  101.62     0.32558E-01  1.8842      0.0000    
     7  102.49     0.31417E-01  1.9114      0.0000    
     7  103.36     0.30530E-01  1.9379      0.0000    
     7  104.23     0.29919E-01  1.9638      0.0000    
     7  105.09     0.29152E-01  1.9891      0.0000    
     7  105.96     0.27373E-01  2.0128      0.0000    
     7  106.83     0.23090E-01  2.0328      0.0000    
     7  107.70     0.16506E-01  2.0471      0.0000    
     7  108.57     0.13083E-01  2.0585      0.0000    
     7  109.43     0.10810E-01  2.0678      0.0000    
     7  110.30     0.65390E-02  2.0735      0.0000    
     7  111.17     0.24326E-02  2.0756      0.0000    
     7  112.04     0.24849E-02  2.0778      0.0000    
     7  112.91     0.25430E-02  2.0800      0.0000    
     7  113.77     0.26068E-02  2.0822      0.0000    
     7  114.64     0.26704E-02  2.0845      0.0000    
     7  115.51     0.27332E-02  2.0869      0.0000    
     7  116.38     0.27969E-02  2.0893      0.0000    
     7  117.25     0.28615E-02  2.0918      0.0000    
     7  118.12     0.29269E-02  2.0944      0.0000    
     7  118.98     0.29932E-02  2.0969      0.0000    
     7  119.85     0.30607E-02  2.0996      0.0000    
     7  120.72     0.31295E-02  2.1023      0.0000    
     7  121.59     0.31996E-02  2.1051      0.0000    
     7  122.46     0.32720E-02  2.1079      0.0000    
     7  123.32     0.33498E-02  2.1108      0.0000    
     7  124.19     0.34332E-02  2.1138      0.0000    
     7  125.06     0.35221E-02  2.1169      0.0000    
     7  125.93     0.36166E-02  2.1200      0.0000    
     7  126.80     0.37167E-02  2.1232      0.0000    
     7  127.66     0.38032E-02  2.1265      0.0000    
     7  128.53     0.38770E-02  2.1299      0.0000    
     7  129.40     0.39496E-02  2.1333      0.0000    
     7  130.27     0.40382E-02  2.1368      0.0000    
     7  131.14     0.41268E-02  2.1404      0.0000    
     7  132.01     0.42154E-02  2.1440      0.0000    
     7  132.87     0.43040E-02  2.1477      0.0000    
     7  133.74     0.43926E-02  2.1516      0.0000    
     7  134.61     0.44870E-02  2.1554      0.0000    
     7  135.48     0.45962E-02  2.1594      0.0000    
     7  136.35     0.47091E-02  2.1635      0.0000    
     7  137.21     0.48256E-02  2.1677      0.0000    
     7  138.08     0.49456E-02  2.1720      0.0000    
     7  138.95     0.50704E-02  2.1764      0.0000    
     7  139.82     0.52008E-02  2.1809      0.0000    
     7  140.69     0.53367E-02  2.1855      0.0000    
     7  141.55     0.54782E-02  2.1902      0.0000    
     7  142.42     0.56247E-02  2.1951      0.0000    
     7  143.29     0.57680E-02  2.2001      0.0000    
     7  144.16     0.59053E-02  2.2052      0.0000    
     7  145.03     0.60367E-02  2.2105      0.0000    
     7  145.90     0.61638E-02  2.2158      0.0000    
     7  146.76     0.62972E-02  2.2213      0.0000    
     7  147.63     0.64436E-02  2.2269      0.0000    
     7  148.50     0.66063E-02  2.2326      0.0000    
     7  149.37     0.67741E-02  2.2385      0.0000    
     7  150.24     0.69461E-02  2.2445      0.0000    
     7  151.10     0.71224E-02  2.2506      0.0000    
     7  151.97     0.73030E-02  2.2570      0.0000    
     7  152.84     0.74878E-02  2.2635      0.0000    
     7  153.71     0.76770E-02  2.2701      0.0000    
     7  154.58     0.78735E-02  2.2769      0.0000    
     7  155.44     0.80905E-02  2.2840      0.0000    
     7  156.31     0.83436E-02  2.2912      0.0000    
     7  157.18     0.86278E-02  2.2987      0.0000    
     7  158.05     0.88813E-02  2.3064      0.0000    
     7  158.92     0.90957E-02  2.3142      0.0000    
     7  159.78     0.92956E-02  2.3223      0.0000    
     7  160.65     0.95453E-02  2.3306      0.0000    
     7  161.52     0.97977E-02  2.3391      0.0000    
     7  162.39     0.10053E-01  2.3478      0.0000    
     7  163.26     0.10340E-01  2.3567      0.0000    
     7  164.13     0.10643E-01  2.3660      0.0000    
     7  164.99     0.10963E-01  2.3755      0.0000    
     7  165.86     0.11298E-01  2.3853      0.0000    
     7  166.73     0.11650E-01  2.3953      0.0000    
     7  167.60     0.12030E-01  2.4058      0.0000    
     7  168.47     0.12450E-01  2.4166      0.0000    
     7  169.33     0.12911E-01  2.4278      0.0000    
     7  170.20     0.13380E-01  2.4394      0.0000    
     7  171.07     0.13849E-01  2.4514      0.0000    
     7  171.94     0.14263E-01  2.4637      0.0000    
     7  172.81     0.14846E-01  2.4766      0.0000    
     7  173.67     0.15422E-01  2.4899      0.0000    
     7  174.54     0.16038E-01  2.5038      0.0000    
     7  175.41     0.16706E-01  2.5183      0.0000    
     7  176.28     0.17425E-01  2.5334      0.0000    
     7  177.15     0.18229E-01  2.5492      0.0000    
     7  178.02     0.19294E-01  2.5659      0.0000    
     7  178.88     0.20637E-01  2.5838      0.0000    
     7  179.75     0.22293E-01  2.6032      0.0000    
     7  180.62     0.24367E-01  2.6243      0.0000    
     7  181.49     0.27580E-01  2.6482      0.0000    
     7  182.36     0.30491E-01  2.6746      0.0000    
     7  183.22     0.32113E-01  2.7024      0.0000    
     7  184.09     0.32332E-01  2.7305      0.0000    
     7  184.96     0.32178E-01  2.7583      0.0000    
     7  185.83     0.30190E-01  2.7845      0.0000    
     7  186.70     0.27722E-01  2.8085      0.0000    
     7  187.56     0.25126E-01  2.8303      0.0000    
     7  188.43     0.21365E-01  2.8488      0.0000    
     7  189.30     0.19134E-01  2.8654      0.0000    
     7  190.17     0.17380E-01  2.8805      0.0000    
     7  191.04     0.15551E-01  2.8939      0.0000    
     7  191.91     0.13977E-01  2.9061      0.0000    
     7  192.77     0.12530E-01  2.9169      0.0000    
     7  193.64     0.11315E-01  2.9267      0.0000    
     7  194.51     0.10530E-01  2.9358      0.0000    
     7  195.38     0.94763E-02  2.9441      0.0000    
     7  196.25     0.88618E-02  2.9517      0.0000    
     7  197.11     0.86357E-02  2.9592      0.0000    
     7  197.98     0.88381E-02  2.9669      0.0000    
     7  198.85     0.90492E-02  2.9747      0.0000    
     7  199.72     0.99542E-02  2.9834      0.0000    
     7  200.59     0.11682E-01  2.9935      0.0000    
     7  201.45     0.13903E-01  3.0055      0.0000    
     7  202.32     0.18385E-01  3.0215      0.0000    
     7  203.19     0.21747E-01  3.0403      0.0000    
     7  204.06     0.23275E-01  3.0605      0.0000    
     7  204.93     0.20057E-01  3.0779      0.0000    
     7  205.79     0.19891E-01  3.0951      0.0000    
     7  206.66     0.20190E-01  3.1126      0.0000    
     7  207.53     0.20384E-01  3.1303      0.0000    
     7  208.40     0.20475E-01  3.1480      0.0000    
     7  209.27     0.20712E-01  3.1660      0.0000    
     7  210.14     0.21124E-01  3.1843      0.0000    
     7  211.00     0.21581E-01  3.2030      0.0000    
     7  211.87     0.22036E-01  3.2221      0.0000    
     7  212.74     0.24259E-01  3.2431      0.0000    
     7  213.61     0.24350E-01  3.2642      0.0000    
     7  214.48     0.21402E-01  3.2827      0.0000    
     7  215.34     0.21422E-01  3.3013      0.0000    
     7  216.21     0.21484E-01  3.3199      0.0000    
     7  217.08     0.21101E-01  3.3382      0.0000    
     7  217.95     0.20876E-01  3.3563      0.0000    
     7  218.82     0.20934E-01  3.3745      0.0000    
     7  219.68     0.20932E-01  3.3926      0.0000    
     7  220.55     0.20527E-01  3.4104      0.0000    
     7  221.42     0.20000E-01  3.4277      0.0000    
     7  222.29     0.19328E-01  3.4445      0.0000    
     7  223.16     0.18463E-01  3.4605      0.0000    
     7  224.03     0.17864E-01  3.4760      0.0000    
     7  224.89     0.17434E-01  3.4911      0.0000    
     7  225.76     0.17024E-01  3.5058      0.0000    
     7  226.63     0.16746E-01  3.5203      0.0000    
     7  227.50     0.16478E-01  3.5346      0.0000    
     7  228.37     0.16198E-01  3.5486      0.0000    
     7  229.23     0.15905E-01  3.5624      0.0000    
     7  230.10     0.15562E-01  3.5759      0.0000    
     7  230.97     0.15187E-01  3.5891      0.0000    
     7  231.84     0.14875E-01  3.6020      0.0000    
     7  232.71     0.14576E-01  3.6146      0.0000    
     7  233.57     0.14305E-01  3.6270      0.0000    
     7  234.44     0.14063E-01  3.6392      0.0000    
     7  235.31     0.13851E-01  3.6512      0.0000    
     7  236.18     0.13655E-01  3.6630      0.0000    
     7  237.05     0.13493E-01  3.6747      0.0000    
     7  237.92     0.13376E-01  3.6863      0.0000    
     7  238.78     0.13415E-01  3.6979      0.0000    
     7  239.65     0.13769E-01  3.7099      0.0000    
     7  240.52     0.13859E-01  3.7219      0.0000    
     7  241.39     0.13023E-01  3.7332      0.0000    
     7  242.26     0.12666E-01  3.7442      0.0000    
     7  243.12     0.12322E-01  3.7548      0.0000    
     7  243.99     0.11992E-01  3.7652      0.0000    
     7  244.86     0.12148E-01  3.7758      0.0000    
     7  245.73     0.21162E-01  3.7941      0.0000    
     7  246.60     0.30974E-01  3.8209      0.0000    
     7  247.46     0.46811E-01  3.8615      0.0000    
     7  248.33     0.46406E-01  3.9017      0.0000    
     7  249.20     0.55519E-01  3.9498      0.0000    
     7  250.07     0.65875E-01  4.0069      0.0000    
     7  250.94     0.79327E-01  4.0757      0.0000    
     7  251.80     0.10236      4.1644      0.0000    
     7  252.67     0.10060      4.2516      0.0000    
     7  253.54     0.91378E-01  4.3308      0.0000    
     7  254.41     0.94265E-01  4.4125      0.0000    
     7  255.28     0.98023E-01  4.4974      0.0000    
     7  256.15     0.10232      4.5861      0.0000    
     7  257.01     0.10457      4.6767      0.0000    
     7  257.88     0.10805      4.7704      0.0000    
     7  258.75     0.11428      4.8694      0.0000    
     7  259.62     0.12572      4.9784      0.0000    
     7  260.49     0.13612      5.0963      0.0000    
     7  261.35     0.15068      5.2269      0.0000    
     7  262.22     0.28512      5.4740      0.0000    
     7  263.09     0.11260      5.5716      0.0000    
     7  263.96     0.72551E-01  5.6345      0.0000    
     7  264.83     0.59737E-01  5.6863      0.0000    
     7  265.69     0.51934E-01  5.7313      0.0000    
     7  266.56     0.46033E-01  5.7712      0.0000    
     7  267.43     0.39845E-01  5.8057      0.0000    
     7  268.30     0.36063E-01  5.8370      0.0000    
     7  269.17     0.32354E-01  5.8650      0.0000    
     7  270.04     0.29928E-01  5.8909      0.0000    
     7  270.90     0.26640E-01  5.9140      0.0000    
     7  271.77     0.23604E-01  5.9345      0.0000    
     7  272.64     0.21080E-01  5.9527      0.0000    
     7  273.51     0.19483E-01  5.9696      0.0000    
     7  274.38     0.17432E-01  5.9847      0.0000    
     7  275.24     0.13275E-01  5.9962      0.0000    
     7  276.11     0.11246E-01  6.0060      0.0000    
     7  276.98     0.76175E-02  6.0126      0.0000    
     7  277.85     0.14400E-02  6.0138      0.0000    
     7  278.72      0.0000      6.0138      0.0000    
     7  279.58      0.0000      6.0138      0.0000    
     7  280.45      0.0000      6.0138      0.0000    
     7  281.32      0.0000      6.0138      0.0000    
     7  282.19      0.0000      6.0138      0.0000    
     7  283.06      0.0000      6.0138      0.0000    
     7  283.93      0.0000      6.0138      0.0000    
     7  284.79      0.0000      6.0138      0.0000    
     7  285.66      0.0000      6.0138      0.0000    
     7  286.53      0.0000      6.0138      0.0000    
     7  287.40      0.0000      6.0138      0.0000    
     7  288.27      0.0000      6.0138      0.0000    
     7  289.13      0.0000      6.0138      0.0000    
     7  290.00      0.0000      6.0138      0.0000    
     7  290.87      0.0000      6.0138      0.0000    
     7  291.74      0.0000      6.0138      0.0000    
     7  292.61      0.0000      6.0138      0.0000    
     7  293.47      0.0000      6.0138      0.0000    
     7  294.34      0.0000      6.0138      0.0000    
     7  295.21      0.0000      6.0138      0.0000    
     7  296.08      0.0000      6.0138      0.0000    
     7  296.95      0.0000      6.0138      0.0000    
     7  297.81      0.0000      6.0138      0.0000    
     7  298.68      0.0000      6.0138      0.0000    
     7  299.55      0.0000      6.0138      0.0000    
     7  300.42      0.0000      6.0138      0.0000    
     7  301.29      0.0000      6.0138      0.0000    
     7  302.16      0.0000      6.0138      0.0000    
     7  303.02      0.0000      6.0138      0.0000    
     7  303.89      0.0000      6.0138      0.0000    
     7  304.76      0.0000      6.0138      0.0000    
     7  305.63      0.0000      6.0138      0.0000    
     7  306.50      0.0000      6.0138      0.0000    
     7  307.36      0.0000      6.0138      0.0000    
     7  308.23      0.0000      6.0138      0.0000    
     7  309.10      0.0000      6.0138      0.0000    
     7  309.97      0.0000      6.0138      0.0000    
     7  310.84      0.0000      6.0138      0.0000    
     7  311.70      0.0000      6.0138      0.0000    
     7  312.57      0.0000      6.0138      0.0000    
     7  313.44      0.0000      6.0138      0.0000    
     7  314.31      0.0000      6.0138      0.0000    
     7  315.18      0.0000      6.0138      0.0000    
     7  316.05      0.0000      6.0138      0.0000    
     7  316.91      0.0000      6.0138      0.0000    
     7  317.78      0.0000      6.0138      0.0000    
     7  318.65      0.0000      6.0138      0.0000    
     7  319.52      0.0000      6.0138      0.0000    
     7  320.39      0.0000      6.0138      0.0000    
     7  321.25      0.0000      6.0138      0.0000    
     7  322.12      0.0000      6.0138      0.0000    
     7  322.99      0.0000      6.0138      0.0000    
     7  323.86      0.0000      6.0138      0.0000    
     7  324.73      0.0000      6.0138      0.0000    
     7  325.59      0.0000      6.0138      0.0000    
     7  326.46      0.0000      6.0138      0.0000    
     7  327.33      0.0000      6.0138      0.0000    
     7  328.20      0.0000      6.0138      0.0000    
     7  329.07      0.0000      6.0138      0.0000    
     7  329.94      0.0000      6.0138      0.0000    
     7  330.80      0.0000      6.0138      0.0000    
     7  331.67      0.0000      6.0138      0.0000    
     7  332.54      0.0000      6.0138      0.0000    
     7  333.41      0.0000      6.0138      0.0000    
     7  334.28      0.0000      6.0138      0.0000    
     7  335.14      0.0000      6.0138      0.0000    
     7  336.01      0.0000      6.0138      0.0000    
     7  336.88      0.0000      6.0138      0.0000    
     7  337.75      0.0000      6.0138      0.0000    
     7  338.62      0.0000      6.0138      0.0000    
     7  339.48      0.0000      6.0138      0.0000    
     7  340.35      0.0000      6.0138      0.0000    
     7  341.22      0.0000      6.0138      0.0000    
     7  342.09      0.0000      6.0138      0.0000    
     7  342.96      0.0000      6.0138      0.0000    
     7  343.82      0.0000      6.0138      0.0000    
     7  344.69      0.0000      6.0138      0.0000    
     7  345.56      0.0000      6.0138      0.0000    
     7  346.43      0.0000      6.0138      0.0000    
     7  347.30      0.0000      6.0138      0.0000    
     7  348.17      0.0000      6.0138      0.0000    
     7  349.03      0.0000      6.0138      0.0000    
     7  349.90      0.0000      6.0138      0.0000    
     7  350.77      0.0000      6.0138      0.0000    
     7  351.64      0.0000      6.0138      0.0000    
     7  352.51      0.0000      6.0138      0.0000    
     7  353.37      0.0000      6.0138      0.0000    
     7  354.24      0.0000      6.0138      0.0000    
     7  355.11      0.0000      6.0138      0.0000    
     7  355.98      0.0000      6.0138      0.0000    
     7  356.85      0.0000      6.0138      0.0000    
     7  357.71      0.0000      6.0138      0.0000    
     7  358.58      0.0000      6.0138      0.0000    
     7  359.45      0.0000      6.0138      0.0000    
     7  360.32      0.0000      6.0138      0.0000    
     7  361.19      0.0000      6.0138      0.0000    
     7  362.06      0.0000      6.0138      0.0000    
     7  362.92      0.0000      6.0138      0.0000    
     7  363.79      0.0000      6.0138      0.0000    
     7  364.66      0.0000      6.0138      0.0000    
     7  365.53      0.0000      6.0138      0.0000    
     7  366.40      0.0000      6.0138      0.0000    
     7  367.26      0.0000      6.0138      0.0000    
     7  368.13      0.0000      6.0138      0.0000    
     7  369.00      0.0000      6.0138      0.0000    
     7  369.87      0.0000      6.0138      0.0000    
     7  370.74      0.0000      6.0138      0.0000    
     7  371.60      0.0000      6.0138      0.0000    
     7  372.47      0.0000      6.0138      0.0000    
     7  373.34      0.0000      6.0138      0.0000    
     7  374.21      0.0000      6.0138      0.0000    
     7  375.08      0.0000      6.0138      0.0000    
     7  375.95      0.0000      6.0138      0.0000    
     7  376.81      0.0000      6.0138      0.0000    
     7  377.68      0.0000      6.0138      0.0000    
     7  378.55      0.0000      6.0138      0.0000    
     7  379.42      0.0000      6.0138      0.0000    
     7  380.29      0.0000      6.0138      0.0000    
     7  381.15      0.0000      6.0138      0.0000    
     7  382.02      0.0000      6.0138      0.0000    
     7  382.89      0.0000      6.0138      0.0000    
     7  383.76      0.0000      6.0138      0.0000    
     7  384.63      0.0000      6.0138      0.0000    
     7  385.49      0.0000      6.0138      0.0000    
     7  386.36      0.0000      6.0138      0.0000    
     7  387.23      0.0000      6.0138      0.0000    
     7  388.10      0.0000      6.0138      0.0000    
     7  388.97      0.0000      6.0138      0.0000    
     7  389.83      0.0000      6.0138      0.0000    
     7  390.70      0.0000      6.0138      0.0000    
     7  391.57      0.0000      6.0138      0.0000    
     7  392.44      0.0000      6.0138      0.0000    
     7  393.31      0.0000      6.0138      0.0000    
     7  394.18      0.0000      6.0138      0.0000    
     7  395.04      0.0000      6.0138      0.0000    
     7  395.91      0.0000      6.0138      0.0000    
     7  396.78      0.0000      6.0138      0.0000    
     7  397.65      0.0000      6.0138      0.0000    
     7  398.52      0.0000      6.0138      0.0000    
     7  399.38      0.0000      6.0138      0.0000    
     7  400.25      0.0000      6.0138      0.0000    
     7  401.12      0.0000      6.0138      0.0000    
     7  401.99      0.0000      6.0138      0.0000    
     7  402.86      0.0000      6.0138      0.0000    
     7  403.72      0.0000      6.0138      0.0000    
     7  404.59      0.0000      6.0138      0.0000    
     7  405.46      0.0000      6.0138      0.0000    
     7  406.33      0.0000      6.0138      0.0000    
     7  407.20      0.0000      6.0138      0.0000    
     7  408.07      0.0000      6.0138      0.0000    
     7  408.93      0.0000      6.0138      0.0000    
     7  409.80      0.0000      6.0138      0.0000    
     7  410.67      0.0000      6.0138      0.0000    
     7  411.54      0.0000      6.0138      0.0000    
     7  412.41      0.0000      6.0138      0.0000    
     7  413.27      0.0000      6.0138      0.0000    
     7  414.14      0.0000      6.0138      0.0000    
     7  415.01      0.0000      6.0138      0.0000    
     7  415.88      0.0000      6.0138      0.0000    
     7  416.75      0.0000      6.0138      0.0000    
     7  417.61      0.0000      6.0138      0.0000    
     7  418.48      0.0000      6.0138      0.0000    
     7  419.35      0.0000      6.0138      0.0000    
     7  420.22      0.0000      6.0138      0.0000    
     7  421.09      0.0000      6.0138      0.0000    
     7  421.96      0.0000      6.0138      0.0000    
     7  422.82      0.0000      6.0138      0.0000    
     7  423.69      0.0000      6.0138      0.0000    
     7  424.56      0.0000      6.0138      0.0000    
     7  425.43      0.0000      6.0138      0.0000    
     7  426.30      0.0000      6.0138      0.0000    
     7  427.16      0.0000      6.0138      0.0000    
     7  428.03      0.0000      6.0138      0.0000    
     7  428.90      0.0000      6.0138      0.0000    
     7  429.77      0.0000      6.0138      0.0000    
     7  430.64      0.0000      6.0138      0.0000    
     7  431.50      0.0000      6.0138      0.0000    
     7  432.37      0.0000      6.0138      0.0000    
     7  433.24      0.0000      6.0138      0.0000    
     7  434.11      0.0000      6.0138      0.0000    
     7  434.98      0.0000      6.0138      0.0000    
     7  435.84      0.0000      6.0138      0.0000    
     7  436.71      0.0000      6.0138      0.0000    
     7  437.58      0.0000      6.0138      0.0000    
     7  438.45      0.0000      6.0138      0.0000    
     7  439.32      0.0000      6.0138      0.0000    
     7  440.19      0.0000      6.0138      0.0000    
     7  441.05      0.0000      6.0138      0.0000    
     7  441.92      0.0000      6.0138      0.0000    
     7  442.79      0.0000      6.0138      0.0000    
     7  443.66      0.0000      6.0138      0.0000    
     7  444.53      0.0000      6.0138      0.0000    
     7  445.39      0.0000      6.0138      0.0000    
     7  446.26      0.0000      6.0138      0.0000    
     7  447.13      0.0000      6.0138      0.0000    
     7  448.00      0.0000      6.0138      0.0000    
     7  448.87      0.0000      6.0138      0.0000    
     7  449.73      0.0000      6.0138      0.0000    
     7  450.60      0.0000      6.0138      0.0000    
     7  451.47      0.0000      6.0138      0.0000    
     7  452.34      0.0000      6.0138      0.0000    
     7  453.21      0.0000      6.0138      0.0000    
     7  454.08      0.0000      6.0138      0.0000    
     7  454.94      0.0000      6.0138      0.0000    
     7  455.81      0.0000      6.0138      0.0000    
     7  456.68      0.0000      6.0138      0.0000    
     7  457.55      0.0000      6.0138      0.0000    
     7  458.42      0.0000      6.0138      0.0000    
     7  459.28      0.0000      6.0138      0.0000    
     7  460.15      0.0000      6.0138      0.0000    
     7  461.02      0.0000      6.0138      0.0000    
     7  461.89      0.0000      6.0138      0.0000    
     7  462.76      0.0000      6.0138      0.0000    
     7  463.62      0.0000      6.0138      0.0000    
     7  464.49      0.0000      6.0138      0.0000    
     7  465.36      0.0000      6.0138      0.0000    
     7  466.23      0.0000      6.0138      0.0000    
     7  467.10      0.0000      6.0138      0.0000    
     7  467.97      0.0000      6.0138      0.0000    
     7  468.83      0.0000      6.0138      0.0000    
     7  469.70      0.0000      6.0138      0.0000    
     7  470.57      0.0000      6.0138      0.0000    
     7  471.44      0.0000      6.0138      0.0000    
     7  472.31      0.0000      6.0138      0.0000    
     7  473.17      0.0000      6.0138      0.0000    
     7  474.04      0.0000      6.0138      0.0000    
     7  474.91      0.0000      6.0138      0.0000    
     7  475.78      0.0000      6.0138      0.0000    
     7  476.65      0.0000      6.0138      0.0000    
     7  477.51      0.0000      6.0138      0.0000    
     7  478.38      0.0000      6.0138      0.0000    
     7  479.25      0.0000      6.0138      0.0000    
     7  480.12      0.0000      6.0138      0.0000    
     7  480.99      0.0000      6.0138      0.0000    
     7  481.86      0.0000      6.0138      0.0000    
     7  482.72      0.0000      6.0138      0.0000    
     7  483.59      0.0000      6.0138      0.0000    
     7  484.46      0.0000      6.0138      0.0000    
     7  485.33      0.0000      6.0138      0.0000    
     7  486.20      0.0000      6.0138      0.0000    
     7  487.06      0.0000      6.0138      0.0000    
     7  487.93      0.0000      6.0138      0.0000    
     7  488.80      0.0000      6.0138      0.0000    
     7  489.67      0.0000      6.0138      0.0000    
     7  490.54      0.0000      6.0138      0.0000    
     7  491.40      0.0000      6.0138      0.0000    
     7  492.27      0.0000      6.0138      0.0000    
     7  493.14      0.0000      6.0138      0.0000    
     7  494.01      0.0000      6.0138      0.0000    
     7  494.88      0.0000      6.0138      0.0000    
     7  495.74      0.0000      6.0138      0.0000    
     7  496.61      0.0000      6.0138      0.0000    
     7  497.48      0.0000      6.0138      0.0000    
     7  498.35      0.0000      6.0138      0.0000    
     7  499.22      0.0000      6.0138      0.0000    
     7  500.09      0.0000      6.0138      0.0000    
     7  500.95      0.0000      6.0138      0.0000    
     7  501.82      0.0000      6.0138      0.0000    
     7  502.69      0.0000      6.0138      0.0000    
     7  503.56      0.0000      6.0138      0.0000    
     7  504.43      0.0000      6.0138      0.0000    
     7  505.29      0.0000      6.0138      0.0000    
     7  506.16      0.0000      6.0138      0.0000    
     7  507.03      0.0000      6.0138      0.0000    
     7  507.90      0.0000      6.0138      0.0000    
     7  508.77      0.0000      6.0138      0.0000    
     7  509.63      0.0000      6.0138      0.0000    
     7  510.50      0.0000      6.0138      0.0000    
     7  511.37      0.0000      6.0138      0.0000    
     7  512.24      0.0000      6.0138      0.0000    
     7  513.11      0.0000      6.0138      0.0000    
     7  513.98      0.0000      6.0138      0.0000    
     7  514.84      0.0000      6.0138      0.0000    
     7  515.71      0.0000      6.0138      0.0000    
     7  516.58      0.0000      6.0138      0.0000    
     7  517.45      0.0000      6.0138      0.0000    
     7  518.32      0.0000      6.0138      0.0000    
     7  519.18      0.0000      6.0138      0.0000    
     7  520.05      0.0000      6.0138      0.0000    
