 # RANK            3  tensors :term,group,(iatom,ixyz)_2 d^nU/dx_{i,alpha}^n
     1     1      1 1      1 2      1 3   -1268.3551      1.0000
     2     1      1 1      1 3      1 2   -1268.3551      1.0000
     3     1      1 2      1 1      1 3   -1268.3551      1.0000
     4     1      1 2      1 3      1 1   -1268.3551      1.0000
     5     1      1 3      1 1      1 2   -1268.3551      1.0000
     6     1      1 3      1 2      1 1   -1268.3551      1.0000
     7     1      2 1      2 2      2 3    1268.3551      1.0000
     8     1      2 1      2 3      2 2    1268.3551      1.0000
     9     1      2 2      2 1      2 3    1268.3551      1.0000
    10     1      2 2      2 3      2 1    1268.3551      1.0000
    11     1      2 3      2 1      2 2    1268.3551      1.0000
    12     1      2 3      2 2      2 1    1268.3551      1.0000
     1     2      1 1      1 1      2 1   -2.1036340      1.0000
     2     2      1 1      2 1      1 1   -2.1036340      1.0000
     3     2      2 1      1 1      1 1   -2.1036340      1.0000
     4     2      1 2      1 2      2 2   -2.1036340      1.0000
     5     2      1 2      2 2      1 2   -2.1036340      1.0000
     6     2      2 2      1 2      1 2   -2.1036340      1.0000
     7     2      1 3      1 3      2 3   -2.1036340      1.0000
     8     2      1 3      2 3      1 3   -2.1036340      1.0000
     9     2      2 3      1 3      1 3   -2.1036340      1.0000
    10     2      1 1      1 1     11 1   -2.1036340      1.0000
    11     2      1 1     11 1      1 1   -2.1036340      1.0000
    12     2     11 1      1 1      1 1   -2.1036340      1.0000
    13     2     43 1     43 1      2 1   -2.1036340      1.0000
    14     2     43 1      2 1     43 1   -2.1036340      1.0000
    15     2      2 1     43 1     43 1   -2.1036340      1.0000
    16     2      1 2      1 2     11 2    2.1036340      1.0000
    17     2      1 2     11 2      1 2    2.1036340      1.0000
    18     2     11 2      1 2      1 2    2.1036340      1.0000
    19     2     43 2     43 2      2 2    2.1036340      1.0000
    20     2     43 2      2 2     43 2    2.1036340      1.0000
    21     2      2 2     43 2     43 2    2.1036340      1.0000
    22     2      1 3      1 3     11 3    2.1036340      1.0000
    23     2      1 3     11 3      1 3    2.1036340      1.0000
    24     2     11 3      1 3      1 3    2.1036340      1.0000
    25     2     43 3     43 3      2 3    2.1036340      1.0000
    26     2     43 3      2 3     43 3    2.1036340      1.0000
    27     2      2 3     43 3     43 3    2.1036340      1.0000
    28     2      1 1      1 1     23 1    2.1036340      1.0000
    29     2      1 1     23 1      1 1    2.1036340      1.0000
    30     2     23 1      1 1      1 1    2.1036340      1.0000
    31     2     32 1     32 1      2 1    2.1036340      1.0000
    32     2     32 1      2 1     32 1    2.1036340      1.0000
    33     2      2 1     32 1     32 1    2.1036340      1.0000
    34     2      1 2      1 2     23 2   -2.1036340      1.0000
    35     2      1 2     23 2      1 2   -2.1036340      1.0000
    36     2     23 2      1 2      1 2   -2.1036340      1.0000
    37     2     32 2     32 2      2 2   -2.1036340      1.0000
    38     2     32 2      2 2     32 2   -2.1036340      1.0000
    39     2      2 2     32 2     32 2   -2.1036340      1.0000
    40     2      1 3      1 3     23 3    2.1036340      1.0000
    41     2      1 3     23 3      1 3    2.1036340      1.0000
    42     2     23 3      1 3      1 3    2.1036340      1.0000
    43     2     32 3     32 3      2 3    2.1036340      1.0000
    44     2     32 3      2 3     32 3    2.1036340      1.0000
    45     2      2 3     32 3     32 3    2.1036340      1.0000
    46     2      1 1      1 1     27 1    2.1036340      1.0000
    47     2      1 1     27 1      1 1    2.1036340      1.0000
    48     2     27 1      1 1      1 1    2.1036340      1.0000
    49     2     28 1     28 1      2 1    2.1036340      1.0000
    50     2     28 1      2 1     28 1    2.1036340      1.0000
    51     2      2 1     28 1     28 1    2.1036340      1.0000
    52     2      1 2      1 2     27 2    2.1036340      1.0000
    53     2      1 2     27 2      1 2    2.1036340      1.0000
    54     2     27 2      1 2      1 2    2.1036340      1.0000
    55     2     28 2     28 2      2 2    2.1036340      1.0000
    56     2     28 2      2 2     28 2    2.1036340      1.0000
    57     2      2 2     28 2     28 2    2.1036340      1.0000
    58     2      1 3      1 3     27 3   -2.1036340      1.0000
    59     2      1 3     27 3      1 3   -2.1036340      1.0000
    60     2     27 3      1 3      1 3   -2.1036340      1.0000
    61     2     28 3     28 3      2 3   -2.1036340      1.0000
    62     2     28 3      2 3     28 3   -2.1036340      1.0000
    63     2      2 3     28 3     28 3   -2.1036340      1.0000
    64     2      1 1      2 1      2 1    2.1036340      1.0000
    65     2      2 1      1 1      2 1    2.1036340      1.0000
    66     2      2 1      2 1      1 1    2.1036340      1.0000
    67     2      1 2      2 2      2 2    2.1036340      1.0000
    68     2      2 2      1 2      2 2    2.1036340      1.0000
    69     2      2 2      2 2      1 2    2.1036340      1.0000
    70     2      1 3      2 3      2 3    2.1036340      1.0000
    71     2      2 3      1 3      2 3    2.1036340      1.0000
    72     2      2 3      2 3      1 3    2.1036340      1.0000
    73     2      1 1     11 1     11 1    2.1036340      1.0000
    74     2     11 1      1 1     11 1    2.1036340      1.0000
    75     2     11 1     11 1      1 1    2.1036340      1.0000
    76     2     43 1      2 1      2 1    2.1036340      1.0000
    77     2      2 1     43 1      2 1    2.1036340      1.0000
    78     2      2 1      2 1     43 1    2.1036340      1.0000
    79     2      1 2     11 2     11 2   -2.1036340      1.0000
    80     2     11 2      1 2     11 2   -2.1036340      1.0000
    81     2     11 2     11 2      1 2   -2.1036340      1.0000
    82     2     43 2      2 2      2 2   -2.1036340      1.0000
    83     2      2 2     43 2      2 2   -2.1036340      1.0000
    84     2      2 2      2 2     43 2   -2.1036340      1.0000
    85     2      1 3     11 3     11 3   -2.1036340      1.0000
    86     2     11 3      1 3     11 3   -2.1036340      1.0000
    87     2     11 3     11 3      1 3   -2.1036340      1.0000
    88     2     43 3      2 3      2 3   -2.1036340      1.0000
    89     2      2 3     43 3      2 3   -2.1036340      1.0000
    90     2      2 3      2 3     43 3   -2.1036340      1.0000
    91     2      1 1     23 1     23 1   -2.1036340      1.0000
    92     2     23 1      1 1     23 1   -2.1036340      1.0000
    93     2     23 1     23 1      1 1   -2.1036340      1.0000
    94     2     32 1      2 1      2 1   -2.1036340      1.0000
    95     2      2 1     32 1      2 1   -2.1036340      1.0000
    96     2      2 1      2 1     32 1   -2.1036340      1.0000
    97     2      1 2     23 2     23 2    2.1036340      1.0000
    98     2     23 2      1 2     23 2    2.1036340      1.0000
    99     2     23 2     23 2      1 2    2.1036340      1.0000
   100     2     32 2      2 2      2 2    2.1036340      1.0000
   101     2      2 2     32 2      2 2    2.1036340      1.0000
   102     2      2 2      2 2     32 2    2.1036340      1.0000
   103     2      1 3     23 3     23 3   -2.1036340      1.0000
   104     2     23 3      1 3     23 3   -2.1036340      1.0000
   105     2     23 3     23 3      1 3   -2.1036340      1.0000
   106     2     32 3      2 3      2 3   -2.1036340      1.0000
   107     2      2 3     32 3      2 3   -2.1036340      1.0000
   108     2      2 3      2 3     32 3   -2.1036340      1.0000
   109     2      1 1     27 1     27 1   -2.1036340      1.0000
   110     2     27 1      1 1     27 1   -2.1036340      1.0000
   111     2     27 1     27 1      1 1   -2.1036340      1.0000
   112     2     28 1      2 1      2 1   -2.1036340      1.0000
   113     2      2 1     28 1      2 1   -2.1036340      1.0000
   114     2      2 1      2 1     28 1   -2.1036340      1.0000
   115     2      1 2     27 2     27 2   -2.1036340      1.0000
   116     2     27 2      1 2     27 2   -2.1036340      1.0000
   117     2     27 2     27 2      1 2   -2.1036340      1.0000
   118     2     28 2      2 2      2 2   -2.1036340      1.0000
   119     2      2 2     28 2      2 2   -2.1036340      1.0000
   120     2      2 2      2 2     28 2   -2.1036340      1.0000
   121     2      1 3     27 3     27 3    2.1036340      1.0000
   122     2     27 3      1 3     27 3    2.1036340      1.0000
   123     2     27 3     27 3      1 3    2.1036340      1.0000
   124     2     28 3      2 3      2 3    2.1036340      1.0000
   125     2      2 3     28 3      2 3    2.1036340      1.0000
   126     2      2 3      2 3     28 3    2.1036340      1.0000
     1     3      1 1      1 2      2 1   -4.1543917      1.0000
     2     3      1 1      2 1      1 2   -4.1543917      1.0000
     3     3      1 2      1 1      2 1   -4.1543917      1.0000
     4     3      1 2      2 1      1 1   -4.1543917      1.0000
     5     3      2 1      1 1      1 2   -4.1543917      1.0000
     6     3      2 1      1 2      1 1   -4.1543917      1.0000
     7     3      1 1      1 2      2 2   -4.1543917      1.0000
     8     3      1 1      2 2      1 2   -4.1543917      1.0000
     9     3      1 2      1 1      2 2   -4.1543917      1.0000
    10     3      1 2      2 2      1 1   -4.1543917      1.0000
    11     3      2 2      1 1      1 2   -4.1543917      1.0000
    12     3      2 2      1 2      1 1   -4.1543917      1.0000
    13     3      1 1      1 3      2 1   -4.1543917      1.0000
    14     3      1 1      2 1      1 3   -4.1543917      1.0000
    15     3      1 3      1 1      2 1   -4.1543917      1.0000
    16     3      1 3      2 1      1 1   -4.1543917      1.0000
    17     3      2 1      1 1      1 3   -4.1543917      1.0000
    18     3      2 1      1 3      1 1   -4.1543917      1.0000
    19     3      1 1      1 3      2 3   -4.1543917      1.0000
    20     3      1 1      2 3      1 3   -4.1543917      1.0000
    21     3      1 3      1 1      2 3   -4.1543917      1.0000
    22     3      1 3      2 3      1 1   -4.1543917      1.0000
    23     3      2 3      1 1      1 3   -4.1543917      1.0000
    24     3      2 3      1 3      1 1   -4.1543917      1.0000
    25     3      1 2      1 3      2 2   -4.1543917      1.0000
    26     3      1 2      2 2      1 3   -4.1543917      1.0000
    27     3      1 3      1 2      2 2   -4.1543917      1.0000
    28     3      1 3      2 2      1 2   -4.1543917      1.0000
    29     3      2 2      1 2      1 3   -4.1543917      1.0000
    30     3      2 2      1 3      1 2   -4.1543917      1.0000
    31     3      1 2      1 3      2 3   -4.1543917      1.0000
    32     3      1 2      2 3      1 3   -4.1543917      1.0000
    33     3      1 3      1 2      2 3   -4.1543917      1.0000
    34     3      1 3      2 3      1 2   -4.1543917      1.0000
    35     3      2 3      1 2      1 3   -4.1543917      1.0000
    36     3      2 3      1 3      1 2   -4.1543917      1.0000
    37     3      1 1      1 2     11 1    4.1543917      1.0000
    38     3      1 1     11 1      1 2    4.1543917      1.0000
    39     3      1 2      1 1     11 1    4.1543917      1.0000
    40     3      1 2     11 1      1 1    4.1543917      1.0000
    41     3     11 1      1 1      1 2    4.1543917      1.0000
    42     3     11 1      1 2      1 1    4.1543917      1.0000
    43     3     43 1     43 2      2 1    4.1543917      1.0000
    44     3     43 1      2 1     43 2    4.1543917      1.0000
    45     3     43 2     43 1      2 1    4.1543917      1.0000
    46     3     43 2      2 1     43 1    4.1543917      1.0000
    47     3      2 1     43 1     43 2    4.1543917      1.0000
    48     3      2 1     43 2     43 1    4.1543917      1.0000
    49     3      1 1      1 2     11 2   -4.1543917      1.0000
    50     3      1 1     11 2      1 2   -4.1543917      1.0000
    51     3      1 2      1 1     11 2   -4.1543917      1.0000
    52     3      1 2     11 2      1 1   -4.1543917      1.0000
    53     3     11 2      1 1      1 2   -4.1543917      1.0000
    54     3     11 2      1 2      1 1   -4.1543917      1.0000
    55     3     43 1     43 2      2 2   -4.1543917      1.0000
    56     3     43 1      2 2     43 2   -4.1543917      1.0000
    57     3     43 2     43 1      2 2   -4.1543917      1.0000
    58     3     43 2      2 2     43 1   -4.1543917      1.0000
    59     3      2 2     43 1     43 2   -4.1543917      1.0000
    60     3      2 2     43 2     43 1   -4.1543917      1.0000
    61     3      1 1      1 3     11 1    4.1543917      1.0000
    62     3      1 1     11 1      1 3    4.1543917      1.0000
    63     3      1 3      1 1     11 1    4.1543917      1.0000
    64     3      1 3     11 1      1 1    4.1543917      1.0000
    65     3     11 1      1 1      1 3    4.1543917      1.0000
    66     3     11 1      1 3      1 1    4.1543917      1.0000
    67     3     43 1     43 3      2 1    4.1543917      1.0000
    68     3     43 1      2 1     43 3    4.1543917      1.0000
    69     3     43 3     43 1      2 1    4.1543917      1.0000
    70     3     43 3      2 1     43 1    4.1543917      1.0000
    71     3      2 1     43 1     43 3    4.1543917      1.0000
    72     3      2 1     43 3     43 1    4.1543917      1.0000
    73     3      1 1      1 3     11 3   -4.1543917      1.0000
    74     3      1 1     11 3      1 3   -4.1543917      1.0000
    75     3      1 3      1 1     11 3   -4.1543917      1.0000
    76     3      1 3     11 3      1 1   -4.1543917      1.0000
    77     3     11 3      1 1      1 3   -4.1543917      1.0000
    78     3     11 3      1 3      1 1   -4.1543917      1.0000
    79     3     43 1     43 3      2 3   -4.1543917      1.0000
    80     3     43 1      2 3     43 3   -4.1543917      1.0000
    81     3     43 3     43 1      2 3   -4.1543917      1.0000
    82     3     43 3      2 3     43 1   -4.1543917      1.0000
    83     3      2 3     43 1     43 3   -4.1543917      1.0000
    84     3      2 3     43 3     43 1   -4.1543917      1.0000
    85     3      1 2      1 3     11 2    4.1543917      1.0000
    86     3      1 2     11 2      1 3    4.1543917      1.0000
    87     3      1 3      1 2     11 2    4.1543917      1.0000
    88     3      1 3     11 2      1 2    4.1543917      1.0000
    89     3     11 2      1 2      1 3    4.1543917      1.0000
    90     3     11 2      1 3      1 2    4.1543917      1.0000
    91     3     43 2     43 3      2 2    4.1543917      1.0000
    92     3     43 2      2 2     43 3    4.1543917      1.0000
    93     3     43 3     43 2      2 2    4.1543917      1.0000
    94     3     43 3      2 2     43 2    4.1543917      1.0000
    95     3      2 2     43 2     43 3    4.1543917      1.0000
    96     3      2 2     43 3     43 2    4.1543917      1.0000
    97     3      1 2      1 3     11 3    4.1543917      1.0000
    98     3      1 2     11 3      1 3    4.1543917      1.0000
    99     3      1 3      1 2     11 3    4.1543917      1.0000
   100     3      1 3     11 3      1 2    4.1543917      1.0000
   101     3     11 3      1 2      1 3    4.1543917      1.0000
   102     3     11 3      1 3      1 2    4.1543917      1.0000
   103     3     43 2     43 3      2 3    4.1543917      1.0000
   104     3     43 2      2 3     43 3    4.1543917      1.0000
   105     3     43 3     43 2      2 3    4.1543917      1.0000
   106     3     43 3      2 3     43 2    4.1543917      1.0000
   107     3      2 3     43 2     43 3    4.1543917      1.0000
   108     3      2 3     43 3     43 2    4.1543917      1.0000
   109     3      1 1      1 2     23 1   -4.1543917      1.0000
   110     3      1 1     23 1      1 2   -4.1543917      1.0000
   111     3      1 2      1 1     23 1   -4.1543917      1.0000
   112     3      1 2     23 1      1 1   -4.1543917      1.0000
   113     3     23 1      1 1      1 2   -4.1543917      1.0000
   114     3     23 1      1 2      1 1   -4.1543917      1.0000
   115     3     32 1     32 2      2 1   -4.1543917      1.0000
   116     3     32 1      2 1     32 2   -4.1543917      1.0000
   117     3     32 2     32 1      2 1   -4.1543917      1.0000
   118     3     32 2      2 1     32 1   -4.1543917      1.0000
   119     3      2 1     32 1     32 2   -4.1543917      1.0000
   120     3      2 1     32 2     32 1   -4.1543917      1.0000
   121     3      1 1      1 2     23 2    4.1543917      1.0000
   122     3      1 1     23 2      1 2    4.1543917      1.0000
   123     3      1 2      1 1     23 2    4.1543917      1.0000
   124     3      1 2     23 2      1 1    4.1543917      1.0000
   125     3     23 2      1 1      1 2    4.1543917      1.0000
   126     3     23 2      1 2      1 1    4.1543917      1.0000
   127     3     32 1     32 2      2 2    4.1543917      1.0000
   128     3     32 1      2 2     32 2    4.1543917      1.0000
   129     3     32 2     32 1      2 2    4.1543917      1.0000
   130     3     32 2      2 2     32 1    4.1543917      1.0000
   131     3      2 2     32 1     32 2    4.1543917      1.0000
   132     3      2 2     32 2     32 1    4.1543917      1.0000
   133     3      1 1      1 3     23 1    4.1543917      1.0000
   134     3      1 1     23 1      1 3    4.1543917      1.0000
   135     3      1 3      1 1     23 1    4.1543917      1.0000
   136     3      1 3     23 1      1 1    4.1543917      1.0000
   137     3     23 1      1 1      1 3    4.1543917      1.0000
   138     3     23 1      1 3      1 1    4.1543917      1.0000
   139     3     32 1     32 3      2 1    4.1543917      1.0000
   140     3     32 1      2 1     32 3    4.1543917      1.0000
   141     3     32 3     32 1      2 1    4.1543917      1.0000
   142     3     32 3      2 1     32 1    4.1543917      1.0000
   143     3      2 1     32 1     32 3    4.1543917      1.0000
   144     3      2 1     32 3     32 1    4.1543917      1.0000
   145     3      1 1      1 3     23 3    4.1543917      1.0000
   146     3      1 1     23 3      1 3    4.1543917      1.0000
   147     3      1 3      1 1     23 3    4.1543917      1.0000
   148     3      1 3     23 3      1 1    4.1543917      1.0000
   149     3     23 3      1 1      1 3    4.1543917      1.0000
   150     3     23 3      1 3      1 1    4.1543917      1.0000
   151     3     32 1     32 3      2 3    4.1543917      1.0000
   152     3     32 1      2 3     32 3    4.1543917      1.0000
   153     3     32 3     32 1      2 3    4.1543917      1.0000
   154     3     32 3      2 3     32 1    4.1543917      1.0000
   155     3      2 3     32 1     32 3    4.1543917      1.0000
   156     3      2 3     32 3     32 1    4.1543917      1.0000
   157     3      1 2      1 3     23 2    4.1543917      1.0000
   158     3      1 2     23 2      1 3    4.1543917      1.0000
   159     3      1 3      1 2     23 2    4.1543917      1.0000
   160     3      1 3     23 2      1 2    4.1543917      1.0000
   161     3     23 2      1 2      1 3    4.1543917      1.0000
   162     3     23 2      1 3      1 2    4.1543917      1.0000
   163     3     32 2     32 3      2 2    4.1543917      1.0000
   164     3     32 2      2 2     32 3    4.1543917      1.0000
   165     3     32 3     32 2      2 2    4.1543917      1.0000
   166     3     32 3      2 2     32 2    4.1543917      1.0000
   167     3      2 2     32 2     32 3    4.1543917      1.0000
   168     3      2 2     32 3     32 2    4.1543917      1.0000
   169     3      1 2      1 3     23 3   -4.1543917      1.0000
   170     3      1 2     23 3      1 3   -4.1543917      1.0000
   171     3      1 3      1 2     23 3   -4.1543917      1.0000
   172     3      1 3     23 3      1 2   -4.1543917      1.0000
   173     3     23 3      1 2      1 3   -4.1543917      1.0000
   174     3     23 3      1 3      1 2   -4.1543917      1.0000
   175     3     32 2     32 3      2 3   -4.1543917      1.0000
   176     3     32 2      2 3     32 3   -4.1543917      1.0000
   177     3     32 3     32 2      2 3   -4.1543917      1.0000
   178     3     32 3      2 3     32 2   -4.1543917      1.0000
   179     3      2 3     32 2     32 3   -4.1543917      1.0000
   180     3      2 3     32 3     32 2   -4.1543917      1.0000
   181     3      1 1      1 2     27 1    4.1543917      1.0000
   182     3      1 1     27 1      1 2    4.1543917      1.0000
   183     3      1 2      1 1     27 1    4.1543917      1.0000
   184     3      1 2     27 1      1 1    4.1543917      1.0000
   185     3     27 1      1 1      1 2    4.1543917      1.0000
   186     3     27 1      1 2      1 1    4.1543917      1.0000
   187     3     28 1     28 2      2 1    4.1543917      1.0000
   188     3     28 1      2 1     28 2    4.1543917      1.0000
   189     3     28 2     28 1      2 1    4.1543917      1.0000
   190     3     28 2      2 1     28 1    4.1543917      1.0000
   191     3      2 1     28 1     28 2    4.1543917      1.0000
   192     3      2 1     28 2     28 1    4.1543917      1.0000
   193     3      1 1      1 2     27 2    4.1543917      1.0000
   194     3      1 1     27 2      1 2    4.1543917      1.0000
   195     3      1 2      1 1     27 2    4.1543917      1.0000
   196     3      1 2     27 2      1 1    4.1543917      1.0000
   197     3     27 2      1 1      1 2    4.1543917      1.0000
   198     3     27 2      1 2      1 1    4.1543917      1.0000
   199     3     28 1     28 2      2 2    4.1543917      1.0000
   200     3     28 1      2 2     28 2    4.1543917      1.0000
   201     3     28 2     28 1      2 2    4.1543917      1.0000
   202     3     28 2      2 2     28 1    4.1543917      1.0000
   203     3      2 2     28 1     28 2    4.1543917      1.0000
   204     3      2 2     28 2     28 1    4.1543917      1.0000
   205     3      1 1      1 3     27 1   -4.1543917      1.0000
   206     3      1 1     27 1      1 3   -4.1543917      1.0000
   207     3      1 3      1 1     27 1   -4.1543917      1.0000
   208     3      1 3     27 1      1 1   -4.1543917      1.0000
   209     3     27 1      1 1      1 3   -4.1543917      1.0000
   210     3     27 1      1 3      1 1   -4.1543917      1.0000
   211     3     28 1     28 3      2 1   -4.1543917      1.0000
   212     3     28 1      2 1     28 3   -4.1543917      1.0000
   213     3     28 3     28 1      2 1   -4.1543917      1.0000
   214     3     28 3      2 1     28 1   -4.1543917      1.0000
   215     3      2 1     28 1     28 3   -4.1543917      1.0000
   216     3      2 1     28 3     28 1   -4.1543917      1.0000
   217     3      1 1      1 3     27 3    4.1543917      1.0000
   218     3      1 1     27 3      1 3    4.1543917      1.0000
   219     3      1 3      1 1     27 3    4.1543917      1.0000
   220     3      1 3     27 3      1 1    4.1543917      1.0000
   221     3     27 3      1 1      1 3    4.1543917      1.0000
   222     3     27 3      1 3      1 1    4.1543917      1.0000
   223     3     28 1     28 3      2 3    4.1543917      1.0000
   224     3     28 1      2 3     28 3    4.1543917      1.0000
   225     3     28 3     28 1      2 3    4.1543917      1.0000
   226     3     28 3      2 3     28 1    4.1543917      1.0000
   227     3      2 3     28 1     28 3    4.1543917      1.0000
   228     3      2 3     28 3     28 1    4.1543917      1.0000
   229     3      1 2      1 3     27 2   -4.1543917      1.0000
   230     3      1 2     27 2      1 3   -4.1543917      1.0000
   231     3      1 3      1 2     27 2   -4.1543917      1.0000
   232     3      1 3     27 2      1 2   -4.1543917      1.0000
   233     3     27 2      1 2      1 3   -4.1543917      1.0000
   234     3     27 2      1 3      1 2   -4.1543917      1.0000
   235     3     28 2     28 3      2 2   -4.1543917      1.0000
   236     3     28 2      2 2     28 3   -4.1543917      1.0000
   237     3     28 3     28 2      2 2   -4.1543917      1.0000
   238     3     28 3      2 2     28 2   -4.1543917      1.0000
   239     3      2 2     28 2     28 3   -4.1543917      1.0000
   240     3      2 2     28 3     28 2   -4.1543917      1.0000
   241     3      1 2      1 3     27 3    4.1543917      1.0000
   242     3      1 2     27 3      1 3    4.1543917      1.0000
   243     3      1 3      1 2     27 3    4.1543917      1.0000
   244     3      1 3     27 3      1 2    4.1543917      1.0000
   245     3     27 3      1 2      1 3    4.1543917      1.0000
   246     3     27 3      1 3      1 2    4.1543917      1.0000
   247     3     28 2     28 3      2 3    4.1543917      1.0000
   248     3     28 2      2 3     28 3    4.1543917      1.0000
   249     3     28 3     28 2      2 3    4.1543917      1.0000
   250     3     28 3      2 3     28 2    4.1543917      1.0000
   251     3      2 3     28 2     28 3    4.1543917      1.0000
   252     3      2 3     28 3     28 2    4.1543917      1.0000
   253     3      1 1      2 1      2 2    4.1543917      1.0000
   254     3      1 1      2 2      2 1    4.1543917      1.0000
   255     3      2 1      1 1      2 2    4.1543917      1.0000
   256     3      2 1      2 2      1 1    4.1543917      1.0000
   257     3      2 2      1 1      2 1    4.1543917      1.0000
   258     3      2 2      2 1      1 1    4.1543917      1.0000
   259     3      1 1      2 1      2 3    4.1543917      1.0000
   260     3      1 1      2 3      2 1    4.1543917      1.0000
   261     3      2 1      1 1      2 3    4.1543917      1.0000
   262     3      2 1      2 3      1 1    4.1543917      1.0000
   263     3      2 3      1 1      2 1    4.1543917      1.0000
   264     3      2 3      2 1      1 1    4.1543917      1.0000
   265     3      1 2      2 1      2 2    4.1543917      1.0000
   266     3      1 2      2 2      2 1    4.1543917      1.0000
   267     3      2 1      1 2      2 2    4.1543917      1.0000
   268     3      2 1      2 2      1 2    4.1543917      1.0000
   269     3      2 2      1 2      2 1    4.1543917      1.0000
   270     3      2 2      2 1      1 2    4.1543917      1.0000
   271     3      1 2      2 2      2 3    4.1543917      1.0000
   272     3      1 2      2 3      2 2    4.1543917      1.0000
   273     3      2 2      1 2      2 3    4.1543917      1.0000
   274     3      2 2      2 3      1 2    4.1543917      1.0000
   275     3      2 3      1 2      2 2    4.1543917      1.0000
   276     3      2 3      2 2      1 2    4.1543917      1.0000
   277     3      1 3      2 1      2 3    4.1543917      1.0000
   278     3      1 3      2 3      2 1    4.1543917      1.0000
   279     3      2 1      1 3      2 3    4.1543917      1.0000
   280     3      2 1      2 3      1 3    4.1543917      1.0000
   281     3      2 3      1 3      2 1    4.1543917      1.0000
   282     3      2 3      2 1      1 3    4.1543917      1.0000
   283     3      1 3      2 2      2 3    4.1543917      1.0000
   284     3      1 3      2 3      2 2    4.1543917      1.0000
   285     3      2 2      1 3      2 3    4.1543917      1.0000
   286     3      2 2      2 3      1 3    4.1543917      1.0000
   287     3      2 3      1 3      2 2    4.1543917      1.0000
   288     3      2 3      2 2      1 3    4.1543917      1.0000
   289     3      1 1     11 1     11 2   -4.1543917      1.0000
   290     3      1 1     11 2     11 1   -4.1543917      1.0000
   291     3     11 1      1 1     11 2   -4.1543917      1.0000
   292     3     11 1     11 2      1 1   -4.1543917      1.0000
   293     3     11 2      1 1     11 1   -4.1543917      1.0000
   294     3     11 2     11 1      1 1   -4.1543917      1.0000
   295     3     43 1      2 1      2 2   -4.1543917      1.0000
   296     3     43 1      2 2      2 1   -4.1543917      1.0000
   297     3      2 1     43 1      2 2   -4.1543917      1.0000
   298     3      2 1      2 2     43 1   -4.1543917      1.0000
   299     3      2 2     43 1      2 1   -4.1543917      1.0000
   300     3      2 2      2 1     43 1   -4.1543917      1.0000
   301     3      1 1     11 1     11 3   -4.1543917      1.0000
   302     3      1 1     11 3     11 1   -4.1543917      1.0000
   303     3     11 1      1 1     11 3   -4.1543917      1.0000
   304     3     11 1     11 3      1 1   -4.1543917      1.0000
   305     3     11 3      1 1     11 1   -4.1543917      1.0000
   306     3     11 3     11 1      1 1   -4.1543917      1.0000
   307     3     43 1      2 1      2 3   -4.1543917      1.0000
   308     3     43 1      2 3      2 1   -4.1543917      1.0000
   309     3      2 1     43 1      2 3   -4.1543917      1.0000
   310     3      2 1      2 3     43 1   -4.1543917      1.0000
   311     3      2 3     43 1      2 1   -4.1543917      1.0000
   312     3      2 3      2 1     43 1   -4.1543917      1.0000
   313     3      1 2     11 1     11 2    4.1543917      1.0000
   314     3      1 2     11 2     11 1    4.1543917      1.0000
   315     3     11 1      1 2     11 2    4.1543917      1.0000
   316     3     11 1     11 2      1 2    4.1543917      1.0000
   317     3     11 2      1 2     11 1    4.1543917      1.0000
   318     3     11 2     11 1      1 2    4.1543917      1.0000
   319     3     43 2      2 1      2 2    4.1543917      1.0000
   320     3     43 2      2 2      2 1    4.1543917      1.0000
   321     3      2 1     43 2      2 2    4.1543917      1.0000
   322     3      2 1      2 2     43 2    4.1543917      1.0000
   323     3      2 2     43 2      2 1    4.1543917      1.0000
   324     3      2 2      2 1     43 2    4.1543917      1.0000
   325     3      1 2     11 2     11 3   -4.1543917      1.0000
   326     3      1 2     11 3     11 2   -4.1543917      1.0000
   327     3     11 2      1 2     11 3   -4.1543917      1.0000
   328     3     11 2     11 3      1 2   -4.1543917      1.0000
   329     3     11 3      1 2     11 2   -4.1543917      1.0000
   330     3     11 3     11 2      1 2   -4.1543917      1.0000
   331     3     43 2      2 2      2 3   -4.1543917      1.0000
   332     3     43 2      2 3      2 2   -4.1543917      1.0000
   333     3      2 2     43 2      2 3   -4.1543917      1.0000
   334     3      2 2      2 3     43 2   -4.1543917      1.0000
   335     3      2 3     43 2      2 2   -4.1543917      1.0000
   336     3      2 3      2 2     43 2   -4.1543917      1.0000
   337     3      1 3     11 1     11 3    4.1543917      1.0000
   338     3      1 3     11 3     11 1    4.1543917      1.0000
   339     3     11 1      1 3     11 3    4.1543917      1.0000
   340     3     11 1     11 3      1 3    4.1543917      1.0000
   341     3     11 3      1 3     11 1    4.1543917      1.0000
   342     3     11 3     11 1      1 3    4.1543917      1.0000
   343     3     43 3      2 1      2 3    4.1543917      1.0000
   344     3     43 3      2 3      2 1    4.1543917      1.0000
   345     3      2 1     43 3      2 3    4.1543917      1.0000
   346     3      2 1      2 3     43 3    4.1543917      1.0000
   347     3      2 3     43 3      2 1    4.1543917      1.0000
   348     3      2 3      2 1     43 3    4.1543917      1.0000
   349     3      1 3     11 2     11 3   -4.1543917      1.0000
   350     3      1 3     11 3     11 2   -4.1543917      1.0000
   351     3     11 2      1 3     11 3   -4.1543917      1.0000
   352     3     11 2     11 3      1 3   -4.1543917      1.0000
   353     3     11 3      1 3     11 2   -4.1543917      1.0000
   354     3     11 3     11 2      1 3   -4.1543917      1.0000
   355     3     43 3      2 2      2 3   -4.1543917      1.0000
   356     3     43 3      2 3      2 2   -4.1543917      1.0000
   357     3      2 2     43 3      2 3   -4.1543917      1.0000
   358     3      2 2      2 3     43 3   -4.1543917      1.0000
   359     3      2 3     43 3      2 2   -4.1543917      1.0000
   360     3      2 3      2 2     43 3   -4.1543917      1.0000
   361     3      1 1     23 1     23 2    4.1543917      1.0000
   362     3      1 1     23 2     23 1    4.1543917      1.0000
   363     3     23 1      1 1     23 2    4.1543917      1.0000
   364     3     23 1     23 2      1 1    4.1543917      1.0000
   365     3     23 2      1 1     23 1    4.1543917      1.0000
   366     3     23 2     23 1      1 1    4.1543917      1.0000
   367     3     32 1      2 1      2 2    4.1543917      1.0000
   368     3     32 1      2 2      2 1    4.1543917      1.0000
   369     3      2 1     32 1      2 2    4.1543917      1.0000
   370     3      2 1      2 2     32 1    4.1543917      1.0000
   371     3      2 2     32 1      2 1    4.1543917      1.0000
   372     3      2 2      2 1     32 1    4.1543917      1.0000
   373     3      1 1     23 1     23 3   -4.1543917      1.0000
   374     3      1 1     23 3     23 1   -4.1543917      1.0000
   375     3     23 1      1 1     23 3   -4.1543917      1.0000
   376     3     23 1     23 3      1 1   -4.1543917      1.0000
   377     3     23 3      1 1     23 1   -4.1543917      1.0000
   378     3     23 3     23 1      1 1   -4.1543917      1.0000
   379     3     32 1      2 1      2 3   -4.1543917      1.0000
   380     3     32 1      2 3      2 1   -4.1543917      1.0000
   381     3      2 1     32 1      2 3   -4.1543917      1.0000
   382     3      2 1      2 3     32 1   -4.1543917      1.0000
   383     3      2 3     32 1      2 1   -4.1543917      1.0000
   384     3      2 3      2 1     32 1   -4.1543917      1.0000
   385     3      1 2     23 1     23 2   -4.1543917      1.0000
   386     3      1 2     23 2     23 1   -4.1543917      1.0000
   387     3     23 1      1 2     23 2   -4.1543917      1.0000
   388     3     23 1     23 2      1 2   -4.1543917      1.0000
   389     3     23 2      1 2     23 1   -4.1543917      1.0000
   390     3     23 2     23 1      1 2   -4.1543917      1.0000
   391     3     32 2      2 1      2 2   -4.1543917      1.0000
   392     3     32 2      2 2      2 1   -4.1543917      1.0000
   393     3      2 1     32 2      2 2   -4.1543917      1.0000
   394     3      2 1      2 2     32 2   -4.1543917      1.0000
   395     3      2 2     32 2      2 1   -4.1543917      1.0000
   396     3      2 2      2 1     32 2   -4.1543917      1.0000
   397     3      1 2     23 2     23 3   -4.1543917      1.0000
   398     3      1 2     23 3     23 2   -4.1543917      1.0000
   399     3     23 2      1 2     23 3   -4.1543917      1.0000
   400     3     23 2     23 3      1 2   -4.1543917      1.0000
   401     3     23 3      1 2     23 2   -4.1543917      1.0000
   402     3     23 3     23 2      1 2   -4.1543917      1.0000
   403     3     32 2      2 2      2 3   -4.1543917      1.0000
   404     3     32 2      2 3      2 2   -4.1543917      1.0000
   405     3      2 2     32 2      2 3   -4.1543917      1.0000
   406     3      2 2      2 3     32 2   -4.1543917      1.0000
   407     3      2 3     32 2      2 2   -4.1543917      1.0000
   408     3      2 3      2 2     32 2   -4.1543917      1.0000
   409     3      1 3     23 1     23 3   -4.1543917      1.0000
   410     3      1 3     23 3     23 1   -4.1543917      1.0000
   411     3     23 1      1 3     23 3   -4.1543917      1.0000
   412     3     23 1     23 3      1 3   -4.1543917      1.0000
   413     3     23 3      1 3     23 1   -4.1543917      1.0000
   414     3     23 3     23 1      1 3   -4.1543917      1.0000
   415     3     32 3      2 1      2 3   -4.1543917      1.0000
   416     3     32 3      2 3      2 1   -4.1543917      1.0000
   417     3      2 1     32 3      2 3   -4.1543917      1.0000
   418     3      2 1      2 3     32 3   -4.1543917      1.0000
   419     3      2 3     32 3      2 1   -4.1543917      1.0000
   420     3      2 3      2 1     32 3   -4.1543917      1.0000
   421     3      1 3     23 2     23 3    4.1543917      1.0000
   422     3      1 3     23 3     23 2    4.1543917      1.0000
   423     3     23 2      1 3     23 3    4.1543917      1.0000
   424     3     23 2     23 3      1 3    4.1543917      1.0000
   425     3     23 3      1 3     23 2    4.1543917      1.0000
   426     3     23 3     23 2      1 3    4.1543917      1.0000
   427     3     32 3      2 2      2 3    4.1543917      1.0000
   428     3     32 3      2 3      2 2    4.1543917      1.0000
   429     3      2 2     32 3      2 3    4.1543917      1.0000
   430     3      2 2      2 3     32 3    4.1543917      1.0000
   431     3      2 3     32 3      2 2    4.1543917      1.0000
   432     3      2 3      2 2     32 3    4.1543917      1.0000
   433     3      1 1     27 1     27 2   -4.1543917      1.0000
   434     3      1 1     27 2     27 1   -4.1543917      1.0000
   435     3     27 1      1 1     27 2   -4.1543917      1.0000
   436     3     27 1     27 2      1 1   -4.1543917      1.0000
   437     3     27 2      1 1     27 1   -4.1543917      1.0000
   438     3     27 2     27 1      1 1   -4.1543917      1.0000
   439     3     28 1      2 1      2 2   -4.1543917      1.0000
   440     3     28 1      2 2      2 1   -4.1543917      1.0000
   441     3      2 1     28 1      2 2   -4.1543917      1.0000
   442     3      2 1      2 2     28 1   -4.1543917      1.0000
   443     3      2 2     28 1      2 1   -4.1543917      1.0000
   444     3      2 2      2 1     28 1   -4.1543917      1.0000
   445     3      1 1     27 1     27 3    4.1543917      1.0000
   446     3      1 1     27 3     27 1    4.1543917      1.0000
   447     3     27 1      1 1     27 3    4.1543917      1.0000
   448     3     27 1     27 3      1 1    4.1543917      1.0000
   449     3     27 3      1 1     27 1    4.1543917      1.0000
   450     3     27 3     27 1      1 1    4.1543917      1.0000
   451     3     28 1      2 1      2 3    4.1543917      1.0000
   452     3     28 1      2 3      2 1    4.1543917      1.0000
   453     3      2 1     28 1      2 3    4.1543917      1.0000
   454     3      2 1      2 3     28 1    4.1543917      1.0000
   455     3      2 3     28 1      2 1    4.1543917      1.0000
   456     3      2 3      2 1     28 1    4.1543917      1.0000
   457     3      1 2     27 1     27 2   -4.1543917      1.0000
   458     3      1 2     27 2     27 1   -4.1543917      1.0000
   459     3     27 1      1 2     27 2   -4.1543917      1.0000
   460     3     27 1     27 2      1 2   -4.1543917      1.0000
   461     3     27 2      1 2     27 1   -4.1543917      1.0000
   462     3     27 2     27 1      1 2   -4.1543917      1.0000
   463     3     28 2      2 1      2 2   -4.1543917      1.0000
   464     3     28 2      2 2      2 1   -4.1543917      1.0000
   465     3      2 1     28 2      2 2   -4.1543917      1.0000
   466     3      2 1      2 2     28 2   -4.1543917      1.0000
   467     3      2 2     28 2      2 1   -4.1543917      1.0000
   468     3      2 2      2 1     28 2   -4.1543917      1.0000
   469     3      1 2     27 2     27 3    4.1543917      1.0000
   470     3      1 2     27 3     27 2    4.1543917      1.0000
   471     3     27 2      1 2     27 3    4.1543917      1.0000
   472     3     27 2     27 3      1 2    4.1543917      1.0000
   473     3     27 3      1 2     27 2    4.1543917      1.0000
   474     3     27 3     27 2      1 2    4.1543917      1.0000
   475     3     28 2      2 2      2 3    4.1543917      1.0000
   476     3     28 2      2 3      2 2    4.1543917      1.0000
   477     3      2 2     28 2      2 3    4.1543917      1.0000
   478     3      2 2      2 3     28 2    4.1543917      1.0000
   479     3      2 3     28 2      2 2    4.1543917      1.0000
   480     3      2 3      2 2     28 2    4.1543917      1.0000
   481     3      1 3     27 1     27 3   -4.1543917      1.0000
   482     3      1 3     27 3     27 1   -4.1543917      1.0000
   483     3     27 1      1 3     27 3   -4.1543917      1.0000
   484     3     27 1     27 3      1 3   -4.1543917      1.0000
   485     3     27 3      1 3     27 1   -4.1543917      1.0000
   486     3     27 3     27 1      1 3   -4.1543917      1.0000
   487     3     28 3      2 1      2 3   -4.1543917      1.0000
   488     3     28 3      2 3      2 1   -4.1543917      1.0000
   489     3      2 1     28 3      2 3   -4.1543917      1.0000
   490     3      2 1      2 3     28 3   -4.1543917      1.0000
   491     3      2 3     28 3      2 1   -4.1543917      1.0000
   492     3      2 3      2 1     28 3   -4.1543917      1.0000
   493     3      1 3     27 2     27 3   -4.1543917      1.0000
   494     3      1 3     27 3     27 2   -4.1543917      1.0000
   495     3     27 2      1 3     27 3   -4.1543917      1.0000
   496     3     27 2     27 3      1 3   -4.1543917      1.0000
   497     3     27 3      1 3     27 2   -4.1543917      1.0000
   498     3     27 3     27 2      1 3   -4.1543917      1.0000
   499     3     28 3      2 2      2 3   -4.1543917      1.0000
   500     3     28 3      2 3      2 2   -4.1543917      1.0000
   501     3      2 2     28 3      2 3   -4.1543917      1.0000
   502     3      2 2      2 3     28 3   -4.1543917      1.0000
   503     3      2 3     28 3      2 2   -4.1543917      1.0000
   504     3      2 3      2 2     28 3   -4.1543917      1.0000
     1     4      1 1      1 1      2 2   -4.1543917      1.0000
     2     4      1 1      2 2      1 1   -4.1543917      1.0000
     3     4      2 2      1 1      1 1   -4.1543917      1.0000
     4     4      1 1      1 1      2 3   -4.1543917      1.0000
     5     4      1 1      2 3      1 1   -4.1543917      1.0000
     6     4      2 3      1 1      1 1   -4.1543917      1.0000
     7     4      1 2      1 2      2 1   -4.1543917      1.0000
     8     4      1 2      2 1      1 2   -4.1543917      1.0000
     9     4      2 1      1 2      1 2   -4.1543917      1.0000
    10     4      1 2      1 2      2 3   -4.1543917      1.0000
    11     4      1 2      2 3      1 2   -4.1543917      1.0000
    12     4      2 3      1 2      1 2   -4.1543917      1.0000
    13     4      1 3      1 3      2 1   -4.1543917      1.0000
    14     4      1 3      2 1      1 3   -4.1543917      1.0000
    15     4      2 1      1 3      1 3   -4.1543917      1.0000
    16     4      1 3      1 3      2 2   -4.1543917      1.0000
    17     4      1 3      2 2      1 3   -4.1543917      1.0000
    18     4      2 2      1 3      1 3   -4.1543917      1.0000
    19     4      1 1      1 1     11 2    4.1543917      1.0000
    20     4      1 1     11 2      1 1    4.1543917      1.0000
    21     4     11 2      1 1      1 1    4.1543917      1.0000
    22     4     43 1     43 1      2 2    4.1543917      1.0000
    23     4     43 1      2 2     43 1    4.1543917      1.0000
    24     4      2 2     43 1     43 1    4.1543917      1.0000
    25     4      1 1      1 1     11 3    4.1543917      1.0000
    26     4      1 1     11 3      1 1    4.1543917      1.0000
    27     4     11 3      1 1      1 1    4.1543917      1.0000
    28     4     43 1     43 1      2 3    4.1543917      1.0000
    29     4     43 1      2 3     43 1    4.1543917      1.0000
    30     4      2 3     43 1     43 1    4.1543917      1.0000
    31     4      1 2      1 2     11 1   -4.1543917      1.0000
    32     4      1 2     11 1      1 2   -4.1543917      1.0000
    33     4     11 1      1 2      1 2   -4.1543917      1.0000
    34     4     43 2     43 2      2 1   -4.1543917      1.0000
    35     4     43 2      2 1     43 2   -4.1543917      1.0000
    36     4      2 1     43 2     43 2   -4.1543917      1.0000
    37     4      1 2      1 2     11 3    4.1543917      1.0000
    38     4      1 2     11 3      1 2    4.1543917      1.0000
    39     4     11 3      1 2      1 2    4.1543917      1.0000
    40     4     43 2     43 2      2 3    4.1543917      1.0000
    41     4     43 2      2 3     43 2    4.1543917      1.0000
    42     4      2 3     43 2     43 2    4.1543917      1.0000
    43     4      1 3      1 3     11 1   -4.1543917      1.0000
    44     4      1 3     11 1      1 3   -4.1543917      1.0000
    45     4     11 1      1 3      1 3   -4.1543917      1.0000
    46     4     43 3     43 3      2 1   -4.1543917      1.0000
    47     4     43 3      2 1     43 3   -4.1543917      1.0000
    48     4      2 1     43 3     43 3   -4.1543917      1.0000
    49     4      1 3      1 3     11 2    4.1543917      1.0000
    50     4      1 3     11 2      1 3    4.1543917      1.0000
    51     4     11 2      1 3      1 3    4.1543917      1.0000
    52     4     43 3     43 3      2 2    4.1543917      1.0000
    53     4     43 3      2 2     43 3    4.1543917      1.0000
    54     4      2 2     43 3     43 3    4.1543917      1.0000
    55     4      1 1      1 1     23 2   -4.1543917      1.0000
    56     4      1 1     23 2      1 1   -4.1543917      1.0000
    57     4     23 2      1 1      1 1   -4.1543917      1.0000
    58     4     32 1     32 1      2 2   -4.1543917      1.0000
    59     4     32 1      2 2     32 1   -4.1543917      1.0000
    60     4      2 2     32 1     32 1   -4.1543917      1.0000
    61     4      1 1      1 1     23 3    4.1543917      1.0000
    62     4      1 1     23 3      1 1    4.1543917      1.0000
    63     4     23 3      1 1      1 1    4.1543917      1.0000
    64     4     32 1     32 1      2 3    4.1543917      1.0000
    65     4     32 1      2 3     32 1    4.1543917      1.0000
    66     4      2 3     32 1     32 1    4.1543917      1.0000
    67     4      1 2      1 2     23 1    4.1543917      1.0000
    68     4      1 2     23 1      1 2    4.1543917      1.0000
    69     4     23 1      1 2      1 2    4.1543917      1.0000
    70     4     32 2     32 2      2 1    4.1543917      1.0000
    71     4     32 2      2 1     32 2    4.1543917      1.0000
    72     4      2 1     32 2     32 2    4.1543917      1.0000
    73     4      1 2      1 2     23 3    4.1543917      1.0000
    74     4      1 2     23 3      1 2    4.1543917      1.0000
    75     4     23 3      1 2      1 2    4.1543917      1.0000
    76     4     32 2     32 2      2 3    4.1543917      1.0000
    77     4     32 2      2 3     32 2    4.1543917      1.0000
    78     4      2 3     32 2     32 2    4.1543917      1.0000
    79     4      1 3      1 3     23 1    4.1543917      1.0000
    80     4      1 3     23 1      1 3    4.1543917      1.0000
    81     4     23 1      1 3      1 3    4.1543917      1.0000
    82     4     32 3     32 3      2 1    4.1543917      1.0000
    83     4     32 3      2 1     32 3    4.1543917      1.0000
    84     4      2 1     32 3     32 3    4.1543917      1.0000
    85     4      1 3      1 3     23 2   -4.1543917      1.0000
    86     4      1 3     23 2      1 3   -4.1543917      1.0000
    87     4     23 2      1 3      1 3   -4.1543917      1.0000
    88     4     32 3     32 3      2 2   -4.1543917      1.0000
    89     4     32 3      2 2     32 3   -4.1543917      1.0000
    90     4      2 2     32 3     32 3   -4.1543917      1.0000
    91     4      1 1      1 1     27 2    4.1543917      1.0000
    92     4      1 1     27 2      1 1    4.1543917      1.0000
    93     4     27 2      1 1      1 1    4.1543917      1.0000
    94     4     28 1     28 1      2 2    4.1543917      1.0000
    95     4     28 1      2 2     28 1    4.1543917      1.0000
    96     4      2 2     28 1     28 1    4.1543917      1.0000
    97     4      1 1      1 1     27 3   -4.1543917      1.0000
    98     4      1 1     27 3      1 1   -4.1543917      1.0000
    99     4     27 3      1 1      1 1   -4.1543917      1.0000
   100     4     28 1     28 1      2 3   -4.1543917      1.0000
   101     4     28 1      2 3     28 1   -4.1543917      1.0000
   102     4      2 3     28 1     28 1   -4.1543917      1.0000
   103     4      1 2      1 2     27 1    4.1543917      1.0000
   104     4      1 2     27 1      1 2    4.1543917      1.0000
   105     4     27 1      1 2      1 2    4.1543917      1.0000
   106     4     28 2     28 2      2 1    4.1543917      1.0000
   107     4     28 2      2 1     28 2    4.1543917      1.0000
   108     4      2 1     28 2     28 2    4.1543917      1.0000
   109     4      1 2      1 2     27 3   -4.1543917      1.0000
   110     4      1 2     27 3      1 2   -4.1543917      1.0000
   111     4     27 3      1 2      1 2   -4.1543917      1.0000
   112     4     28 2     28 2      2 3   -4.1543917      1.0000
   113     4     28 2      2 3     28 2   -4.1543917      1.0000
   114     4      2 3     28 2     28 2   -4.1543917      1.0000
   115     4      1 3      1 3     27 1    4.1543917      1.0000
   116     4      1 3     27 1      1 3    4.1543917      1.0000
   117     4     27 1      1 3      1 3    4.1543917      1.0000
   118     4     28 3     28 3      2 1    4.1543917      1.0000
   119     4     28 3      2 1     28 3    4.1543917      1.0000
   120     4      2 1     28 3     28 3    4.1543917      1.0000
   121     4      1 3      1 3     27 2    4.1543917      1.0000
   122     4      1 3     27 2      1 3    4.1543917      1.0000
   123     4     27 2      1 3      1 3    4.1543917      1.0000
   124     4     28 3     28 3      2 2    4.1543917      1.0000
   125     4     28 3      2 2     28 3    4.1543917      1.0000
   126     4      2 2     28 3     28 3    4.1543917      1.0000
   127     4      1 1      2 2      2 2    4.1543917      1.0000
   128     4      2 2      1 1      2 2    4.1543917      1.0000
   129     4      2 2      2 2      1 1    4.1543917      1.0000
   130     4      1 1      2 3      2 3    4.1543917      1.0000
   131     4      2 3      1 1      2 3    4.1543917      1.0000
   132     4      2 3      2 3      1 1    4.1543917      1.0000
   133     4      1 2      2 1      2 1    4.1543917      1.0000
   134     4      2 1      1 2      2 1    4.1543917      1.0000
   135     4      2 1      2 1      1 2    4.1543917      1.0000
   136     4      1 2      2 3      2 3    4.1543917      1.0000
   137     4      2 3      1 2      2 3    4.1543917      1.0000
   138     4      2 3      2 3      1 2    4.1543917      1.0000
   139     4      1 3      2 1      2 1    4.1543917      1.0000
   140     4      2 1      1 3      2 1    4.1543917      1.0000
   141     4      2 1      2 1      1 3    4.1543917      1.0000
   142     4      1 3      2 2      2 2    4.1543917      1.0000
   143     4      2 2      1 3      2 2    4.1543917      1.0000
   144     4      2 2      2 2      1 3    4.1543917      1.0000
   145     4      1 1     11 2     11 2    4.1543917      1.0000
   146     4     11 2      1 1     11 2    4.1543917      1.0000
   147     4     11 2     11 2      1 1    4.1543917      1.0000
   148     4     43 1      2 2      2 2    4.1543917      1.0000
   149     4      2 2     43 1      2 2    4.1543917      1.0000
   150     4      2 2      2 2     43 1    4.1543917      1.0000
   151     4      1 1     11 3     11 3    4.1543917      1.0000
   152     4     11 3      1 1     11 3    4.1543917      1.0000
   153     4     11 3     11 3      1 1    4.1543917      1.0000
   154     4     43 1      2 3      2 3    4.1543917      1.0000
   155     4      2 3     43 1      2 3    4.1543917      1.0000
   156     4      2 3      2 3     43 1    4.1543917      1.0000
   157     4      1 2     11 1     11 1   -4.1543917      1.0000
   158     4     11 1      1 2     11 1   -4.1543917      1.0000
   159     4     11 1     11 1      1 2   -4.1543917      1.0000
   160     4     43 2      2 1      2 1   -4.1543917      1.0000
   161     4      2 1     43 2      2 1   -4.1543917      1.0000
   162     4      2 1      2 1     43 2   -4.1543917      1.0000
   163     4      1 2     11 3     11 3   -4.1543917      1.0000
   164     4     11 3      1 2     11 3   -4.1543917      1.0000
   165     4     11 3     11 3      1 2   -4.1543917      1.0000
   166     4     43 2      2 3      2 3   -4.1543917      1.0000
   167     4      2 3     43 2      2 3   -4.1543917      1.0000
   168     4      2 3      2 3     43 2   -4.1543917      1.0000
   169     4      1 3     11 1     11 1   -4.1543917      1.0000
   170     4     11 1      1 3     11 1   -4.1543917      1.0000
   171     4     11 1     11 1      1 3   -4.1543917      1.0000
   172     4     43 3      2 1      2 1   -4.1543917      1.0000
   173     4      2 1     43 3      2 1   -4.1543917      1.0000
   174     4      2 1      2 1     43 3   -4.1543917      1.0000
   175     4      1 3     11 2     11 2   -4.1543917      1.0000
   176     4     11 2      1 3     11 2   -4.1543917      1.0000
   177     4     11 2     11 2      1 3   -4.1543917      1.0000
   178     4     43 3      2 2      2 2   -4.1543917      1.0000
   179     4      2 2     43 3      2 2   -4.1543917      1.0000
   180     4      2 2      2 2     43 3   -4.1543917      1.0000
   181     4      1 1     23 2     23 2   -4.1543917      1.0000
   182     4     23 2      1 1     23 2   -4.1543917      1.0000
   183     4     23 2     23 2      1 1   -4.1543917      1.0000
   184     4     32 1      2 2      2 2   -4.1543917      1.0000
   185     4      2 2     32 1      2 2   -4.1543917      1.0000
   186     4      2 2      2 2     32 1   -4.1543917      1.0000
   187     4      1 1     23 3     23 3   -4.1543917      1.0000
   188     4     23 3      1 1     23 3   -4.1543917      1.0000
   189     4     23 3     23 3      1 1   -4.1543917      1.0000
   190     4     32 1      2 3      2 3   -4.1543917      1.0000
   191     4      2 3     32 1      2 3   -4.1543917      1.0000
   192     4      2 3      2 3     32 1   -4.1543917      1.0000
   193     4      1 2     23 1     23 1    4.1543917      1.0000
   194     4     23 1      1 2     23 1    4.1543917      1.0000
   195     4     23 1     23 1      1 2    4.1543917      1.0000
   196     4     32 2      2 1      2 1    4.1543917      1.0000
   197     4      2 1     32 2      2 1    4.1543917      1.0000
   198     4      2 1      2 1     32 2    4.1543917      1.0000
   199     4      1 2     23 3     23 3    4.1543917      1.0000
   200     4     23 3      1 2     23 3    4.1543917      1.0000
   201     4     23 3     23 3      1 2    4.1543917      1.0000
   202     4     32 2      2 3      2 3    4.1543917      1.0000
   203     4      2 3     32 2      2 3    4.1543917      1.0000
   204     4      2 3      2 3     32 2    4.1543917      1.0000
   205     4      1 3     23 1     23 1   -4.1543917      1.0000
   206     4     23 1      1 3     23 1   -4.1543917      1.0000
   207     4     23 1     23 1      1 3   -4.1543917      1.0000
   208     4     32 3      2 1      2 1   -4.1543917      1.0000
   209     4      2 1     32 3      2 1   -4.1543917      1.0000
   210     4      2 1      2 1     32 3   -4.1543917      1.0000
   211     4      1 3     23 2     23 2   -4.1543917      1.0000
   212     4     23 2      1 3     23 2   -4.1543917      1.0000
   213     4     23 2     23 2      1 3   -4.1543917      1.0000
   214     4     32 3      2 2      2 2   -4.1543917      1.0000
   215     4      2 2     32 3      2 2   -4.1543917      1.0000
   216     4      2 2      2 2     32 3   -4.1543917      1.0000
   217     4      1 1     27 2     27 2   -4.1543917      1.0000
   218     4     27 2      1 1     27 2   -4.1543917      1.0000
   219     4     27 2     27 2      1 1   -4.1543917      1.0000
   220     4     28 1      2 2      2 2   -4.1543917      1.0000
   221     4      2 2     28 1      2 2   -4.1543917      1.0000
   222     4      2 2      2 2     28 1   -4.1543917      1.0000
   223     4      1 1     27 3     27 3   -4.1543917      1.0000
   224     4     27 3      1 1     27 3   -4.1543917      1.0000
   225     4     27 3     27 3      1 1   -4.1543917      1.0000
   226     4     28 1      2 3      2 3   -4.1543917      1.0000
   227     4      2 3     28 1      2 3   -4.1543917      1.0000
   228     4      2 3      2 3     28 1   -4.1543917      1.0000
   229     4      1 2     27 1     27 1   -4.1543917      1.0000
   230     4     27 1      1 2     27 1   -4.1543917      1.0000
   231     4     27 1     27 1      1 2   -4.1543917      1.0000
   232     4     28 2      2 1      2 1   -4.1543917      1.0000
   233     4      2 1     28 2      2 1   -4.1543917      1.0000
   234     4      2 1      2 1     28 2   -4.1543917      1.0000
   235     4      1 2     27 3     27 3   -4.1543917      1.0000
   236     4     27 3      1 2     27 3   -4.1543917      1.0000
   237     4     27 3     27 3      1 2   -4.1543917      1.0000
   238     4     28 2      2 3      2 3   -4.1543917      1.0000
   239     4      2 3     28 2      2 3   -4.1543917      1.0000
   240     4      2 3      2 3     28 2   -4.1543917      1.0000
   241     4      1 3     27 1     27 1    4.1543917      1.0000
   242     4     27 1      1 3     27 1    4.1543917      1.0000
   243     4     27 1     27 1      1 3    4.1543917      1.0000
   244     4     28 3      2 1      2 1    4.1543917      1.0000
   245     4      2 1     28 3      2 1    4.1543917      1.0000
   246     4      2 1      2 1     28 3    4.1543917      1.0000
   247     4      1 3     27 2     27 2    4.1543917      1.0000
   248     4     27 2      1 3     27 2    4.1543917      1.0000
   249     4     27 2     27 2      1 3    4.1543917      1.0000
   250     4     28 3      2 2      2 2    4.1543917      1.0000
   251     4      2 2     28 3      2 2    4.1543917      1.0000
   252     4      2 2      2 2     28 3    4.1543917      1.0000
     1     5      1 1      1 2      2 3    317.08876      1.0000
     2     5      1 1      2 3      1 2    317.08876      1.0000
     3     5      1 2      1 1      2 3    317.08876      1.0000
     4     5      1 2      2 3      1 1    317.08876      1.0000
     5     5      2 3      1 1      1 2    317.08876      1.0000
     6     5      2 3      1 2      1 1    317.08876      1.0000
     7     5      1 1      1 3      2 2    317.08876      1.0000
     8     5      1 1      2 2      1 3    317.08876      1.0000
     9     5      1 3      1 1      2 2    317.08876      1.0000
    10     5      1 3      2 2      1 1    317.08876      1.0000
    11     5      2 2      1 1      1 3    317.08876      1.0000
    12     5      2 2      1 3      1 1    317.08876      1.0000
    13     5      1 2      1 3      2 1    317.08876      1.0000
    14     5      1 2      2 1      1 3    317.08876      1.0000
    15     5      1 3      1 2      2 1    317.08876      1.0000
    16     5      1 3      2 1      1 2    317.08876      1.0000
    17     5      2 1      1 2      1 3    317.08876      1.0000
    18     5      2 1      1 3      1 2    317.08876      1.0000
    19     5      1 1      1 2     11 3    317.08876      1.0000
    20     5      1 1     11 3      1 2    317.08876      1.0000
    21     5      1 2      1 1     11 3    317.08876      1.0000
    22     5      1 2     11 3      1 1    317.08876      1.0000
    23     5     11 3      1 1      1 2    317.08876      1.0000
    24     5     11 3      1 2      1 1    317.08876      1.0000
    25     5     43 1     43 2      2 3    317.08876      1.0000
    26     5     43 1      2 3     43 2    317.08876      1.0000
    27     5     43 2     43 1      2 3    317.08876      1.0000
    28     5     43 2      2 3     43 1    317.08876      1.0000
    29     5      2 3     43 1     43 2    317.08876      1.0000
    30     5      2 3     43 2     43 1    317.08876      1.0000
    31     5      1 1      1 3     11 2    317.08876      1.0000
    32     5      1 1     11 2      1 3    317.08876      1.0000
    33     5      1 3      1 1     11 2    317.08876      1.0000
    34     5      1 3     11 2      1 1    317.08876      1.0000
    35     5     11 2      1 1      1 3    317.08876      1.0000
    36     5     11 2      1 3      1 1    317.08876      1.0000
    37     5     43 1     43 3      2 2    317.08876      1.0000
    38     5     43 1      2 2     43 3    317.08876      1.0000
    39     5     43 3     43 1      2 2    317.08876      1.0000
    40     5     43 3      2 2     43 1    317.08876      1.0000
    41     5      2 2     43 1     43 3    317.08876      1.0000
    42     5      2 2     43 3     43 1    317.08876      1.0000
    43     5      1 2      1 3     11 1    317.08876      1.0000
    44     5      1 2     11 1      1 3    317.08876      1.0000
    45     5      1 3      1 2     11 1    317.08876      1.0000
    46     5      1 3     11 1      1 2    317.08876      1.0000
    47     5     11 1      1 2      1 3    317.08876      1.0000
    48     5     11 1      1 3      1 2    317.08876      1.0000
    49     5     43 2     43 3      2 1    317.08876      1.0000
    50     5     43 2      2 1     43 3    317.08876      1.0000
    51     5     43 3     43 2      2 1    317.08876      1.0000
    52     5     43 3      2 1     43 2    317.08876      1.0000
    53     5      2 1     43 2     43 3    317.08876      1.0000
    54     5      2 1     43 3     43 2    317.08876      1.0000
    55     5      1 1      1 2     23 3    317.08876      1.0000
    56     5      1 1     23 3      1 2    317.08876      1.0000
    57     5      1 2      1 1     23 3    317.08876      1.0000
    58     5      1 2     23 3      1 1    317.08876      1.0000
    59     5     23 3      1 1      1 2    317.08876      1.0000
    60     5     23 3      1 2      1 1    317.08876      1.0000
    61     5     32 1     32 2      2 3    317.08876      1.0000
    62     5     32 1      2 3     32 2    317.08876      1.0000
    63     5     32 2     32 1      2 3    317.08876      1.0000
    64     5     32 2      2 3     32 1    317.08876      1.0000
    65     5      2 3     32 1     32 2    317.08876      1.0000
    66     5      2 3     32 2     32 1    317.08876      1.0000
    67     5      1 1      1 3     23 2    317.08876      1.0000
    68     5      1 1     23 2      1 3    317.08876      1.0000
    69     5      1 3      1 1     23 2    317.08876      1.0000
    70     5      1 3     23 2      1 1    317.08876      1.0000
    71     5     23 2      1 1      1 3    317.08876      1.0000
    72     5     23 2      1 3      1 1    317.08876      1.0000
    73     5     32 1     32 3      2 2    317.08876      1.0000
    74     5     32 1      2 2     32 3    317.08876      1.0000
    75     5     32 3     32 1      2 2    317.08876      1.0000
    76     5     32 3      2 2     32 1    317.08876      1.0000
    77     5      2 2     32 1     32 3    317.08876      1.0000
    78     5      2 2     32 3     32 1    317.08876      1.0000
    79     5      1 2      1 3     23 1    317.08876      1.0000
    80     5      1 2     23 1      1 3    317.08876      1.0000
    81     5      1 3      1 2     23 1    317.08876      1.0000
    82     5      1 3     23 1      1 2    317.08876      1.0000
    83     5     23 1      1 2      1 3    317.08876      1.0000
    84     5     23 1      1 3      1 2    317.08876      1.0000
    85     5     32 2     32 3      2 1    317.08876      1.0000
    86     5     32 2      2 1     32 3    317.08876      1.0000
    87     5     32 3     32 2      2 1    317.08876      1.0000
    88     5     32 3      2 1     32 2    317.08876      1.0000
    89     5      2 1     32 2     32 3    317.08876      1.0000
    90     5      2 1     32 3     32 2    317.08876      1.0000
    91     5      1 1      1 2     27 3    317.08876      1.0000
    92     5      1 1     27 3      1 2    317.08876      1.0000
    93     5      1 2      1 1     27 3    317.08876      1.0000
    94     5      1 2     27 3      1 1    317.08876      1.0000
    95     5     27 3      1 1      1 2    317.08876      1.0000
    96     5     27 3      1 2      1 1    317.08876      1.0000
    97     5     28 1     28 2      2 3    317.08876      1.0000
    98     5     28 1      2 3     28 2    317.08876      1.0000
    99     5     28 2     28 1      2 3    317.08876      1.0000
   100     5     28 2      2 3     28 1    317.08876      1.0000
   101     5      2 3     28 1     28 2    317.08876      1.0000
   102     5      2 3     28 2     28 1    317.08876      1.0000
   103     5      1 1      1 3     27 2    317.08876      1.0000
   104     5      1 1     27 2      1 3    317.08876      1.0000
   105     5      1 3      1 1     27 2    317.08876      1.0000
   106     5      1 3     27 2      1 1    317.08876      1.0000
   107     5     27 2      1 1      1 3    317.08876      1.0000
   108     5     27 2      1 3      1 1    317.08876      1.0000
   109     5     28 1     28 3      2 2    317.08876      1.0000
   110     5     28 1      2 2     28 3    317.08876      1.0000
   111     5     28 3     28 1      2 2    317.08876      1.0000
   112     5     28 3      2 2     28 1    317.08876      1.0000
   113     5      2 2     28 1     28 3    317.08876      1.0000
   114     5      2 2     28 3     28 1    317.08876      1.0000
   115     5      1 2      1 3     27 1    317.08876      1.0000
   116     5      1 2     27 1      1 3    317.08876      1.0000
   117     5      1 3      1 2     27 1    317.08876      1.0000
   118     5      1 3     27 1      1 2    317.08876      1.0000
   119     5     27 1      1 2      1 3    317.08876      1.0000
   120     5     27 1      1 3      1 2    317.08876      1.0000
   121     5     28 2     28 3      2 1    317.08876      1.0000
   122     5     28 2      2 1     28 3    317.08876      1.0000
   123     5     28 3     28 2      2 1    317.08876      1.0000
   124     5     28 3      2 1     28 2    317.08876      1.0000
   125     5      2 1     28 2     28 3    317.08876      1.0000
   126     5      2 1     28 3     28 2    317.08876      1.0000
   127     5      1 1      2 2      2 3   -317.08876      1.0000
   128     5      1 1      2 3      2 2   -317.08876      1.0000
   129     5      2 2      1 1      2 3   -317.08876      1.0000
   130     5      2 2      2 3      1 1   -317.08876      1.0000
   131     5      2 3      1 1      2 2   -317.08876      1.0000
   132     5      2 3      2 2      1 1   -317.08876      1.0000
   133     5      1 2      2 1      2 3   -317.08876      1.0000
   134     5      1 2      2 3      2 1   -317.08876      1.0000
   135     5      2 1      1 2      2 3   -317.08876      1.0000
   136     5      2 1      2 3      1 2   -317.08876      1.0000
   137     5      2 3      1 2      2 1   -317.08876      1.0000
   138     5      2 3      2 1      1 2   -317.08876      1.0000
   139     5      1 3      2 1      2 2   -317.08876      1.0000
   140     5      1 3      2 2      2 1   -317.08876      1.0000
   141     5      2 1      1 3      2 2   -317.08876      1.0000
   142     5      2 1      2 2      1 3   -317.08876      1.0000
   143     5      2 2      1 3      2 1   -317.08876      1.0000
   144     5      2 2      2 1      1 3   -317.08876      1.0000
   145     5      1 1     11 2     11 3   -317.08876      1.0000
   146     5      1 1     11 3     11 2   -317.08876      1.0000
   147     5     11 2      1 1     11 3   -317.08876      1.0000
   148     5     11 2     11 3      1 1   -317.08876      1.0000
   149     5     11 3      1 1     11 2   -317.08876      1.0000
   150     5     11 3     11 2      1 1   -317.08876      1.0000
   151     5     43 1      2 2      2 3   -317.08876      1.0000
   152     5     43 1      2 3      2 2   -317.08876      1.0000
   153     5      2 2     43 1      2 3   -317.08876      1.0000
   154     5      2 2      2 3     43 1   -317.08876      1.0000
   155     5      2 3     43 1      2 2   -317.08876      1.0000
   156     5      2 3      2 2     43 1   -317.08876      1.0000
   157     5      1 2     11 1     11 3   -317.08876      1.0000
   158     5      1 2     11 3     11 1   -317.08876      1.0000
   159     5     11 1      1 2     11 3   -317.08876      1.0000
   160     5     11 1     11 3      1 2   -317.08876      1.0000
   161     5     11 3      1 2     11 1   -317.08876      1.0000
   162     5     11 3     11 1      1 2   -317.08876      1.0000
   163     5     43 2      2 1      2 3   -317.08876      1.0000
   164     5     43 2      2 3      2 1   -317.08876      1.0000
   165     5      2 1     43 2      2 3   -317.08876      1.0000
   166     5      2 1      2 3     43 2   -317.08876      1.0000
   167     5      2 3     43 2      2 1   -317.08876      1.0000
   168     5      2 3      2 1     43 2   -317.08876      1.0000
   169     5      1 3     11 1     11 2   -317.08876      1.0000
   170     5      1 3     11 2     11 1   -317.08876      1.0000
   171     5     11 1      1 3     11 2   -317.08876      1.0000
   172     5     11 1     11 2      1 3   -317.08876      1.0000
   173     5     11 2      1 3     11 1   -317.08876      1.0000
   174     5     11 2     11 1      1 3   -317.08876      1.0000
   175     5     43 3      2 1      2 2   -317.08876      1.0000
   176     5     43 3      2 2      2 1   -317.08876      1.0000
   177     5      2 1     43 3      2 2   -317.08876      1.0000
   178     5      2 1      2 2     43 3   -317.08876      1.0000
   179     5      2 2     43 3      2 1   -317.08876      1.0000
   180     5      2 2      2 1     43 3   -317.08876      1.0000
   181     5      1 1     23 2     23 3   -317.08876      1.0000
   182     5      1 1     23 3     23 2   -317.08876      1.0000
   183     5     23 2      1 1     23 3   -317.08876      1.0000
   184     5     23 2     23 3      1 1   -317.08876      1.0000
   185     5     23 3      1 1     23 2   -317.08876      1.0000
   186     5     23 3     23 2      1 1   -317.08876      1.0000
   187     5     32 1      2 2      2 3   -317.08876      1.0000
   188     5     32 1      2 3      2 2   -317.08876      1.0000
   189     5      2 2     32 1      2 3   -317.08876      1.0000
   190     5      2 2      2 3     32 1   -317.08876      1.0000
   191     5      2 3     32 1      2 2   -317.08876      1.0000
   192     5      2 3      2 2     32 1   -317.08876      1.0000
   193     5      1 2     23 1     23 3   -317.08876      1.0000
   194     5      1 2     23 3     23 1   -317.08876      1.0000
   195     5     23 1      1 2     23 3   -317.08876      1.0000
   196     5     23 1     23 3      1 2   -317.08876      1.0000
   197     5     23 3      1 2     23 1   -317.08876      1.0000
   198     5     23 3     23 1      1 2   -317.08876      1.0000
   199     5     32 2      2 1      2 3   -317.08876      1.0000
   200     5     32 2      2 3      2 1   -317.08876      1.0000
   201     5      2 1     32 2      2 3   -317.08876      1.0000
   202     5      2 1      2 3     32 2   -317.08876      1.0000
   203     5      2 3     32 2      2 1   -317.08876      1.0000
   204     5      2 3      2 1     32 2   -317.08876      1.0000
   205     5      1 3     23 1     23 2   -317.08876      1.0000
   206     5      1 3     23 2     23 1   -317.08876      1.0000
   207     5     23 1      1 3     23 2   -317.08876      1.0000
   208     5     23 1     23 2      1 3   -317.08876      1.0000
   209     5     23 2      1 3     23 1   -317.08876      1.0000
   210     5     23 2     23 1      1 3   -317.08876      1.0000
   211     5     32 3      2 1      2 2   -317.08876      1.0000
   212     5     32 3      2 2      2 1   -317.08876      1.0000
   213     5      2 1     32 3      2 2   -317.08876      1.0000
   214     5      2 1      2 2     32 3   -317.08876      1.0000
   215     5      2 2     32 3      2 1   -317.08876      1.0000
   216     5      2 2      2 1     32 3   -317.08876      1.0000
   217     5      1 1     27 2     27 3   -317.08876      1.0000
   218     5      1 1     27 3     27 2   -317.08876      1.0000
   219     5     27 2      1 1     27 3   -317.08876      1.0000
   220     5     27 2     27 3      1 1   -317.08876      1.0000
   221     5     27 3      1 1     27 2   -317.08876      1.0000
   222     5     27 3     27 2      1 1   -317.08876      1.0000
   223     5     28 1      2 2      2 3   -317.08876      1.0000
   224     5     28 1      2 3      2 2   -317.08876      1.0000
   225     5      2 2     28 1      2 3   -317.08876      1.0000
   226     5      2 2      2 3     28 1   -317.08876      1.0000
   227     5      2 3     28 1      2 2   -317.08876      1.0000
   228     5      2 3      2 2     28 1   -317.08876      1.0000
   229     5      1 2     27 1     27 3   -317.08876      1.0000
   230     5      1 2     27 3     27 1   -317.08876      1.0000
   231     5     27 1      1 2     27 3   -317.08876      1.0000
   232     5     27 1     27 3      1 2   -317.08876      1.0000
   233     5     27 3      1 2     27 1   -317.08876      1.0000
   234     5     27 3     27 1      1 2   -317.08876      1.0000
   235     5     28 2      2 1      2 3   -317.08876      1.0000
   236     5     28 2      2 3      2 1   -317.08876      1.0000
   237     5      2 1     28 2      2 3   -317.08876      1.0000
   238     5      2 1      2 3     28 2   -317.08876      1.0000
   239     5      2 3     28 2      2 1   -317.08876      1.0000
   240     5      2 3      2 1     28 2   -317.08876      1.0000
   241     5      1 3     27 1     27 2   -317.08876      1.0000
   242     5      1 3     27 2     27 1   -317.08876      1.0000
   243     5     27 1      1 3     27 2   -317.08876      1.0000
   244     5     27 1     27 2      1 3   -317.08876      1.0000
   245     5     27 2      1 3     27 1   -317.08876      1.0000
   246     5     27 2     27 1      1 3   -317.08876      1.0000
   247     5     28 3      2 1      2 2   -317.08876      1.0000
   248     5     28 3      2 2      2 1   -317.08876      1.0000
   249     5      2 1     28 3      2 2   -317.08876      1.0000
   250     5      2 1      2 2     28 3   -317.08876      1.0000
   251     5      2 2     28 3      2 1   -317.08876      1.0000
   252     5      2 2      2 1     28 3   -317.08876      1.0000
