 # la,nk,dk(nk),kp(:,nk),om(la,nk),gruneisen(la,nk))
     1    1  0.000      0.000      0.000      0.000     0.6528E-01 0.5896E-09
     2    1  0.000      0.000      0.000      0.000     0.6528E-01 0.5896E-09
     3    1  0.000      0.000      0.000      0.000     0.6238E-01 0.6457E-09
     4    1  0.000      0.000      0.000      0.000      278.5      1.928    
     5    1  0.000      0.000      0.000      0.000      278.5      1.928    
     6    1  0.000      0.000      0.000      0.000      278.5      1.928    
     1    2 0.2816E-01 0.1880E-01 -.1880E-01  0.000      8.884      85.12    
     2    2 0.2816E-01 0.1880E-01 -.1880E-01  0.000      10.67      71.70    
     3    2 0.2816E-01 0.1880E-01 -.1880E-01  0.000      14.02      8.504    
     4    2 0.2816E-01 0.1880E-01 -.1880E-01  0.000      278.2      1.826    
     5    2 0.2816E-01 0.1880E-01 -.1880E-01  0.000      278.2      1.910    
     6    2 0.2816E-01 0.1880E-01 -.1880E-01  0.000      278.4      1.843    
     1    3 0.5631E-01 0.3760E-01 -.3760E-01  0.000      17.67      85.87    
     2    3 0.5631E-01 0.3760E-01 -.3760E-01  0.000      21.13      73.01    
     3    3 0.5631E-01 0.3760E-01 -.3760E-01  0.000      27.93      8.873    
     4    3 0.5631E-01 0.3760E-01 -.3760E-01  0.000      277.5      1.516    
     5    3 0.5631E-01 0.3760E-01 -.3760E-01  0.000      277.5      1.855    
     6    3 0.5631E-01 0.3760E-01 -.3760E-01  0.000      278.1      1.588    
     1    4 0.8447E-01 0.5639E-01 -.5639E-01  0.000      26.24      87.13    
     2    4 0.8447E-01 0.5639E-01 -.5639E-01  0.000      31.21      75.20    
     3    4 0.8447E-01 0.5639E-01 -.5639E-01  0.000      41.59      9.486    
     4    4 0.8447E-01 0.5639E-01 -.5639E-01  0.000      276.2      1.760    
     5    4 0.8447E-01 0.5639E-01 -.5639E-01  0.000      276.3     0.9840    
     6    4 0.8447E-01 0.5639E-01 -.5639E-01  0.000      277.5      1.163    
     1    5 0.1126     0.7519E-01 -.7519E-01  0.000      34.51      88.93    
     2    5 0.1126     0.7519E-01 -.7519E-01  0.000      40.73      78.31    
     3    5 0.1126     0.7519E-01 -.7519E-01  0.000      54.89      10.34    
     4    5 0.1126     0.7519E-01 -.7519E-01  0.000      274.5      1.621    
     5    5 0.1126     0.7519E-01 -.7519E-01  0.000      274.7     0.2111    
     6    5 0.1126     0.7519E-01 -.7519E-01  0.000      276.8     0.5692    
     1    6 0.1408     0.9399E-01 -.9399E-01  0.000      42.39      91.29    
     2    6 0.1408     0.9399E-01 -.9399E-01  0.000      49.55      82.35    
     3    6 0.1408     0.9399E-01 -.9399E-01  0.000      67.73      11.41    
     4    6 0.1408     0.9399E-01 -.9399E-01  0.000      272.2      1.431    
     5    6 0.1408     0.9399E-01 -.9399E-01  0.000      272.9     -.8261    
     6    6 0.1408     0.9399E-01 -.9399E-01  0.000      275.9     -.1906    
     1    7 0.1689     0.1128     -.1128      0.000      49.79      94.26    
     2    7 0.1689     0.1128     -.1128      0.000      57.58      87.34    
     3    7 0.1689     0.1128     -.1128      0.000      80.01      12.69    
     4    7 0.1689     0.1128     -.1128      0.000      269.4      1.185    
     5    7 0.1689     0.1128     -.1128      0.000      270.9     -2.149    
     6    7 0.1689     0.1128     -.1128      0.000      274.8     -1.115    
     1    8 0.1971     0.1316     -.1316      0.000      56.64      97.90    
     2    8 0.1971     0.1316     -.1316      0.000      64.76      93.27    
     3    8 0.1971     0.1316     -.1316      0.000      91.66      14.13    
     4    8 0.1971     0.1316     -.1316      0.000      266.2     0.8780    
     5    8 0.1971     0.1316     -.1316      0.000      269.0     -3.772    
     6    8 0.1971     0.1316     -.1316      0.000      273.5     -2.200    
     1    9 0.2252     0.1504     -.1504      0.000      62.87      102.3    
     2    9 0.2252     0.1504     -.1504      0.000      71.08      100.1    
     3    9 0.2252     0.1504     -.1504      0.000      102.6      15.67    
     4    9 0.2252     0.1504     -.1504      0.000      262.4     0.5051    
     5    9 0.2252     0.1504     -.1504      0.000      267.2     -5.691    
     6    9 0.2252     0.1504     -.1504      0.000      272.0     -3.441    
     1   10 0.2534     0.1692     -.1692      0.000      68.42      107.4    
     2   10 0.2534     0.1692     -.1692      0.000      76.62      107.7    
     3   10 0.2534     0.1692     -.1692      0.000      112.8      17.21    
     4   10 0.2534     0.1692     -.1692      0.000      258.1     0.6127E-01
     5   10 0.2534     0.1692     -.1692      0.000      265.6     -7.878    
     6   10 0.2534     0.1692     -.1692      0.000      270.4     -4.834    
     1   11 0.2816     0.1880     -.1880      0.000      73.27      113.5    
     2   11 0.2816     0.1880     -.1880      0.000      81.47      115.8    
     3   11 0.2816     0.1880     -.1880      0.000      122.2      18.65    
     4   11 0.2816     0.1880     -.1880      0.000      253.2     -.4605    
     5   11 0.2816     0.1880     -.1880      0.000      264.4     -10.28    
     6   11 0.2816     0.1880     -.1880      0.000      268.6     -6.372    
     1   12 0.3097     0.2068     -.2068      0.000      77.37      120.6    
     2   12 0.3097     0.2068     -.2068      0.000      85.78      124.2    
     3   12 0.3097     0.2068     -.2068      0.000      130.9      19.86    
     4   12 0.3097     0.2068     -.2068      0.000      248.0     -1.073    
     5   12 0.3097     0.2068     -.2068      0.000      263.5     -12.80    
     6   12 0.3097     0.2068     -.2068      0.000      266.7     -8.044    
     1   13 0.3379     0.2256     -.2256      0.000      80.73      128.8    
     2   13 0.3379     0.2256     -.2256      0.000      89.74      132.5    
     3   13 0.3379     0.2256     -.2256      0.000      139.0      20.71    
     4   13 0.3379     0.2256     -.2256      0.000      242.2     -1.800    
     5   13 0.3379     0.2256     -.2256      0.000      263.0     -15.36    
     6   13 0.3379     0.2256     -.2256      0.000      264.8     -9.840    
     1   14 0.3660     0.2444     -.2444      0.000      83.33      138.3    
     2   14 0.3660     0.2444     -.2444      0.000      93.53      140.4    
     3   14 0.3660     0.2444     -.2444      0.000      146.4      21.09    
     4   14 0.3660     0.2444     -.2444      0.000      236.1     -2.680    
     5   14 0.3660     0.2444     -.2444      0.000      262.8     -11.74    
     6   14 0.3660     0.2444     -.2444      0.000      262.8     -17.83    
     1   15 0.3942     0.2632     -.2632      0.000      85.20      149.3    
     2   15 0.3942     0.2632     -.2632      0.000      97.27      147.7    
     3   15 0.3942     0.2632     -.2632      0.000      153.2      20.96    
     4   15 0.3942     0.2632     -.2632      0.000      229.7     -3.776    
     5   15 0.3942     0.2632     -.2632      0.000      260.8     -13.74    
     6   15 0.3942     0.2632     -.2632      0.000      262.9     -20.14    
     1   16 0.4223     0.2820     -.2820      0.000      86.35      162.0    
     2   16 0.4223     0.2820     -.2820      0.000      101.0      154.3    
     3   16 0.4223     0.2820     -.2820      0.000      159.7      20.27    
     4   16 0.4223     0.2820     -.2820      0.000      223.2     -5.171    
     5   16 0.4223     0.2820     -.2820      0.000      258.8     -15.80    
     6   16 0.4223     0.2820     -.2820      0.000      263.0     -22.21    
     1   17 0.4505     0.3008     -.3008      0.000      86.84      176.6    
     2   17 0.4505     0.3008     -.3008      0.000      104.8      160.7    
     3   17 0.4505     0.3008     -.3008      0.000      165.7      19.08    
     4   17 0.4505     0.3008     -.3008      0.000      216.7     -6.947    
     5   17 0.4505     0.3008     -.3008      0.000      256.9     -17.91    
     6   17 0.4505     0.3008     -.3008      0.000      263.1     -24.02    
     1   18 0.4786     0.3196     -.3196      0.000      86.71      193.2    
     2   18 0.4786     0.3196     -.3196      0.000      108.2      167.2    
     3   18 0.4786     0.3196     -.3196      0.000      171.5      17.46    
     4   18 0.4786     0.3196     -.3196      0.000      210.6     -9.117    
     5   18 0.4786     0.3196     -.3196      0.000      255.1     -20.03    
     6   18 0.4786     0.3196     -.3196      0.000      263.1     -25.56    
     1   19 0.5068     0.3384     -.3384      0.000      86.02      212.2    
     2   19 0.5068     0.3384     -.3384      0.000      111.0      174.7    
     3   19 0.5068     0.3384     -.3384      0.000      177.0      15.50    
     4   19 0.5068     0.3384     -.3384      0.000      205.4     -11.48    
     5   19 0.5068     0.3384     -.3384      0.000      253.4     -22.13    
     6   19 0.5068     0.3384     -.3384      0.000      262.8     -26.85    
     1   20 0.5349     0.3572     -.3572      0.000      84.87      233.7    
     2   20 0.5349     0.3572     -.3572      0.000      112.5      183.5    
     3   20 0.5349     0.3572     -.3572      0.000      182.3      13.31    
     4   20 0.5349     0.3572     -.3572      0.000      201.5     -13.43    
     5   20 0.5349     0.3572     -.3572      0.000      251.8     -24.19    
     6   20 0.5349     0.3572     -.3572      0.000      262.3     -27.93    
     1   21 0.5631     0.3760     -.3760      0.000      83.32      257.7    
     2   21 0.5631     0.3760     -.3760      0.000      112.2      193.7    
     3   21 0.5631     0.3760     -.3760      0.000      187.4      11.00    
     4   21 0.5631     0.3760     -.3760      0.000      199.4     -14.09    
     5   21 0.5631     0.3760     -.3760      0.000      250.4     -26.16    
     6   21 0.5631     0.3760     -.3760      0.000      261.3     -28.81    
     1   22 0.5913     0.3948     -.3948      0.000      81.48      284.4    
     2   22 0.5913     0.3948     -.3948      0.000      109.8      206.3    
     3   22 0.5913     0.3948     -.3948      0.000      192.3      8.694    
     4   22 0.5913     0.3948     -.3948      0.000      199.3     -12.92    
     5   22 0.5913     0.3948     -.3948      0.000      249.1     -28.02    
     6   22 0.5913     0.3948     -.3948      0.000      260.0     -29.56    
     1   23 0.6194     0.4136     -.4136      0.000      79.46      313.3    
     2   23 0.6194     0.4136     -.4136      0.000      105.5      222.9    
     3   23 0.6194     0.4136     -.4136      0.000      197.0      6.483    
     4   23 0.6194     0.4136     -.4136      0.000      201.0     -10.31    
     5   23 0.6194     0.4136     -.4136      0.000      248.0     -29.73    
     6   23 0.6194     0.4136     -.4136      0.000      258.3     -30.20    
     1   24 0.6476     0.4324     -.4324      0.000      77.36      344.0    
     2   24 0.6476     0.4324     -.4324      0.000      99.59      246.0    
     3   24 0.6476     0.4324     -.4324      0.000      201.6      4.478    
     4   24 0.6476     0.4324     -.4324      0.000      204.0     -7.187    
     5   24 0.6476     0.4324     -.4324      0.000      247.1     -31.27    
     6   24 0.6476     0.4324     -.4324      0.000      256.3     -30.81    
     1   25 0.6757     0.4512     -.4512      0.000      75.31      375.2    
     2   25 0.6757     0.4512     -.4512      0.000      92.86      277.7    
     3   25 0.6757     0.4512     -.4512      0.000      205.9      2.794    
     4   25 0.6757     0.4512     -.4512      0.000      207.6     -4.315    
     5   25 0.6757     0.4512     -.4512      0.000      246.3     -32.61    
     6   25 0.6757     0.4512     -.4512      0.000      254.0     -31.42    
     1   26 0.7039     0.4700     -.4700      0.000      73.42      405.6    
     2   26 0.7039     0.4700     -.4700      0.000      85.94      318.8    
     3   26 0.7039     0.4700     -.4700      0.000      209.9      1.557    
     4   26 0.7039     0.4700     -.4700      0.000      211.2     -2.025    
     5   26 0.7039     0.4700     -.4700      0.000      245.7     -33.73    
     6   26 0.7039     0.4700     -.4700      0.000      251.6     -32.14    
     1   27 0.7320     0.4888     -.4888      0.000      71.81      432.9    
     2   27 0.7320     0.4888     -.4888      0.000      79.51      367.8    
     3   27 0.7320     0.4888     -.4888      0.000      213.5     0.8947    
     4   27 0.7320     0.4888     -.4888      0.000      214.5     -.3634    
     5   27 0.7320     0.4888     -.4888      0.000      245.3     -34.62    
     6   27 0.7320     0.4888     -.4888      0.000      249.1     -33.04    
     1   28 0.7602     0.5075     -.5075      0.000      70.57      454.8    
     2   28 0.7602     0.5075     -.5075      0.000      74.24      418.4    
     3   28 0.7602     0.5075     -.5075      0.000      216.4     0.8673    
     4   28 0.7602     0.5075     -.5075      0.000      217.1     0.7358    
     5   28 0.7602     0.5075     -.5075      0.000      245.0     -35.26    
     6   28 0.7602     0.5075     -.5075      0.000      246.9     -34.16    
     1   29 0.7883     0.5263     -.5263      0.000      69.80      469.1    
     2   29 0.7883     0.5263     -.5263      0.000      70.76      458.5    
     3   29 0.7883     0.5263     -.5263      0.000      218.5      1.282    
     4   29 0.7883     0.5263     -.5263      0.000      218.7      1.356    
     5   29 0.7883     0.5263     -.5263      0.000      244.8     -35.65    
     6   29 0.7883     0.5263     -.5263      0.000      245.3     -35.27    
     1   30 0.8165     0.5451     -.5451      0.000      69.53      474.1    
     2   30 0.8165     0.5451     -.5451      0.000      69.53      474.1    
     3   30 0.8165     0.5451     -.5451      0.000      219.2      1.556    
     4   30 0.8165     0.5451     -.5451      0.000      219.2      1.556    
     5   30 0.8165     0.5451     -.5451      0.000      244.7     -35.78    
     6   30 0.8165     0.5451     -.5451      0.000      244.7     -35.78    
     1   31 0.8165     0.5451      0.000      0.000      69.53      474.1    
     2   31 0.8165     0.5451      0.000      0.000      69.53      474.1    
     3   31 0.8165     0.5451      0.000      0.000      219.2      1.556    
     4   31 0.8165     0.5451      0.000      0.000      219.2      1.556    
     5   31 0.8165     0.5451      0.000      0.000      244.7     -35.78    
     6   31 0.8165     0.5451      0.000      0.000      244.7     -35.78    
     1   32 0.8364     0.5263      0.000      0.000      69.80      469.0    
     2   32 0.8364     0.5263      0.000      0.000      69.80      469.0    
     3   32 0.8364     0.5263      0.000      0.000      214.2      1.542    
     4   32 0.8364     0.5263      0.000      0.000      224.0      1.570    
     5   32 0.8364     0.5263      0.000      0.000      244.8     -35.65    
     6   32 0.8364     0.5263      0.000      0.000      244.8     -35.65    
     1   33 0.8563     0.5075      0.000      0.000      70.59      454.4    
     2   33 0.8563     0.5075      0.000      0.000      70.59      454.4    
     3   33 0.8563     0.5075      0.000      0.000      208.9      1.528    
     4   33 0.8563     0.5075      0.000      0.000      228.6      1.586    
     5   33 0.8563     0.5075      0.000      0.000      244.9     -35.25    
     6   33 0.8563     0.5075      0.000      0.000      244.9     -35.25    
     1   34 0.8762     0.4888      0.000      0.000      71.82      432.0    
     2   34 0.8762     0.4888      0.000      0.000      71.82      432.0    
     3   34 0.8762     0.4888      0.000      0.000      203.4      1.515    
     4   34 0.8762     0.4888      0.000      0.000      232.9      1.601    
     5   34 0.8762     0.4888      0.000      0.000      245.1     -34.59    
     6   34 0.8762     0.4888      0.000      0.000      245.1     -34.59    
     1   35 0.8961     0.4700      0.000      0.000      73.41      404.2    
     2   35 0.8961     0.4700      0.000      0.000      73.41      404.2    
     3   35 0.8961     0.4700      0.000      0.000      197.7      1.502    
     4   35 0.8961     0.4700      0.000      0.000      237.0      1.617    
     5   35 0.8961     0.4700      0.000      0.000      245.5     -33.66    
     6   35 0.8961     0.4700      0.000      0.000      245.5     -33.66    
     1   36 0.9160     0.4512      0.000      0.000      75.22      373.6    
     2   36 0.9160     0.4512      0.000      0.000      75.22      373.6    
     3   36 0.9160     0.4512      0.000      0.000      191.7      1.490    
     4   36 0.9160     0.4512      0.000      0.000      240.9      1.633    
     5   36 0.9160     0.4512      0.000      0.000      245.9     -32.47    
     6   36 0.9160     0.4512      0.000      0.000      245.9     -32.47    
     1   37 0.9359     0.4324      0.000      0.000      77.13      342.1    
     2   37 0.9359     0.4324      0.000      0.000      77.13      342.1    
     3   37 0.9359     0.4324      0.000      0.000      185.6      1.478    
     4   37 0.9359     0.4324      0.000      0.000      244.5      1.650    
     5   37 0.9359     0.4324      0.000      0.000      246.5     -31.03    
     6   37 0.9359     0.4324      0.000      0.000      246.5     -31.03    
     1   38 0.9559     0.4136      0.000      0.000      79.01      311.3    
     2   38 0.9559     0.4136      0.000      0.000      79.01      311.3    
     3   38 0.9559     0.4136      0.000      0.000      179.2      1.467    
     4   38 0.9559     0.4136      0.000      0.000      247.3     -29.33    
     5   38 0.9559     0.4136      0.000      0.000      247.3     -29.33    
     6   38 0.9559     0.4136      0.000      0.000      247.9      1.666    
     1   39 0.9758     0.3948      0.000      0.000      80.71      282.1    
     2   39 0.9758     0.3948      0.000      0.000      80.71      282.1    
     3   39 0.9758     0.3948      0.000      0.000      172.6      1.457    
     4   39 0.9758     0.3948      0.000      0.000      248.2     -27.42    
     5   39 0.9758     0.3948      0.000      0.000      248.2     -27.42    
     6   39 0.9758     0.3948      0.000      0.000      251.1      1.683    
     1   40 0.9957     0.3760      0.000      0.000      82.13      255.2    
     2   40 0.9957     0.3760      0.000      0.000      82.13      255.2    
     3   40 0.9957     0.3760      0.000      0.000      165.8      1.447    
     4   40 0.9957     0.3760      0.000      0.000      249.2     -25.30    
     5   40 0.9957     0.3760      0.000      0.000      249.2     -25.30    
     6   40 0.9957     0.3760      0.000      0.000      254.1      1.700    
     1   41  1.016     0.3572      0.000      0.000      83.15      230.7    
     2   41  1.016     0.3572      0.000      0.000      83.15      230.7    
     3   41  1.016     0.3572      0.000      0.000      158.7      1.437    
     4   41  1.016     0.3572      0.000      0.000      250.4     -23.04    
     5   41  1.016     0.3572      0.000      0.000      250.4     -23.04    
     6   41  1.016     0.3572      0.000      0.000      256.9      1.717    
     1   42  1.035     0.3384      0.000      0.000      83.68      208.6    
     2   42  1.035     0.3384      0.000      0.000      83.68      208.6    
     3   42  1.035     0.3384      0.000      0.000      151.6      1.429    
     4   42  1.035     0.3384      0.000      0.000      251.8     -20.68    
     5   42  1.035     0.3384      0.000      0.000      251.8     -20.68    
     6   42  1.035     0.3384      0.000      0.000      259.4      1.734    
     1   43  1.055     0.3196      0.000      0.000      83.67      188.9    
     2   43  1.055     0.3196      0.000      0.000      83.67      188.9    
     3   43  1.055     0.3196      0.000      0.000      144.2      1.420    
     4   43  1.055     0.3196      0.000      0.000      253.4     -18.26    
     5   43  1.055     0.3196      0.000      0.000      253.4     -18.26    
     6   43  1.055     0.3196      0.000      0.000      261.8      1.751    
     1   44  1.075     0.3008      0.000      0.000      83.05      171.3    
     2   44  1.075     0.3008      0.000      0.000      83.05      171.3    
     3   44  1.075     0.3008      0.000      0.000      136.6      1.412    
     4   44  1.075     0.3008      0.000      0.000      255.1     -15.86    
     5   44  1.075     0.3008      0.000      0.000      255.1     -15.86    
     6   44  1.075     0.3008      0.000      0.000      263.9      1.768    
     1   45  1.095     0.2820      0.000      0.000      81.80      155.8    
     2   45  1.095     0.2820      0.000      0.000      81.80      155.8    
     3   45  1.095     0.2820      0.000      0.000      128.9      1.405    
     4   45  1.095     0.2820      0.000      0.000      256.9     -13.53    
     5   45  1.095     0.2820      0.000      0.000      256.9     -13.53    
     6   45  1.095     0.2820      0.000      0.000      265.9      1.784    
     1   46  1.115     0.2632      0.000      0.000      79.89      142.2    
     2   46  1.115     0.2632      0.000      0.000      79.89      142.2    
     3   46  1.115     0.2632      0.000      0.000      121.0      1.398    
     4   46  1.115     0.2632      0.000      0.000      258.9     -11.31    
     5   46  1.115     0.2632      0.000      0.000      258.9     -11.31    
     6   46  1.115     0.2632      0.000      0.000      267.7      1.800    
     1   47  1.135     0.2444      0.000      0.000      77.33      130.2    
     2   47  1.135     0.2444      0.000      0.000      77.33      130.2    
     3   47  1.135     0.2444      0.000      0.000      113.0      1.392    
     4   47  1.135     0.2444      0.000      0.000      260.9     -9.246    
     5   47  1.135     0.2444      0.000      0.000      260.9     -9.246    
     6   47  1.135     0.2444      0.000      0.000      269.4      1.816    
     1   48  1.155     0.2256      0.000      0.000      74.13      119.8    
     2   48  1.155     0.2256      0.000      0.000      74.13      119.8    
     3   48  1.155     0.2256      0.000      0.000      104.9      1.386    
     4   48  1.155     0.2256      0.000      0.000      263.0     -7.359    
     5   48  1.155     0.2256      0.000      0.000      263.0     -7.359    
     6   48  1.155     0.2256      0.000      0.000      270.8      1.831    
     1   49  1.175     0.2068      0.000      0.000      70.31      110.7    
     2   49  1.175     0.2068      0.000      0.000      70.31      110.7    
     3   49  1.175     0.2068      0.000      0.000      96.58      1.381    
     4   49  1.175     0.2068      0.000      0.000      265.0     -5.666    
     5   49  1.175     0.2068      0.000      0.000      265.0     -5.666    
     6   49  1.175     0.2068      0.000      0.000      272.2      1.845    
     1   50  1.195     0.1880      0.000      0.000      65.90      102.9    
     2   50  1.195     0.1880      0.000      0.000      65.90      102.9    
     3   50  1.195     0.1880      0.000      0.000      88.18      1.377    
     4   50  1.195     0.1880      0.000      0.000      267.0     -4.172    
     5   50  1.195     0.1880      0.000      0.000      267.0     -4.172    
     6   50  1.195     0.1880      0.000      0.000      273.3      1.858    
     1   51  1.215     0.1692      0.000      0.000      60.95      96.19    
     2   51  1.215     0.1692      0.000      0.000      60.95      96.19    
     3   51  1.215     0.1692      0.000      0.000      79.67      1.372    
     4   51  1.215     0.1692      0.000      0.000      269.0     -2.872    
     5   51  1.215     0.1692      0.000      0.000      269.0     -2.872    
     6   51  1.215     0.1692      0.000      0.000      274.4      1.871    
     1   52  1.235     0.1504      0.000      0.000      55.49      90.47    
     2   52  1.235     0.1504      0.000      0.000      55.49      90.47    
     3   52  1.235     0.1504      0.000      0.000      71.07      1.368    
     4   52  1.235     0.1504      0.000      0.000      270.8     -1.759    
     5   52  1.235     0.1504      0.000      0.000      270.8     -1.759    
     6   52  1.235     0.1504      0.000      0.000      275.3      1.882    
     1   53  1.254     0.1316      0.000      0.000      49.57      85.64    
     2   53  1.254     0.1316      0.000      0.000      49.57      85.64    
     3   53  1.254     0.1316      0.000      0.000      62.37      1.365    
     4   53  1.254     0.1316      0.000      0.000      272.5     -.8204    
     5   53  1.254     0.1316      0.000      0.000      272.5     -.8204    
     6   53  1.254     0.1316      0.000      0.000      276.1      1.893    
     1   54  1.274     0.1128      0.000      0.000      43.26      81.61    
     2   54  1.274     0.1128      0.000      0.000      43.26      81.61    
     3   54  1.274     0.1128      0.000      0.000      53.60      1.362    
     4   54  1.274     0.1128      0.000      0.000      274.0     -.4211E-01
     5   54  1.274     0.1128      0.000      0.000      274.0     -.4211E-01
     6   54  1.274     0.1128      0.000      0.000      276.7      1.902    
     1   55  1.294     0.9399E-01  0.000      0.000      36.59      78.33    
     2   55  1.294     0.9399E-01  0.000      0.000      36.59      78.33    
     3   55  1.294     0.9399E-01  0.000      0.000      44.77      1.360    
     4   55  1.294     0.9399E-01  0.000      0.000      275.3     0.5894    
     5   55  1.294     0.9399E-01  0.000      0.000      275.3     0.5894    
     6   55  1.294     0.9399E-01  0.000      0.000      277.3      1.910    
     1   56  1.314     0.7519E-01  0.000      0.000      29.63      75.72    
     2   56  1.314     0.7519E-01  0.000      0.000      29.63      75.72    
     3   56  1.314     0.7519E-01  0.000      0.000      35.88      1.358    
     4   56  1.314     0.7519E-01  0.000      0.000      276.4      1.087    
     5   56  1.314     0.7519E-01  0.000      0.000      276.4      1.087    
     6   56  1.314     0.7519E-01  0.000      0.000      277.7      1.916    
     1   57  1.334     0.5639E-01  0.000      0.000      22.43      73.75    
     2   57  1.334     0.5639E-01  0.000      0.000      22.43      73.75    
     3   57  1.334     0.5639E-01  0.000      0.000      26.95      1.356    
     4   57  1.334     0.5639E-01  0.000      0.000      277.3      1.462    
     5   57  1.334     0.5639E-01  0.000      0.000      277.3      1.462    
     6   57  1.334     0.5639E-01  0.000      0.000      278.1      1.922    
     1   58  1.354     0.3760E-01  0.000      0.000      15.05      72.36    
     2   58  1.354     0.3760E-01  0.000      0.000      15.05      72.36    
     3   58  1.354     0.3760E-01  0.000      0.000      17.98      1.355    
     4   58  1.354     0.3760E-01  0.000      0.000      278.0      1.723    
     5   58  1.354     0.3760E-01  0.000      0.000      278.0      1.723    
     6   58  1.354     0.3760E-01  0.000      0.000      278.3      1.925    
     1   59  1.374     0.1880E-01  0.000      0.000      7.556      71.54    
     2   59  1.374     0.1880E-01  0.000      0.000      7.556      71.54    
     3   59  1.374     0.1880E-01  0.000      0.000      8.998      1.355    
     4   59  1.374     0.1880E-01  0.000      0.000      278.4      1.877    
     5   59  1.374     0.1880E-01  0.000      0.000      278.4      1.877    
     6   59  1.374     0.1880E-01  0.000      0.000      278.4      1.928    
     1   60  1.394     0.1880E-09  0.000      0.000     0.6528E-01 -.1701E-09
     2   60  1.394     0.1880E-09  0.000      0.000     0.6528E-01 0.8512E-09
     3   60  1.394     0.1880E-09  0.000      0.000     0.6238E-01 0.6976E-09
     4   60  1.394     0.1880E-09  0.000      0.000      278.5      1.928    
     5   60  1.394     0.1880E-09  0.000      0.000      278.5      1.928    
     6   60  1.394     0.1880E-09  0.000      0.000      278.5      1.928    
     1   61  1.394      0.000      0.000      0.000     0.6528E-01 0.5896E-09
     2   61  1.394      0.000      0.000      0.000     0.6528E-01 0.5896E-09
     3   61  1.394      0.000      0.000      0.000     0.6238E-01 0.6457E-09
     4   61  1.394      0.000      0.000      0.000      278.5      1.928    
     5   61  1.394      0.000      0.000      0.000      278.5      1.928    
     6   61  1.394      0.000      0.000      0.000      278.5      1.928    
     1   62  1.411     0.9399E-02 0.9399E-02 -.9399E-02  5.832      79.42    
     2   62  1.411     0.9399E-02 0.9399E-02 -.9399E-02  5.832      79.42    
     3   62  1.411     0.9399E-02 0.9399E-02 -.9399E-02  8.851      10.20    
     4   62  1.411     0.9399E-02 0.9399E-02 -.9399E-02  278.4      1.920    
     5   62  1.411     0.9399E-02 0.9399E-02 -.9399E-02  278.4      1.894    
     6   62  1.411     0.9399E-02 0.9399E-02 -.9399E-02  278.4      1.894    
     1   63  1.428     0.1880E-01 0.1880E-01 -.1880E-01  11.61      80.16    
     2   63  1.428     0.1880E-01 0.1880E-01 -.1880E-01  11.61      80.16    
     3   63  1.428     0.1880E-01 0.1880E-01 -.1880E-01  17.69      10.21    
     4   63  1.428     0.1880E-01 0.1880E-01 -.1880E-01  278.0      1.893    
     5   63  1.428     0.1880E-01 0.1880E-01 -.1880E-01  278.3      1.792    
     6   63  1.428     0.1880E-01 0.1880E-01 -.1880E-01  278.3      1.792    
     1   64  1.446     0.2820E-01 0.2820E-01 -.2820E-01  17.28      81.42    
     2   64  1.446     0.2820E-01 0.2820E-01 -.2820E-01  17.28      81.42    
     3   64  1.446     0.2820E-01 0.2820E-01 -.2820E-01  26.51      10.23    
     4   64  1.446     0.2820E-01 0.2820E-01 -.2820E-01  277.5      1.849    
     5   64  1.446     0.2820E-01 0.2820E-01 -.2820E-01  278.0      1.621    
     6   64  1.446     0.2820E-01 0.2820E-01 -.2820E-01  278.0      1.621    
     1   65  1.463     0.3760E-01 0.3760E-01 -.3760E-01  22.80      83.21    
     2   65  1.463     0.3760E-01 0.3760E-01 -.3760E-01  22.80      83.21    
     3   65  1.463     0.3760E-01 0.3760E-01 -.3760E-01  35.31      10.26    
     4   65  1.463     0.3760E-01 0.3760E-01 -.3760E-01  276.7      1.786    
     5   65  1.463     0.3760E-01 0.3760E-01 -.3760E-01  277.6      1.380    
     6   65  1.463     0.3760E-01 0.3760E-01 -.3760E-01  277.6      1.380    
     1   66  1.480     0.4700E-01 0.4700E-01 -.4700E-01  28.10      85.56    
     2   66  1.480     0.4700E-01 0.4700E-01 -.4700E-01  28.10      85.56    
     3   66  1.480     0.4700E-01 0.4700E-01 -.4700E-01  44.06      10.29    
     4   66  1.480     0.4700E-01 0.4700E-01 -.4700E-01  275.7      1.704    
     5   66  1.480     0.4700E-01 0.4700E-01 -.4700E-01  277.1      1.068    
     6   66  1.480     0.4700E-01 0.4700E-01 -.4700E-01  277.1      1.068    
     1   67  1.497     0.5639E-01 0.5639E-01 -.5639E-01  33.14      88.51    
     2   67  1.497     0.5639E-01 0.5639E-01 -.5639E-01  33.14      88.51    
     3   67  1.497     0.5639E-01 0.5639E-01 -.5639E-01  52.76      10.34    
     4   67  1.497     0.5639E-01 0.5639E-01 -.5639E-01  274.5      1.602    
     5   67  1.497     0.5639E-01 0.5639E-01 -.5639E-01  276.5     0.6846    
     6   67  1.497     0.5639E-01 0.5639E-01 -.5639E-01  276.5     0.6846    
     1   68  1.515     0.6579E-01 0.6579E-01 -.6579E-01  37.88      92.11    
     2   68  1.515     0.6579E-01 0.6579E-01 -.6579E-01  37.88      92.11    
     3   68  1.515     0.6579E-01 0.6579E-01 -.6579E-01  61.40      10.39    
     4   68  1.515     0.6579E-01 0.6579E-01 -.6579E-01  273.2      1.479    
     5   68  1.515     0.6579E-01 0.6579E-01 -.6579E-01  275.8     0.2285    
     6   68  1.515     0.6579E-01 0.6579E-01 -.6579E-01  275.8     0.2285    
     1   69  1.532     0.7519E-01 0.7519E-01 -.7519E-01  42.27      96.42    
     2   69  1.532     0.7519E-01 0.7519E-01 -.7519E-01  42.27      96.42    
     3   69  1.532     0.7519E-01 0.7519E-01 -.7519E-01  69.96      10.47    
     4   69  1.532     0.7519E-01 0.7519E-01 -.7519E-01  271.6      1.333    
     5   69  1.532     0.7519E-01 0.7519E-01 -.7519E-01  275.0     -.3006    
     6   69  1.532     0.7519E-01 0.7519E-01 -.7519E-01  275.0     -.3006    
     1   70  1.549     0.8459E-01 0.8459E-01 -.8459E-01  46.27      101.5    
     2   70  1.549     0.8459E-01 0.8459E-01 -.8459E-01  46.27      101.5    
     3   70  1.549     0.8459E-01 0.8459E-01 -.8459E-01  78.43      10.55    
     4   70  1.549     0.8459E-01 0.8459E-01 -.8459E-01  269.9      1.161    
     5   70  1.549     0.8459E-01 0.8459E-01 -.8459E-01  274.2     -.9018    
     6   70  1.549     0.8459E-01 0.8459E-01 -.8459E-01  274.2     -.9018    
     1   71  1.566     0.9399E-01 0.9399E-01 -.9399E-01  49.85      107.5    
     2   71  1.566     0.9399E-01 0.9399E-01 -.9399E-01  49.85      107.5    
     3   71  1.566     0.9399E-01 0.9399E-01 -.9399E-01  86.81      10.66    
     4   71  1.566     0.9399E-01 0.9399E-01 -.9399E-01  268.1     0.9632    
     5   71  1.566     0.9399E-01 0.9399E-01 -.9399E-01  273.3     -1.573    
     6   71  1.566     0.9399E-01 0.9399E-01 -.9399E-01  273.3     -1.573    
     1   72  1.584     0.1034     0.1034     -.1034      52.97      114.4    
     2   72  1.584     0.1034     0.1034     -.1034      52.97      114.4    
     3   72  1.584     0.1034     0.1034     -.1034      95.07      10.79    
     4   72  1.584     0.1034     0.1034     -.1034      266.1     0.7350    
     5   72  1.584     0.1034     0.1034     -.1034      272.4     -2.312    
     6   72  1.584     0.1034     0.1034     -.1034      272.4     -2.312    
     1   73  1.601     0.1128     0.1128     -.1128      55.61      122.5    
     2   73  1.601     0.1128     0.1128     -.1128      55.61      122.5    
     3   73  1.601     0.1128     0.1128     -.1128      103.2      10.95    
     4   73  1.601     0.1128     0.1128     -.1128      264.0     0.4733    
     5   73  1.601     0.1128     0.1128     -.1128      271.4     -3.111    
     6   73  1.601     0.1128     0.1128     -.1128      271.4     -3.111    
     1   74  1.618     0.1222     0.1222     -.1222      57.75      131.8    
     2   74  1.618     0.1222     0.1222     -.1222      57.75      131.8    
     3   74  1.618     0.1222     0.1222     -.1222      111.2      11.13    
     4   74  1.618     0.1222     0.1222     -.1222      261.8     0.1739    
     5   74  1.618     0.1222     0.1222     -.1222      270.4     -3.965    
     6   74  1.618     0.1222     0.1222     -.1222      270.4     -3.965    
     1   75  1.635     0.1316     0.1316     -.1316      59.39      142.5    
     2   75  1.635     0.1316     0.1316     -.1316      59.39      142.5    
     3   75  1.635     0.1316     0.1316     -.1316      119.0      11.36    
     4   75  1.635     0.1316     0.1316     -.1316      259.4     -.1690    
     5   75  1.635     0.1316     0.1316     -.1316      269.5     -4.862    
     6   75  1.635     0.1316     0.1316     -.1316      269.5     -4.862    
     1   76  1.652     0.1410     0.1410     -.1410      60.52      154.9    
     2   76  1.652     0.1410     0.1410     -.1410      60.52      154.9    
     3   76  1.652     0.1410     0.1410     -.1410      126.7      11.64    
     4   76  1.652     0.1410     0.1410     -.1410      257.0     -.5624    
     5   76  1.652     0.1410     0.1410     -.1410      268.6     -5.792    
     6   76  1.652     0.1410     0.1410     -.1410      268.6     -5.792    
     1   77  1.670     0.1504     0.1504     -.1504      61.16      169.1    
     2   77  1.670     0.1504     0.1504     -.1504      61.16      169.1    
     3   77  1.670     0.1504     0.1504     -.1504      134.1      11.97    
     4   77  1.670     0.1504     0.1504     -.1504      254.5     -1.016    
     5   77  1.670     0.1504     0.1504     -.1504      267.6     -6.741    
     6   77  1.670     0.1504     0.1504     -.1504      267.6     -6.741    
     1   78  1.687     0.1598     0.1598     -.1598      61.31      185.5    
     2   78  1.687     0.1598     0.1598     -.1598      61.31      185.5    
     3   78  1.687     0.1598     0.1598     -.1598      141.4      12.38    
     4   78  1.687     0.1598     0.1598     -.1598      251.9     -1.542    
     5   78  1.687     0.1598     0.1598     -.1598      266.8     -7.693    
     6   78  1.687     0.1598     0.1598     -.1598      266.8     -7.693    
     1   79  1.704     0.1692     0.1692     -.1692      61.01      204.2    
     2   79  1.704     0.1692     0.1692     -.1692      61.01      204.2    
     3   79  1.704     0.1692     0.1692     -.1692      148.4      12.88    
     4   79  1.704     0.1692     0.1692     -.1692      249.3     -2.159    
     5   79  1.704     0.1692     0.1692     -.1692      266.0     -8.634    
     6   79  1.704     0.1692     0.1692     -.1692      266.0     -8.634    
     1   80  1.721     0.1786     0.1786     -.1786      60.31      225.7    
     2   80  1.721     0.1786     0.1786     -.1786      60.31      225.7    
     3   80  1.721     0.1786     0.1786     -.1786      155.2      13.49    
     4   80  1.721     0.1786     0.1786     -.1786      246.5     -2.890    
     5   80  1.721     0.1786     0.1786     -.1786      265.2     -9.547    
     6   80  1.721     0.1786     0.1786     -.1786      265.2     -9.547    
     1   81  1.739     0.1880     0.1880     -.1880      59.25      250.2    
     2   81  1.739     0.1880     0.1880     -.1880      59.25      250.2    
     3   81  1.739     0.1880     0.1880     -.1880      161.8      14.26    
     4   81  1.739     0.1880     0.1880     -.1880      243.7     -3.770    
     5   81  1.739     0.1880     0.1880     -.1880      264.5     -10.42    
     6   81  1.739     0.1880     0.1880     -.1880      264.5     -10.42    
     1   82  1.756     0.1974     0.1974     -.1974      57.91      277.8    
     2   82  1.756     0.1974     0.1974     -.1974      57.91      277.8    
     3   82  1.756     0.1974     0.1974     -.1974      168.1      15.24    
     4   82  1.756     0.1974     0.1974     -.1974      240.8     -4.852    
     5   82  1.756     0.1974     0.1974     -.1974      263.9     -11.23    
     6   82  1.756     0.1974     0.1974     -.1974      263.9     -11.23    
     1   83  1.773     0.2068     0.2068     -.2068      56.36      308.5    
     2   83  1.773     0.2068     0.2068     -.2068      56.36      308.5    
     3   83  1.773     0.2068     0.2068     -.2068      174.2      16.51    
     4   83  1.773     0.2068     0.2068     -.2068      237.8     -6.214    
     5   83  1.773     0.2068     0.2068     -.2068      263.4     -11.97    
     6   83  1.773     0.2068     0.2068     -.2068      263.4     -11.97    
     1   84  1.790     0.2162     0.2162     -.2162      54.70      341.9    
     2   84  1.790     0.2162     0.2162     -.2162      54.70      341.9    
     3   84  1.790     0.2162     0.2162     -.2162      180.0      18.19    
     4   84  1.790     0.2162     0.2162     -.2162      234.7     -7.982    
     5   84  1.790     0.2162     0.2162     -.2162      262.9     -12.64    
     6   84  1.790     0.2162     0.2162     -.2162      262.9     -12.64    
     1   85  1.808     0.2256     0.2256     -.2256      53.02      377.1    
     2   85  1.808     0.2256     0.2256     -.2256      53.02      377.1    
     3   85  1.808     0.2256     0.2256     -.2256      185.5      20.49    
     4   85  1.808     0.2256     0.2256     -.2256      231.5     -10.36    
     5   85  1.808     0.2256     0.2256     -.2256      262.5     -13.21    
     6   85  1.808     0.2256     0.2256     -.2256      262.5     -13.21    
     1   86  1.825     0.2350     0.2350     -.2350      51.43      412.3    
     2   86  1.825     0.2350     0.2350     -.2350      51.43      412.3    
     3   86  1.825     0.2350     0.2350     -.2350      190.6      23.79    
     4   86  1.825     0.2350     0.2350     -.2350      228.2     -13.73    
     5   86  1.825     0.2350     0.2350     -.2350      262.2     -13.69    
     6   86  1.825     0.2350     0.2350     -.2350      262.2     -13.69    
     1   87  1.842     0.2444     0.2444     -.2444      50.05      445.0    
     2   87  1.842     0.2444     0.2444     -.2444      50.05      445.0    
     3   87  1.842     0.2444     0.2444     -.2444      195.4      28.75    
     4   87  1.842     0.2444     0.2444     -.2444      224.9     -18.74    
     5   87  1.842     0.2444     0.2444     -.2444      261.9     -14.07    
     6   87  1.842     0.2444     0.2444     -.2444      261.9     -14.07    
     1   88  1.859     0.2538     0.2538     -.2538      48.98      472.0    
     2   88  1.859     0.2538     0.2538     -.2538      48.98      472.0    
     3   88  1.859     0.2538     0.2538     -.2538      199.6      36.53    
     4   88  1.859     0.2538     0.2538     -.2538      221.8     -26.55    
     5   88  1.859     0.2538     0.2538     -.2538      261.8     -14.34    
     6   88  1.859     0.2538     0.2538     -.2538      261.8     -14.34    
     1   89  1.877     0.2632     0.2632     -.2632      48.29      490.0    
     2   89  1.877     0.2632     0.2632     -.2632      48.29      490.0    
     3   89  1.877     0.2632     0.2632     -.2632      202.9      47.95    
     4   89  1.877     0.2632     0.2632     -.2632      219.1     -38.00    
     5   89  1.877     0.2632     0.2632     -.2632      261.6     -14.51    
     6   89  1.877     0.2632     0.2632     -.2632      261.6     -14.51    
     1   90  1.894     0.2726     0.2726     -.2726      48.06      496.3    
     2   90  1.894     0.2726     0.2726     -.2726      48.06      496.3    
     3   90  1.894     0.2726     0.2726     -.2726      204.3      55.83    
     4   90  1.894     0.2726     0.2726     -.2726      218.0     -45.89    
     5   90  1.894     0.2726     0.2726     -.2726      261.6     -14.56    
     6   90  1.894     0.2726     0.2726     -.2726      261.6     -14.56    
     1   91  1.894     0.2726     0.2726     0.2726      48.06      496.3    
     2   91  1.894     0.2726     0.2726     0.2726      48.06      496.3    
     3   91  1.894     0.2726     0.2726     0.2726      204.3      55.83    
     4   91  1.894     0.2726     0.2726     0.2726      218.0     -45.89    
     5   91  1.894     0.2726     0.2726     0.2726      261.6     -14.56    
     6   91  1.894     0.2726     0.2726     0.2726      261.6     -14.56    
     1   92  1.911     0.2820     0.2632     0.2632      48.38      490.8    
     2   92  1.911     0.2820     0.2632     0.2632      48.76      482.6    
     3   92  1.911     0.2820     0.2632     0.2632      204.0      54.73    
     4   92  1.911     0.2820     0.2632     0.2632      218.0     -44.64    
     5   92  1.911     0.2820     0.2632     0.2632      261.5     -14.61    
     6   92  1.911     0.2820     0.2632     0.2632      261.6     -14.65    
     1   93  1.928     0.2914     0.2538     0.2538      49.32      475.3    
     2   93  1.928     0.2914     0.2538     0.2538      50.78      446.3    
     3   93  1.928     0.2914     0.2538     0.2538      203.1      51.88    
     4   93  1.928     0.2914     0.2538     0.2538      218.2     -41.36    
     5   93  1.928     0.2914     0.2538     0.2538      261.3     -14.74    
     6   93  1.928     0.2914     0.2538     0.2538      261.7     -14.92    
     1   94  1.946     0.3008     0.2444     0.2444      50.82      452.6    
     2   94  1.946     0.3008     0.2444     0.2444      53.95      397.5    
     3   94  1.946     0.3008     0.2444     0.2444      201.6      48.25    
     4   94  1.946     0.3008     0.2444     0.2444      218.4     -37.06    
     5   94  1.946     0.3008     0.2444     0.2444      261.0     -14.97    
     6   94  1.946     0.3008     0.2444     0.2444      261.9     -15.35    
     1   95  1.963     0.3102     0.2350     0.2350      52.78      426.1    
     2   95  1.963     0.3102     0.2350     0.2350      58.01      346.6    
     3   95  1.963     0.3102     0.2350     0.2350      199.7      44.67    
     4   95  1.963     0.3102     0.2350     0.2350      218.6     -32.61    
     5   95  1.963     0.3102     0.2350     0.2350      260.6     -15.28    
     6   95  1.963     0.3102     0.2350     0.2350      262.0     -15.89    
     1   96  1.980     0.3196     0.2256     0.2256      55.09      398.9    
     2   96  1.980     0.3196     0.2256     0.2256      62.72      300.0    
     3   96  1.980     0.3196     0.2256     0.2256      197.4      41.57    
     4   96  1.980     0.3196     0.2256     0.2256      218.8     -28.52    
     5   96  1.980     0.3196     0.2256     0.2256      260.0     -15.69    
     6   96  1.980     0.3196     0.2256     0.2256      262.2     -16.52    
     1   97  1.997     0.3290     0.2162     0.2162      57.62      373.2    
     2   97  1.997     0.3290     0.2162     0.2162      67.85      260.5    
     3   97  1.997     0.3290     0.2162     0.2162      194.8      39.06    
     4   97  1.997     0.3290     0.2162     0.2162      219.0     -24.97    
     5   97  1.997     0.3290     0.2162     0.2162      259.3     -16.20    
     6   97  1.997     0.3290     0.2162     0.2162      262.4     -17.21    
     1   98  2.015     0.3384     0.2068     0.2068      60.27      350.4    
     2   98  2.015     0.3384     0.2068     0.2068      73.19      228.7    
     3   98  2.015     0.3384     0.2068     0.2068      192.0      37.06    
     4   98  2.015     0.3384     0.2068     0.2068      219.3     -21.99    
     5   98  2.015     0.3384     0.2068     0.2068      258.6     -16.80    
     6   98  2.015     0.3384     0.2068     0.2068      262.5     -17.92    
     1   99  2.032     0.3478     0.1974     0.1974      62.94      331.3    
     2   99  2.032     0.3478     0.1974     0.1974      78.55      204.1    
     3   99  2.032     0.3478     0.1974     0.1974      189.1      35.39    
     4   99  2.032     0.3478     0.1974     0.1974      219.5     -19.53    
     5   99  2.032     0.3478     0.1974     0.1974      257.7     -17.50    
     6   99  2.032     0.3478     0.1974     0.1974      262.5     -18.63    
     1  100  2.049     0.3572     0.1880     0.1880      65.53      315.9    
     2  100  2.049     0.3572     0.1880     0.1880      83.78      186.0    
     3  100  2.049     0.3572     0.1880     0.1880      186.1      33.84    
     4  100  2.049     0.3572     0.1880     0.1880      219.8     -17.50    
     5  100  2.049     0.3572     0.1880     0.1880      256.8     -18.30    
     6  100  2.049     0.3572     0.1880     0.1880      262.5     -19.33    
     1  101  2.066     0.3666     0.1786     0.1786      67.97      304.3    
     2  101  2.066     0.3666     0.1786     0.1786      88.70      173.5    
     3  101  2.066     0.3666     0.1786     0.1786      183.2      32.16    
     4  101  2.066     0.3666     0.1786     0.1786      220.1     -15.83    
     5  101  2.066     0.3666     0.1786     0.1786      255.9     -19.19    
     6  101  2.066     0.3666     0.1786     0.1786      262.4     -20.01    
     1  102  2.084     0.3760     0.1692     0.1692      70.20      296.2    
     2  102  2.084     0.3760     0.1692     0.1692      93.13      166.0    
     3  102  2.084     0.3760     0.1692     0.1692      180.5      30.11    
     4  102  2.084     0.3760     0.1692     0.1692      220.5     -14.43    
     5  102  2.084     0.3760     0.1692     0.1692      254.9     -20.17    
     6  102  2.084     0.3760     0.1692     0.1692      262.2     -20.66    
     1  103  2.101     0.3854     0.1598     0.1598      72.17      291.4    
     2  103  2.101     0.3854     0.1598     0.1598      96.89      163.2    
     3  103  2.101     0.3854     0.1598     0.1598      178.3      27.50    
     4  103  2.101     0.3854     0.1598     0.1598      220.9     -13.26    
     5  103  2.101     0.3854     0.1598     0.1598      253.9     -21.23    
     6  103  2.101     0.3854     0.1598     0.1598      261.9     -21.29    
     1  104  2.118     0.3948     0.1504     0.1504      73.83      289.7    
     2  104  2.118     0.3948     0.1504     0.1504      99.78      164.5    
     3  104  2.118     0.3948     0.1504     0.1504      176.7      24.26    
     4  104  2.118     0.3948     0.1504     0.1504      221.3     -12.25    
     5  104  2.118     0.3948     0.1504     0.1504      252.9     -22.35    
     6  104  2.118     0.3948     0.1504     0.1504      261.4     -21.91    
     1  105  2.135     0.4042     0.1410     0.1410      75.15      290.9    
     2  105  2.135     0.4042     0.1410     0.1410      101.6      169.6    
     3  105  2.135     0.4042     0.1410     0.1410      175.9      20.56    
     4  105  2.135     0.4042     0.1410     0.1410      221.9     -11.36    
     5  105  2.135     0.4042     0.1410     0.1410      251.9     -23.53    
     6  105  2.135     0.4042     0.1410     0.1410      260.8     -22.51    
     1  106  2.152     0.4136     0.1316     0.1316      76.13      294.7    
     2  106  2.152     0.4136     0.1316     0.1316      102.4      178.0    
     3  106  2.152     0.4136     0.1316     0.1316      176.0      16.72    
     4  106  2.152     0.4136     0.1316     0.1316      222.4     -10.55    
     5  106  2.152     0.4136     0.1316     0.1316      250.9     -24.75    
     6  106  2.152     0.4136     0.1316     0.1316      260.0     -23.11    
     1  107  2.170     0.4230     0.1222     0.1222      76.76      301.2    
     2  107  2.170     0.4230     0.1222     0.1222      102.0      189.1    
     3  107  2.170     0.4230     0.1222     0.1222      177.1      13.16    
     4  107  2.170     0.4230     0.1222     0.1222      223.0     -9.774    
     5  107  2.170     0.4230     0.1222     0.1222      250.1     -25.99    
     6  107  2.170     0.4230     0.1222     0.1222      259.2     -23.73    
     1  108  2.187     0.4324     0.1128     0.1128      77.05      310.0    
     2  108  2.187     0.4324     0.1128     0.1128      100.5      202.7    
     3  108  2.187     0.4324     0.1128     0.1128      178.9      10.16    
     4  108  2.187     0.4324     0.1128     0.1128      223.6     -9.010    
     5  108  2.187     0.4324     0.1128     0.1128      249.2     -27.22    
     6  108  2.187     0.4324     0.1128     0.1128      258.1     -24.39    
     1  109  2.204     0.4418     0.1034     0.1034      77.01      321.2    
     2  109  2.204     0.4418     0.1034     0.1034      98.26      218.9    
     3  109  2.204     0.4418     0.1034     0.1034      181.5      7.800    
     4  109  2.204     0.4418     0.1034     0.1034      224.3     -8.224    
     5  109  2.204     0.4418     0.1034     0.1034      248.4     -28.43    
     6  109  2.204     0.4418     0.1034     0.1034      257.0     -25.09    
     1  110  2.221     0.4512     0.9399E-01 0.9399E-01  76.68      334.4    
     2  110  2.221     0.4512     0.9399E-01 0.9399E-01  95.35      237.6    
     3  110  2.221     0.4512     0.9399E-01 0.9399E-01  184.6      5.998    
     4  110  2.221     0.4512     0.9399E-01 0.9399E-01  224.9     -7.387    
     5  110  2.221     0.4512     0.9399E-01 0.9399E-01  247.8     -29.60    
     6  110  2.221     0.4512     0.9399E-01 0.9399E-01  255.7     -25.88    
     1  111  2.239     0.4606     0.8459E-01 0.8459E-01  76.10      349.6    
     2  111  2.239     0.4606     0.8459E-01 0.8459E-01  92.02      259.3    
     3  111  2.239     0.4606     0.8459E-01 0.8459E-01  188.1      4.639    
     4  111  2.239     0.4606     0.8459E-01 0.8459E-01  225.4     -6.471    
     5  111  2.239     0.4606     0.8459E-01 0.8459E-01  247.1     -30.70    
     6  111  2.239     0.4606     0.8459E-01 0.8459E-01  254.4     -26.76    
     1  112  2.256     0.4700     0.7519E-01 0.7519E-01  75.32      366.3    
     2  112  2.256     0.4700     0.7519E-01 0.7519E-01  88.46      283.9    
     3  112  2.256     0.4700     0.7519E-01 0.7519E-01  191.8      3.610    
     4  112  2.256     0.4700     0.7519E-01 0.7519E-01  225.9     -5.454    
     5  112  2.256     0.4700     0.7519E-01 0.7519E-01  246.6     -31.72    
     6  112  2.256     0.4700     0.7519E-01 0.7519E-01  252.9     -27.78    
     1  113  2.273     0.4794     0.6579E-01 0.6579E-01  74.40      384.2    
     2  113  2.273     0.4794     0.6579E-01 0.6579E-01  84.85      311.3    
     3  113  2.273     0.4794     0.6579E-01 0.6579E-01  195.6      2.829    
     4  113  2.273     0.4794     0.6579E-01 0.6579E-01  226.2     -4.323    
     5  113  2.273     0.4794     0.6579E-01 0.6579E-01  246.1     -32.64    
     6  113  2.273     0.4794     0.6579E-01 0.6579E-01  251.4     -28.93    
     1  114  2.290     0.4888     0.5639E-01 0.5639E-01  73.41      402.6    
     2  114  2.290     0.4888     0.5639E-01 0.5639E-01  81.34      341.0    
     3  114  2.290     0.4888     0.5639E-01 0.5639E-01  199.5      2.247    
     4  114  2.290     0.4888     0.5639E-01 0.5639E-01  226.3     -3.088    
     5  114  2.290     0.4888     0.5639E-01 0.5639E-01  245.7     -33.46    
     6  114  2.290     0.4888     0.5639E-01 0.5639E-01  249.9     -30.23    
     1  115  2.308     0.4981     0.4700E-01 0.4700E-01  72.41      420.8    
     2  115  2.308     0.4981     0.4700E-01 0.4700E-01  78.08      372.0    
     3  115  2.308     0.4981     0.4700E-01 0.4700E-01  203.2      1.834    
     4  115  2.308     0.4981     0.4700E-01 0.4700E-01  226.1     -1.805    
     5  115  2.308     0.4981     0.4700E-01 0.4700E-01  245.4     -34.16    
     6  115  2.308     0.4981     0.4700E-01 0.4700E-01  248.5     -31.61    
     1  116  2.325     0.5075     0.3760E-01 0.3760E-01  71.48      437.9    
     2  116  2.325     0.5075     0.3760E-01 0.3760E-01  75.20      402.7    
     3  116  2.325     0.5075     0.3760E-01 0.3760E-01  206.9      1.574    
     4  116  2.325     0.5075     0.3760E-01 0.3760E-01  225.6     -.5819    
     5  116  2.325     0.5075     0.3760E-01 0.3760E-01  245.2     -34.74    
     6  116  2.325     0.5075     0.3760E-01 0.3760E-01  247.2     -32.97    
     1  117  2.342     0.5169     0.2820E-01 0.2820E-01  70.68      452.7    
     2  117  2.342     0.5169     0.2820E-01 0.2820E-01  72.81      430.8    
     3  117  2.342     0.5169     0.2820E-01 0.2820E-01  210.4      1.451    
     4  117  2.342     0.5169     0.2820E-01 0.2820E-01  224.7     0.4362    
     5  117  2.342     0.5169     0.2820E-01 0.2820E-01  245.0     -35.19    
     6  117  2.342     0.5169     0.2820E-01 0.2820E-01  246.2     -34.17    
     1  118  2.359     0.5263     0.1880E-01 0.1880E-01  70.06      464.2    
     2  118  2.359     0.5263     0.1880E-01 0.1880E-01  71.02      453.7    
     3  118  2.359     0.5263     0.1880E-01 0.1880E-01  213.6      1.444    
     4  118  2.359     0.5263     0.1880E-01 0.1880E-01  223.3      1.129    
     5  118  2.359     0.5263     0.1880E-01 0.1880E-01  244.8     -35.52    
     6  118  2.359     0.5263     0.1880E-01 0.1880E-01  245.4     -35.07    
     1  119  2.377     0.5357     0.9399E-02 0.9399E-02  69.67      471.6    
     2  119  2.377     0.5357     0.9399E-02 0.9399E-02  69.91      468.8    
     3  119  2.377     0.5357     0.9399E-02 0.9399E-02  216.6      1.505    
     4  119  2.377     0.5357     0.9399E-02 0.9399E-02  221.5      1.475    
     5  119  2.377     0.5357     0.9399E-02 0.9399E-02  244.7     -35.72    
     6  119  2.377     0.5357     0.9399E-02 0.9399E-02  244.9     -35.61    
     1  120  2.394     0.5451     0.9399E-10 0.9399E-10  69.53      474.1    
     2  120  2.394     0.5451     0.9399E-10 0.9399E-10  69.53      474.1    
     3  120  2.394     0.5451     0.9399E-10 0.9399E-10  219.2      1.556    
     4  120  2.394     0.5451     0.9399E-10 0.9399E-10  219.2      1.556    
     5  120  2.394     0.5451     0.9399E-10 0.9399E-10  244.7     -35.78    
     6  120  2.394     0.5451     0.9399E-10 0.9399E-10  244.7     -35.78    
     1  121  2.394     0.5451      0.000      0.000      69.53      474.1    
     2  121  2.394     0.5451      0.000      0.000      69.53      474.1    
     3  121  2.394     0.5451      0.000      0.000      219.2      1.556    
     4  121  2.394     0.5451      0.000      0.000      219.2      1.556    
     5  121  2.394     0.5451      0.000      0.000      244.7     -35.78    
     6  121  2.394     0.5451      0.000      0.000      244.7     -35.78    
     1  122  2.404     0.5451     0.9399E-02  0.000      69.63      472.8    
     2  122  2.404     0.5451     0.9399E-02  0.000      69.63      472.8    
     3  122  2.404     0.5451     0.9399E-02  0.000      219.1      1.524    
     4  122  2.404     0.5451     0.9399E-02  0.000      219.1      1.524    
     5  122  2.404     0.5451     0.9399E-02  0.000      244.8     -35.74    
     6  122  2.404     0.5451     0.9399E-02  0.000      244.8     -35.74    
     1  123  2.414     0.5451     0.1880E-01  0.000      69.91      468.9    
     2  123  2.414     0.5451     0.1880E-01  0.000      69.91      468.9    
     3  123  2.414     0.5451     0.1880E-01  0.000      218.9      1.432    
     4  123  2.414     0.5451     0.1880E-01  0.000      218.9      1.432    
     5  123  2.414     0.5451     0.1880E-01  0.000      244.9     -35.62    
     6  123  2.414     0.5451     0.1880E-01  0.000      244.9     -35.62    
     1  124  2.424     0.5451     0.2820E-01  0.000      70.37      462.5    
     2  124  2.424     0.5451     0.2820E-01  0.000      70.37      462.5    
     3  124  2.424     0.5451     0.2820E-01  0.000      218.5      1.294    
     4  124  2.424     0.5451     0.2820E-01  0.000      218.5      1.294    
     5  124  2.424     0.5451     0.2820E-01  0.000      245.1     -35.43    
     6  124  2.424     0.5451     0.2820E-01  0.000      245.1     -35.43    
     1  125  2.434     0.5451     0.3760E-01  0.000      71.01      453.9    
     2  125  2.434     0.5451     0.3760E-01  0.000      71.01      453.9    
     3  125  2.434     0.5451     0.3760E-01  0.000      218.0      1.128    
     4  125  2.434     0.5451     0.3760E-01  0.000      218.0      1.128    
     5  125  2.434     0.5451     0.3760E-01  0.000      245.3     -35.19    
     6  125  2.434     0.5451     0.3760E-01  0.000      245.3     -35.19    
     1  126  2.444     0.5451     0.4700E-01  0.000      71.82      443.5    
     2  126  2.444     0.5451     0.4700E-01  0.000      71.82      443.5    
     3  126  2.444     0.5451     0.4700E-01  0.000      217.3     0.9528    
     4  126  2.444     0.5451     0.4700E-01  0.000      217.3     0.9528    
     5  126  2.444     0.5451     0.4700E-01  0.000      245.7     -34.92    
     6  126  2.444     0.5451     0.4700E-01  0.000      245.7     -34.92    
     1  127  2.454     0.5451     0.5639E-01  0.000      72.78      431.4    
     2  127  2.454     0.5451     0.5639E-01  0.000      72.78      431.4    
     3  127  2.454     0.5451     0.5639E-01  0.000      216.5     0.7865    
     4  127  2.454     0.5451     0.5639E-01  0.000      216.5     0.7865    
     5  127  2.454     0.5451     0.5639E-01  0.000      246.1     -34.65    
     6  127  2.454     0.5451     0.5639E-01  0.000      246.1     -34.65    
     1  128  2.464     0.5451     0.6579E-01  0.000      73.89      418.1    
     2  128  2.464     0.5451     0.6579E-01  0.000      73.89      418.1    
     3  128  2.464     0.5451     0.6579E-01  0.000      215.6     0.6431    
     4  128  2.464     0.5451     0.6579E-01  0.000      215.6     0.6431    
     5  128  2.464     0.5451     0.6579E-01  0.000      246.5     -34.38    
     6  128  2.464     0.5451     0.6579E-01  0.000      246.5     -34.38    
     1  129  2.473     0.5451     0.7519E-01  0.000      75.13      404.0    
     2  129  2.473     0.5451     0.7519E-01  0.000      75.13      404.0    
     3  129  2.473     0.5451     0.7519E-01  0.000      214.6     0.5322    
     4  129  2.473     0.5451     0.7519E-01  0.000      214.6     0.5322    
     5  129  2.473     0.5451     0.7519E-01  0.000      246.9     -34.12    
     6  129  2.473     0.5451     0.7519E-01  0.000      246.9     -34.12    
     1  130  2.483     0.5451     0.8459E-01  0.000      76.48      389.3    
     2  130  2.483     0.5451     0.8459E-01  0.000      76.48      389.3    
     3  130  2.483     0.5451     0.8459E-01  0.000      213.5     0.4590    
     4  130  2.483     0.5451     0.8459E-01  0.000      213.5     0.4590    
     5  130  2.483     0.5451     0.8459E-01  0.000      247.4     -33.90    
     6  130  2.483     0.5451     0.8459E-01  0.000      247.4     -33.90    
     1  131  2.493     0.5451     0.9399E-01  0.000      77.93      374.5    
     2  131  2.493     0.5451     0.9399E-01  0.000      77.93      374.5    
     3  131  2.493     0.5451     0.9399E-01  0.000      212.3     0.4254    
     4  131  2.493     0.5451     0.9399E-01  0.000      212.3     0.4254    
     5  131  2.493     0.5451     0.9399E-01  0.000      247.8     -33.69    
     6  131  2.493     0.5451     0.9399E-01  0.000      247.8     -33.69    
     1  132  2.503     0.5451     0.1034      0.000      79.47      359.7    
     2  132  2.503     0.5451     0.1034      0.000      79.47      359.7    
     3  132  2.503     0.5451     0.1034      0.000      211.1     0.4303    
     4  132  2.503     0.5451     0.1034      0.000      211.1     0.4303    
     5  132  2.503     0.5451     0.1034      0.000      248.3     -33.52    
     6  132  2.503     0.5451     0.1034      0.000      248.3     -33.52    
     1  133  2.513     0.5451     0.1128      0.000      81.07      345.2    
     2  133  2.513     0.5451     0.1128      0.000      81.07      345.2    
     3  133  2.513     0.5451     0.1128      0.000      209.9     0.4707    
     4  133  2.513     0.5451     0.1128      0.000      209.9     0.4707    
     5  133  2.513     0.5451     0.1128      0.000      248.8     -33.38    
     6  133  2.513     0.5451     0.1128      0.000      248.8     -33.38    
     1  134  2.523     0.5451     0.1222      0.000      82.72      331.1    
     2  134  2.523     0.5451     0.1222      0.000      82.72      331.1    
     3  134  2.523     0.5451     0.1222      0.000      208.6     0.5421    
     4  134  2.523     0.5451     0.1222      0.000      208.6     0.5421    
     5  134  2.523     0.5451     0.1222      0.000      249.2     -33.26    
     6  134  2.523     0.5451     0.1222      0.000      249.2     -33.26    
     1  135  2.533     0.5451     0.1316      0.000      84.41      317.7    
     2  135  2.533     0.5451     0.1316      0.000      84.41      317.7    
     3  135  2.533     0.5451     0.1316      0.000      207.3     0.6392    
     4  135  2.533     0.5451     0.1316      0.000      207.3     0.6392    
     5  135  2.533     0.5451     0.1316      0.000      249.6     -33.16    
     6  135  2.533     0.5451     0.1316      0.000      249.6     -33.16    
     1  136  2.543     0.5451     0.1410      0.000      86.10      305.0    
     2  136  2.543     0.5451     0.1410      0.000      86.10      305.0    
     3  136  2.543     0.5451     0.1410      0.000      206.0     0.7562    
     4  136  2.543     0.5451     0.1410      0.000      206.0     0.7562    
     5  136  2.543     0.5451     0.1410      0.000      250.1     -33.09    
     6  136  2.543     0.5451     0.1410      0.000      250.1     -33.09    
     1  137  2.553     0.5451     0.1504      0.000      87.79      293.1    
     2  137  2.553     0.5451     0.1504      0.000      87.79      293.1    
     3  137  2.553     0.5451     0.1504      0.000      204.7     0.8872    
     4  137  2.553     0.5451     0.1504      0.000      204.7     0.8872    
     5  137  2.553     0.5451     0.1504      0.000      250.5     -33.03    
     6  137  2.553     0.5451     0.1504      0.000      250.5     -33.03    
     1  138  2.563     0.5451     0.1598      0.000      89.46      282.0    
     2  138  2.563     0.5451     0.1598      0.000      89.46      282.0    
     3  138  2.563     0.5451     0.1598      0.000      203.4      1.026    
     4  138  2.563     0.5451     0.1598      0.000      203.4      1.026    
     5  138  2.563     0.5451     0.1598      0.000      250.8     -32.99    
     6  138  2.563     0.5451     0.1598      0.000      250.8     -32.99    
     1  139  2.573     0.5451     0.1692      0.000      91.09      271.9    
     2  139  2.573     0.5451     0.1692      0.000      91.09      271.9    
     3  139  2.573     0.5451     0.1692      0.000      202.1      1.168    
     4  139  2.573     0.5451     0.1692      0.000      202.1      1.168    
     5  139  2.573     0.5451     0.1692      0.000      251.2     -32.96    
     6  139  2.573     0.5451     0.1692      0.000      251.2     -32.96    
     1  140  2.583     0.5451     0.1786      0.000      92.66      262.6    
     2  140  2.583     0.5451     0.1786      0.000      92.66      262.6    
     3  140  2.583     0.5451     0.1786      0.000      200.9      1.306    
     4  140  2.583     0.5451     0.1786      0.000      200.9      1.306    
     5  140  2.583     0.5451     0.1786      0.000      251.5     -32.94    
     6  140  2.583     0.5451     0.1786      0.000      251.5     -32.94    
     1  141  2.593     0.5451     0.1880      0.000      94.16      254.3    
     2  141  2.593     0.5451     0.1880      0.000      94.16      254.3    
     3  141  2.593     0.5451     0.1880      0.000      199.7      1.438    
     4  141  2.593     0.5451     0.1880      0.000      199.7      1.438    
     5  141  2.593     0.5451     0.1880      0.000      251.8     -32.93    
     6  141  2.593     0.5451     0.1880      0.000      251.8     -32.93    
     1  142  2.603     0.5451     0.1974      0.000      95.56      246.9    
     2  142  2.603     0.5451     0.1974      0.000      95.56      246.9    
     3  142  2.603     0.5451     0.1974      0.000      198.7      1.558    
     4  142  2.603     0.5451     0.1974      0.000      198.7      1.558    
     5  142  2.603     0.5451     0.1974      0.000      252.1     -32.93    
     6  142  2.603     0.5451     0.1974      0.000      252.1     -32.93    
     1  143  2.613     0.5451     0.2068      0.000      96.84      240.4    
     2  143  2.613     0.5451     0.2068      0.000      96.84      240.4    
     3  143  2.613     0.5451     0.2068      0.000      197.7      1.665    
     4  143  2.613     0.5451     0.2068      0.000      197.7      1.665    
     5  143  2.613     0.5451     0.2068      0.000      252.3     -32.93    
     6  143  2.613     0.5451     0.2068      0.000      252.3     -32.93    
     1  144  2.623     0.5451     0.2162      0.000      98.00      234.9    
     2  144  2.623     0.5451     0.2162      0.000      98.00      234.9    
     3  144  2.623     0.5451     0.2162      0.000      196.8      1.756    
     4  144  2.623     0.5451     0.2162      0.000      196.8      1.756    
     5  144  2.623     0.5451     0.2162      0.000      252.5     -32.93    
     6  144  2.623     0.5451     0.2162      0.000      252.5     -32.93    
     1  145  2.633     0.5451     0.2256      0.000      99.01      230.2    
     2  145  2.633     0.5451     0.2256      0.000      99.01      230.2    
     3  145  2.633     0.5451     0.2256      0.000      196.0      1.830    
     4  145  2.633     0.5451     0.2256      0.000      196.0      1.830    
     5  145  2.633     0.5451     0.2256      0.000      252.7     -32.93    
     6  145  2.633     0.5451     0.2256      0.000      252.7     -32.93    
     1  146  2.643     0.5451     0.2350      0.000      99.86      226.4    
     2  146  2.643     0.5451     0.2350      0.000      99.86      226.4    
     3  146  2.643     0.5451     0.2350      0.000      195.3      1.889    
     4  146  2.643     0.5451     0.2350      0.000      195.3      1.889    
     5  146  2.643     0.5451     0.2350      0.000      252.8     -32.94    
     6  146  2.643     0.5451     0.2350      0.000      252.8     -32.94    
     1  147  2.653     0.5451     0.2444      0.000      100.5      223.4    
     2  147  2.653     0.5451     0.2444      0.000      100.5      223.4    
     3  147  2.653     0.5451     0.2444      0.000      194.8      1.933    
     4  147  2.653     0.5451     0.2444      0.000      194.8      1.933    
     5  147  2.653     0.5451     0.2444      0.000      252.9     -32.94    
     6  147  2.653     0.5451     0.2444      0.000      252.9     -32.94    
     1  148  2.663     0.5451     0.2538      0.000      101.0      221.3    
     2  148  2.663     0.5451     0.2538      0.000      101.0      221.3    
     3  148  2.663     0.5451     0.2538      0.000      194.4      1.963    
     4  148  2.663     0.5451     0.2538      0.000      194.4      1.963    
     5  148  2.663     0.5451     0.2538      0.000      253.0     -32.95    
     6  148  2.663     0.5451     0.2538      0.000      253.0     -32.95    
     1  149  2.673     0.5451     0.2632      0.000      101.3      220.1    
     2  149  2.673     0.5451     0.2632      0.000      101.3      220.1    
     3  149  2.673     0.5451     0.2632      0.000      194.1      1.980    
     4  149  2.673     0.5451     0.2632      0.000      194.1      1.980    
     5  149  2.673     0.5451     0.2632      0.000      253.1     -32.95    
     6  149  2.673     0.5451     0.2632      0.000      253.1     -32.95    
     1  150  2.683     0.5451     0.2726      0.000      101.4      219.7    
     2  150  2.683     0.5451     0.2726      0.000      101.4      219.7    
     3  150  2.683     0.5451     0.2726      0.000      194.1      1.986    
     4  150  2.683     0.5451     0.2726      0.000      194.1      1.986    
     5  150  2.683     0.5451     0.2726      0.000      253.1     -32.95    
     6  150  2.683     0.5451     0.2726      0.000      253.1     -32.95    
     1  151  2.683     0.5451     0.2726      0.000      101.4      219.7    
     2  151  2.683     0.5451     0.2726      0.000      101.4      219.7    
     3  151  2.683     0.5451     0.2726      0.000      194.1      1.986    
     4  151  2.683     0.5451     0.2726      0.000      194.1      1.986    
     5  151  2.683     0.5451     0.2726      0.000      253.1     -32.95    
     6  151  2.683     0.5451     0.2726      0.000      253.1     -32.95    
     1  152  2.697     0.5357     0.2726     0.9399E-02  100.4      220.4    
     2  152  2.697     0.5357     0.2726     0.9399E-02  102.5      218.4    
     3  152  2.697     0.5357     0.2726     0.9399E-02  192.9      3.590    
     4  152  2.697     0.5357     0.2726     0.9399E-02  195.2     0.3411    
     5  152  2.697     0.5357     0.2726     0.9399E-02  252.6     -32.61    
     6  152  2.697     0.5357     0.2726     0.9399E-02  253.6     -33.14    
     1  153  2.711     0.5263     0.2726     0.1880E-01  99.27      220.8    
     2  153  2.711     0.5263     0.2726     0.1880E-01  103.5      216.7    
     3  153  2.711     0.5263     0.2726     0.1880E-01  191.6      5.196    
     4  153  2.711     0.5263     0.2726     0.1880E-01  196.3     -1.370    
     5  153  2.711     0.5263     0.2726     0.1880E-01  252.3     -32.11    
     6  153  2.711     0.5263     0.2726     0.1880E-01  254.2     -33.16    
     1  154  2.725     0.5169     0.2726     0.2820E-01  98.16      220.8    
     2  154  2.725     0.5169     0.2726     0.2820E-01  104.4      214.5    
     3  154  2.725     0.5169     0.2726     0.2820E-01  190.3      6.860    
     4  154  2.725     0.5169     0.2726     0.2820E-01  197.3     -3.160    
     5  154  2.725     0.5169     0.2726     0.2820E-01  252.0     -31.47    
     6  154  2.725     0.5169     0.2726     0.2820E-01  254.8     -33.04    
     1  155  2.739     0.5075     0.2726     0.3760E-01  97.02      220.7    
     2  155  2.739     0.5075     0.2726     0.3760E-01  105.3      211.8    
     3  155  2.739     0.5075     0.2726     0.3760E-01  189.1      8.657    
     4  155  2.739     0.5075     0.2726     0.3760E-01  198.3     -5.032    
     5  155  2.739     0.5075     0.2726     0.3760E-01  251.9     -30.71    
     6  155  2.739     0.5075     0.2726     0.3760E-01  255.5     -32.79    
     1  156  2.753     0.4981     0.2726     0.4700E-01  95.83      220.4    
     2  156  2.753     0.4981     0.2726     0.4700E-01  106.0      208.5    
     3  156  2.753     0.4981     0.2726     0.4700E-01  187.9      10.67    
     4  156  2.753     0.4981     0.2726     0.4700E-01  199.3     -6.981    
     5  156  2.753     0.4981     0.2726     0.4700E-01  251.8     -29.85    
     6  156  2.753     0.4981     0.2726     0.4700E-01  256.2     -32.40    
     1  157  2.767     0.4888     0.2726     0.5639E-01  94.58      220.3    
     2  157  2.767     0.4888     0.2726     0.5639E-01  106.6      204.8    
     3  157  2.767     0.4888     0.2726     0.5639E-01  186.8      12.98    
     4  157  2.767     0.4888     0.2726     0.5639E-01  200.2     -8.997    
     5  157  2.767     0.4888     0.2726     0.5639E-01  251.9     -28.90    
     6  157  2.767     0.4888     0.2726     0.5639E-01  256.8     -31.91    
     1  158  2.781     0.4794     0.2726     0.6579E-01  93.25      220.2    
     2  158  2.781     0.4794     0.2726     0.6579E-01  106.8      200.7    
     3  158  2.781     0.4794     0.2726     0.6579E-01  185.8      15.66    
     4  158  2.781     0.4794     0.2726     0.6579E-01  201.1     -11.07    
     5  158  2.781     0.4794     0.2726     0.6579E-01  252.0     -27.90    
     6  158  2.781     0.4794     0.2726     0.6579E-01  257.5     -31.33    
     1  159  2.795     0.4700     0.2726     0.7519E-01  91.82      220.5    
     2  159  2.795     0.4700     0.2726     0.7519E-01  106.8      196.4    
     3  159  2.795     0.4700     0.2726     0.7519E-01  185.1      18.74    
     4  159  2.795     0.4700     0.2726     0.7519E-01  202.0     -13.18    
     5  159  2.795     0.4700     0.2726     0.7519E-01  252.3     -26.87    
     6  159  2.795     0.4700     0.2726     0.7519E-01  258.2     -30.66    
     1  160  2.809     0.4606     0.2726     0.8459E-01  90.28      221.3    
     2  160  2.809     0.4606     0.2726     0.8459E-01  106.4      192.0    
     3  160  2.809     0.4606     0.2726     0.8459E-01  184.6      22.21    
     4  160  2.809     0.4606     0.2726     0.8459E-01  202.9     -15.32    
     5  160  2.809     0.4606     0.2726     0.8459E-01  252.6     -25.84    
     6  160  2.809     0.4606     0.2726     0.8459E-01  258.8     -29.93    
     1  161  2.823     0.4512     0.2726     0.9399E-01  88.62      222.7    
     2  161  2.823     0.4512     0.2726     0.9399E-01  105.5      187.7    
     3  161  2.823     0.4512     0.2726     0.9399E-01  184.4      26.00    
     4  161  2.823     0.4512     0.2726     0.9399E-01  203.8     -17.47    
     5  161  2.823     0.4512     0.2726     0.9399E-01  252.9     -24.81    
     6  161  2.823     0.4512     0.2726     0.9399E-01  259.4     -29.14    
     1  162  2.837     0.4418     0.2726     0.1034      86.81      224.8    
     2  162  2.837     0.4418     0.2726     0.1034      104.2      184.0    
     3  162  2.837     0.4418     0.2726     0.1034      184.5      29.97    
     4  162  2.837     0.4418     0.2726     0.1034      204.7     -19.62    
     5  162  2.837     0.4418     0.2726     0.1034      253.4     -23.80    
     6  162  2.837     0.4418     0.2726     0.1034      259.9     -28.31    
     1  163  2.851     0.4324     0.2726     0.1128      84.86      227.8    
     2  163  2.851     0.4324     0.2726     0.1128      102.4      181.2    
     3  163  2.851     0.4324     0.2726     0.1128      185.0      33.94    
     4  163  2.851     0.4324     0.2726     0.1128      205.6     -21.77    
     5  163  2.851     0.4324     0.2726     0.1128      253.9     -22.84    
     6  163  2.851     0.4324     0.2726     0.1128      260.4     -27.44    
     1  164  2.866     0.4230     0.2726     0.1222      82.76      232.0    
     2  164  2.866     0.4230     0.2726     0.1222      100.1      179.6    
     3  164  2.866     0.4230     0.2726     0.1222      185.8      37.74    
     4  164  2.866     0.4230     0.2726     0.1222      206.6     -23.89    
     5  164  2.866     0.4230     0.2726     0.1222      254.4     -21.91    
     6  164  2.866     0.4230     0.2726     0.1222      260.8     -26.53    
     1  165  2.880     0.4136     0.2726     0.1316      80.51      237.5    
     2  165  2.880     0.4136     0.2726     0.1316      97.36      179.6    
     3  165  2.880     0.4136     0.2726     0.1316      186.9      41.23    
     4  165  2.880     0.4136     0.2726     0.1316      207.6     -25.99    
     5  165  2.880     0.4136     0.2726     0.1316      255.0     -21.04    
     6  165  2.880     0.4136     0.2726     0.1316      261.2     -25.60    
     1  166  2.894     0.4042     0.2726     0.1410      78.12      244.4    
     2  166  2.894     0.4042     0.2726     0.1410      94.22      181.7    
     3  166  2.894     0.4042     0.2726     0.1410      188.2      44.32    
     4  166  2.894     0.4042     0.2726     0.1410      208.5     -28.05    
     5  166  2.894     0.4042     0.2726     0.1410      255.5     -20.23    
     6  166  2.894     0.4042     0.2726     0.1410      261.5     -24.64    
     1  167  2.908     0.3948     0.2726     0.1504      75.59      253.1    
     2  167  2.908     0.3948     0.2726     0.1504      90.72      186.1    
     3  167  2.908     0.3948     0.2726     0.1504      189.7      46.95    
     4  167  2.908     0.3948     0.2726     0.1504      209.5     -30.05    
     5  167  2.908     0.3948     0.2726     0.1504      256.2     -19.47    
     6  167  2.908     0.3948     0.2726     0.1504      261.7     -23.67    
     1  168  2.922     0.3854     0.2726     0.1598      72.96      263.6    
     2  168  2.922     0.3854     0.2726     0.1598      86.93      193.1    
     3  168  2.922     0.3854     0.2726     0.1598      191.3      49.13    
     4  168  2.922     0.3854     0.2726     0.1598      210.5     -32.00    
     5  168  2.922     0.3854     0.2726     0.1598      256.8     -18.76    
     6  168  2.922     0.3854     0.2726     0.1598      261.8     -22.69    
     1  169  2.936     0.3760     0.2726     0.1692      70.23      276.4    
     2  169  2.936     0.3760     0.2726     0.1692      82.91      203.3    
     3  169  2.936     0.3760     0.2726     0.1692      192.9      50.88    
     4  169  2.936     0.3760     0.2726     0.1692      211.5     -33.89    
     5  169  2.936     0.3760     0.2726     0.1692      257.4     -18.11    
     6  169  2.936     0.3760     0.2726     0.1692      261.9     -21.71    
     1  170  2.950     0.3666     0.2726     0.1786      67.45      291.6    
     2  170  2.950     0.3666     0.2726     0.1786      78.72      216.9    
     3  170  2.950     0.3666     0.2726     0.1786      194.6      52.26    
     4  170  2.950     0.3666     0.2726     0.1786      212.4     -35.69    
     5  170  2.950     0.3666     0.2726     0.1786      258.0     -17.52    
     6  170  2.950     0.3666     0.2726     0.1786      262.0     -20.74    
     1  171  2.964     0.3572     0.2726     0.1880      64.64      309.4    
     2  171  2.964     0.3572     0.2726     0.1880      74.44      234.4    
     3  171  2.964     0.3572     0.2726     0.1880      196.2      53.32    
     4  171  2.964     0.3572     0.2726     0.1880      213.3     -37.40    
     5  171  2.964     0.3572     0.2726     0.1880      258.6     -16.98    
     6  171  2.964     0.3572     0.2726     0.1880      262.0     -19.79    
     1  172  2.978     0.3478     0.2726     0.1974      61.86      330.0    
     2  172  2.978     0.3478     0.2726     0.1974      70.16      256.4    
     3  172  2.978     0.3478     0.2726     0.1974      197.7      54.12    
     4  172  2.978     0.3478     0.2726     0.1974      214.2     -39.01    
     5  172  2.978     0.3478     0.2726     0.1974      259.1     -16.49    
     6  172  2.978     0.3478     0.2726     0.1974      262.0     -18.86    
     1  173  2.992     0.3384     0.2726     0.2068      59.15      353.1    
     2  173  2.992     0.3384     0.2726     0.2068      65.95      283.1    
     3  173  2.992     0.3384     0.2726     0.2068      199.2      54.70    
     4  173  2.992     0.3384     0.2726     0.2068      215.0     -40.49    
     5  173  2.992     0.3384     0.2726     0.2068      259.7     -16.05    
     6  173  2.992     0.3384     0.2726     0.2068      262.0     -17.98    
     1  174  3.006     0.3290     0.2726     0.2162      56.58      378.6    
     2  174  3.006     0.3290     0.2726     0.2162      61.91      314.8    
     3  174  3.006     0.3290     0.2726     0.2162      200.5      55.12    
     4  174  3.006     0.3290     0.2726     0.2162      215.7     -41.83    
     5  174  3.006     0.3290     0.2726     0.2162      260.1     -15.67    
     6  174  3.006     0.3290     0.2726     0.2162      261.9     -17.16    
     1  175  3.020     0.3196     0.2726     0.2256      54.22      405.4    
     2  175  3.020     0.3196     0.2726     0.2256      58.15      350.9    
     3  175  3.020     0.3196     0.2726     0.2256      201.6      55.40    
     4  175  3.020     0.3196     0.2726     0.2256      216.4     -43.01    
     5  175  3.020     0.3196     0.2726     0.2256      260.6     -15.34    
     6  175  3.020     0.3196     0.2726     0.2256      261.8     -16.43    
     1  176  3.034     0.3102     0.2726     0.2350      52.14      432.3    
     2  176  3.034     0.3102     0.2726     0.2350      54.80      390.1    
     3  176  3.034     0.3102     0.2726     0.2350      202.5      55.59    
     4  176  3.034     0.3102     0.2726     0.2350      216.9     -44.01    
     5  176  3.034     0.3102     0.2726     0.2350      260.9     -15.06    
     6  176  3.034     0.3102     0.2726     0.2350      261.8     -15.79    
     1  177  3.049     0.3008     0.2726     0.2444      50.42      457.3    
     2  177  3.049     0.3008     0.2726     0.2444      51.99      429.2    
     3  177  3.049     0.3008     0.2726     0.2444      203.3      55.71    
     4  177  3.049     0.3008     0.2726     0.2444      217.4     -44.82    
     5  177  3.049     0.3008     0.2726     0.2444      261.2     -14.84    
     6  177  3.049     0.3008     0.2726     0.2444      261.7     -15.27    
     1  178  3.063     0.2914     0.2726     0.2538      49.13      477.9    
     2  178  3.063     0.2914     0.2726     0.2538      49.85      463.6    
     3  178  3.063     0.2914     0.2726     0.2538      203.8      55.78    
     4  178  3.063     0.2914     0.2726     0.2538      217.7     -45.41    
     5  178  3.063     0.2914     0.2726     0.2538      261.4     -14.69    
     6  178  3.063     0.2914     0.2726     0.2538      261.7     -14.88    
     1  179  3.077     0.2820     0.2726     0.2632      48.33      491.5    
     2  179  3.077     0.2820     0.2726     0.2632      48.51      487.6    
     3  179  3.077     0.2820     0.2726     0.2632      204.2      55.82    
     4  179  3.077     0.2820     0.2726     0.2632      217.9     -45.77    
     5  179  3.077     0.2820     0.2726     0.2632      261.6     -14.59    
     6  179  3.077     0.2820     0.2726     0.2632      261.6     -14.64    
     1  180  3.091     0.2726     0.2726     0.2726      48.06      496.3    
     2  180  3.091     0.2726     0.2726     0.2726      48.06      496.3    
     3  180  3.091     0.2726     0.2726     0.2726      204.3      55.83    
     4  180  3.091     0.2726     0.2726     0.2726      218.0     -45.89    
     5  180  3.091     0.2726     0.2726     0.2726      261.6     -14.56    
     6  180  3.091     0.2726     0.2726     0.2726      261.6     -14.56    
