     1     1 -.27257     -.27257     -.27257      48.057     0.40152E-08 -.44614E-09 0.13384E-08 0.42559E-08
     1     2 -.23363     -.23363     -.31151      53.093      1032.8      1032.8     -2343.1      2761.1    
     1     3 -.19469     -.19469     -.35045      63.690      1224.8      1224.8     -2799.8      3292.2    
     1     4 -.15576     -.15576     -.38939      72.918      774.14      774.14     -1824.8      2128.0    
     1     5 -.11682     -.11682     -.42833      76.965      92.454      92.454     -336.21      360.74    
     1     6 -.77878E-01 -.77878E-01 -.46727      75.559     -419.80     -419.80      795.97      992.99    
     1     7 -.38939E-01 -.38939E-01 -.50621      71.608     -447.73     -447.73      902.13      1102.2    
     1     8  0.0000      0.0000     -.54514      69.532     -.26768E-08 0.66921E-08 -.26768E-08 0.76886E-08
     1     9 -.19469     -.27257     -.27257      56.933      3707.6     -320.70     -320.54      3735.3    
     1    10 -.15576     -.23363     -.31151      63.994      3818.3     -858.04     -1538.1      4204.9    
     1    11 -.11682     -.19469     -.35045      73.412      3201.1     -605.32     -1572.8      3617.7    
     1    12 -.77878E-01 -.15576     -.38939      79.923      2459.4     -1032.1     -523.94      2718.2    
     1    13 -.38939E-01 -.11682     -.42833      81.298      1929.2     -1733.2      723.80      2692.5    
     1    14  0.0000     -.77878E-01 -.46727      78.386     0.17846E-08 -2174.2      1309.9      2538.3    
     1    15 0.38939E-01 -.38939E-01 -.50621      71.608      447.73     -447.73      902.13      1102.2    
     1    16 0.77878E-01  0.0000     -.54514      75.504      2667.3     -.88191E-01 -.11184      2667.3    
     1    17 0.11682     0.38939E-01 -.58408      78.518      2627.3     -1337.2     -440.09      2980.7    
     1    18 0.15576     0.77878E-01 -.62302      81.239      2080.4     -1342.8      155.23      2481.0    
     1    19 0.19469     0.11682     -.66196      79.966      1310.0     -1788.1      1454.8      2651.4    
     1    20 0.23363     0.15576     -.70090      73.276      619.85     -2379.8      2652.2      3616.9    
     1    21 0.27257     0.19469     -.73984      62.649     0.47357E-01 -2779.7      2779.8      3931.1    
     1    22 -.11682     -.27257     -.27257      73.280      3676.6     -481.99     -481.95      3739.3    
     1    23 -.77878E-01 -.23363     -.31151      80.078      3347.9     -835.74     -955.07      3580.4    
     1    24 -.38939E-01 -.19469     -.35045      86.887      2773.4     -849.70     -922.46      3043.8    
     1    25  0.0000     -.15576     -.38939      90.636     0.89228E-09 -1175.9     -186.67      1190.7    
     1    26 0.38939E-01 -.11682     -.42833      81.298     -1929.2     -1733.3      723.59      2692.5    
     1    27 0.77878E-01 -.77878E-01 -.46727      75.559      419.80     -419.75      795.99      992.99    
     1    28 0.11682     -.38939E-01 -.50621      78.518      2627.3      1337.4      440.24      2980.8    
     1    29 0.15576      0.0000     -.54514      88.750      3342.9     0.15736     -.15041      3342.9    
     1    30 0.19469     0.38939E-01 -.58408      90.376      2691.0     -2090.9      87.055      3408.9    
     1    31 0.23363     0.77878E-01 -.62302      89.719      1513.9     -1916.3      989.82      2635.1    
     1    32 0.27257     0.11682     -.66196      83.976     -.35799E-01 -2094.4      2094.5      2962.0    
     1    33 -.38939E-01 -.27257     -.27257      84.348      1450.7     -566.64     -566.67      1657.4    
     1    34  0.0000     -.23363     -.31151      87.473      0.0000      108.70     -1278.2      1282.8    
     1    35 0.38939E-01 -.19469     -.35045      86.887     -2773.4     -849.75     -922.48      3043.8    
     1    36 0.77878E-01 -.15576     -.38939      79.923     -2459.4     -1032.5     -523.98      2718.3    
     1    37 0.11682     -.11682     -.42833      76.965     -92.454      92.506     -336.53      361.05    
     1    38 0.15576     -.77878E-01 -.46727      81.239      2080.4      1343.1     -155.08      2481.1    
     1    39 0.19469     -.38939E-01 -.50621      90.376      2691.0      2091.0     -86.959      3409.0    
     1    40 0.23363      0.0000     -.54514      99.753      1584.6     0.48366E-01 0.48356E-01  1584.6    
     1    41 0.27257     0.38939E-01 -.58408      96.854     0.88573E-02 -1172.4      1172.4      1658.0    
     1    42 0.38939E-01 -.27257     -.27257      84.348     -1450.7     -566.71     -566.73      1657.4    
     1    43 0.77878E-01 -.23363     -.31151      80.078     -3347.9     -835.79     -955.30      3580.5    
     1    44 0.11682     -.19469     -.35045      73.412     -3201.1     -604.87     -1572.8      3617.6    
     1    45 0.15576     -.15576     -.38939      72.918     -774.14      774.50     -1824.6      2128.0    
     1    46 0.19469     -.11682     -.42833      79.966      1310.0      1788.4     -1454.8      2651.6    
     1    47 0.23363     -.77878E-01 -.46727      89.719      1513.9      1916.2     -989.72      2635.0    
     1    48 0.27257     -.38939E-01 -.50621      96.854     0.88573E-02  1172.5     -1172.5      1658.1    
     1    49 0.11682     -.27257     -.27257      73.280     -3676.6     -482.01     -482.04      3739.3    
     1    50 0.15576     -.23363     -.31151      63.994     -3818.3     -857.81     -1538.3      4205.0    
     1    51 0.19469     -.19469     -.35045      63.690     -1224.8      1224.7     -2799.9      3292.3    
     1    52 0.23363     -.15576     -.38939      73.276      619.85      2379.9     -2652.0      3616.8    
     1    53 0.27257     -.11682     -.42833      83.976     -.35799E-01  2094.7     -2094.7      2962.3    
     1    54 0.19469     -.27257     -.27257      56.933     -3707.6     -320.80     -320.64      3735.3    
     1    55 0.23363     -.23363     -.31151      53.093     -1032.8      1032.3     -2342.2      2760.1    
     1    56 0.27257     -.19469     -.35045      62.649     0.47357E-01  2779.7     -2779.7      3931.1    
     1    57 0.27257     -.27257     -.27257      48.057     -.22307E-09 -.44614E-08 -.46845E-08 0.64729E-08
     1    58 -.11682     -.19469     -.27257      68.069      3804.8     -732.14     -909.64      3980.0    
     1    59 -.77878E-01 -.15576     -.31151      76.640      3180.8     -364.89     -1079.1      3378.7    
     1    60 -.38939E-01 -.11682     -.35045      82.845      2474.3     -725.33     -157.58      2583.2    
     1    61  0.0000     -.77878E-01 -.38939      84.011     -.36268E-02 -1357.8      1094.4      1744.0    
     1    62 0.38939E-01 -.38939E-01 -.42833      77.479     -31.402      31.513      1621.5      1622.1    
     1    63 0.77878E-01  0.0000     -.46727      78.386      2173.9     0.20112E-01  1309.9      2538.1    
     1    64 -.38939E-01 -.19469     -.27257      81.652      1995.3     -791.64     -1618.5      2688.4    
     1    65  0.0000     -.15576     -.31151      87.022     0.51637E-01 -362.10     -1642.0      1681.5    
     1    66 0.38939E-01 -.11682     -.35045      82.845     -2474.1     -725.41     -157.69      2583.0    
     1    67 0.77878E-01 -.77878E-01 -.38939      78.730     -555.08      554.94      526.62      945.20    
     1    68 0.11682     -.38939E-01 -.42833      81.298      1732.8      1929.0      723.42      2692.0    
     1    69 0.15576      0.0000     -.46727      89.806      2479.9     -.99498E-02  399.75      2511.9    
     1    70 0.19469     0.38939E-01 -.50621      90.376      2691.0     -2090.8     -86.945      3408.9    
     1    71 0.23363     0.77878E-01 -.54514      91.964      2104.2     -1526.2     -.42054E-01  2599.3    
     1    72 0.27257     0.11682     -.58408      91.423      956.77     -1249.1      1171.3      1961.5    
     1    73 0.38939E-01 -.19469     -.27257      81.652     -1995.2     -791.65     -1618.6      2688.4    
     1    74 0.77878E-01 -.15576     -.31151      76.640     -3180.4     -365.14     -1079.0      3378.3    
     1    75 0.11682     -.11682     -.35045      74.637     -1259.3      1259.0     -822.23      1961.4    
     1    76 0.15576     -.77878E-01 -.38939      79.923      1032.4      2459.6     -523.46      2718.4    
     1    77 0.19469     -.38939E-01 -.42833      89.493      1764.8      2548.2     -377.95      3122.6    
     1    78 0.23363      0.0000     -.46727      96.135      298.18     0.12265E-01 -896.43      944.72    
     1    79 0.27257     0.38939E-01 -.50621      96.854     0.52060E-01 -1172.4     -1172.5      1658.0    
     1    80 0.11682     -.19469     -.27257      68.069     -3804.8     -732.32     -909.77      3980.0    
     1    81 0.15576     -.15576     -.31151      65.660     -1748.0      1748.0     -1525.7      2905.0    
     1    82 0.19469     -.11682     -.35045      73.412      605.06      3200.5     -1572.5      3616.9    
     1    83 0.23363     -.77878E-01 -.38939      84.812      776.02      2835.3     -1264.3      3199.9    
     1    84 0.27257     -.38939E-01 -.42833      91.423     -956.75      1171.3     -1249.1      1961.5    
     1    85 0.19469     -.19469     -.27257      55.781     -1619.2      1619.1     -717.06      2399.5    
     1    86 0.23363     -.15576     -.31151      63.994      857.94      3818.1     -1538.6      4204.9    
     1    87 0.27257     -.11682     -.35045      76.369      160.61      3384.6     -1375.9      3657.1    
     1    88 0.27257     -.19469     -.27257      56.933      320.63      3707.9     -320.61      3735.6    
     1    89 0.38939E-01 -.11682     -.27257      78.910     -2215.9     -326.02     -1823.6      2888.3    
     1    90 0.77878E-01 -.77878E-01 -.31151      78.410     -1178.1      1178.3     -809.28      1852.4    
     1    91 0.11682     -.38939E-01 -.35045      82.845      725.40      2474.1     -157.67      2583.0    
     1    92 0.15576      0.0000     -.38939      90.636      1176.1     -.22987E-01 -186.60      1190.8    
     1    93 0.11682     -.11682     -.27257      70.054     -1599.4      1599.1     -1384.5      2651.8    
     1    94 0.15576     -.77878E-01 -.31151      76.640      365.28      3180.6     -1079.0      3378.4    
     1    95 0.19469     -.38939E-01 -.35045      86.887      849.82      2773.4     -922.49      3043.9    
     1    96 0.23363      0.0000     -.38939      92.229     -476.55     0.16881E-01 -1024.1      1129.5    
     1    97 0.27257     0.38939E-01 -.42833      91.423     -956.83     -1171.4     -1249.0      1961.6    
     1    98 0.19469     -.11682     -.27257      68.069      732.17      3804.7     -909.77      3979.9    
     1    99 0.23363     -.77878E-01 -.31151      80.078      835.95      3347.9     -955.24      3580.4    
     1   100 0.27257     -.38939E-01 -.35045      87.106     -631.69      1473.9     -830.02      1805.6    
     1   101 0.27257     -.11682     -.27257      73.280      482.05      3676.8     -481.93      3739.4    
     1   102 0.19469     -.38939E-01 -.27257      81.652      791.56      1995.4     -1618.3      2688.3    
     1   103 0.23363      0.0000     -.31151      87.473     -108.80     -.28025E-01 -1278.2      1282.9    
     1   104 0.27257     -.38939E-01 -.27257      84.348      566.55      1450.8     -566.62      1657.4    
     2     1 -.27257     -.27257     -.27257      48.057     -.26768E-08 0.11153E-08 -.55767E-08 0.62856E-08
     2     2 -.23363     -.23363     -.31151      58.653      2811.2      2811.2     -3431.1      5251.5    
     2     3 -.19469     -.19469     -.35045      80.067      3175.0      3175.0     -4227.4      6167.0    
     2     4 -.15576     -.15576     -.38939      98.247      1478.5      1478.5     -2995.1      3652.7    
     2     5 -.11682     -.11682     -.42833      101.27     -1678.5     -1678.5     -333.76      2397.1    
     2     6 -.77878E-01 -.77878E-01 -.46727      89.487     -3065.4     -3065.4      1063.2      4463.7    
     2     7 -.38939E-01 -.38939E-01 -.50621      75.583     -2254.6     -2254.6      952.32      3327.7    
     2     8  0.0000      0.0000     -.54514      69.532     0.89228E-09 0.53537E-08  0.0000     0.54275E-08
     2     9 -.19469     -.27257     -.27257      57.139      3993.0     -1570.6     -1570.5      4569.2    
     2    10 -.15576     -.23363     -.31151      74.240      4191.6      1698.1     -3654.7      5814.6    
     2    11 -.11682     -.19469     -.35045      92.423      2371.0      1441.7     -3256.0      4278.0    
     2    12 -.77878E-01 -.15576     -.38939      99.575     -971.42     -750.82     -1053.6      1617.9    
     2    13 -.38939E-01 -.11682     -.42833      91.491     -2722.7     -2506.7      838.70      3794.8    
     2    14  0.0000     -.77878E-01 -.46727      78.960     0.17846E-08 -2329.0      1385.3      2709.9    
     2    15 0.38939E-01 -.38939E-01 -.50621      75.583      2254.6     -2254.6      952.33      3327.7    
     2    16 0.77878E-01  0.0000     -.54514      75.504      2667.3     -.88093E-01 -.11174      2667.3    
     2    17 0.11682     0.38939E-01 -.58408      88.030      3407.9      3033.7     -572.52      4598.3    
     2    18 0.15576     0.77878E-01 -.62302      101.23      2266.9      2475.0     -46.665      3356.6    
     2    19 0.19469     0.11682     -.66196      103.72     -421.56     -435.40      2093.0      2179.0    
     2    20 0.23363     0.15576     -.70090      90.501     -1654.7     -3257.6      3951.7      5382.0    
     2    21 0.27257     0.19469     -.73984      71.378     0.11632     -4291.0      4291.2      6068.5    
     2    22 -.11682     -.27257     -.27257      77.092      5205.3     -2082.1     -2082.1      5980.4    
     2    23 -.77878E-01 -.23363     -.31151      90.313      3336.9     -326.76     -2793.2      4363.9    
     2    24 -.38939E-01 -.19469     -.35045      97.009     -233.92     -1044.4     -1396.8      1759.7    
     2    25  0.0000     -.15576     -.38939      91.916     0.17846E-08 -2377.2      201.53      2385.7    
     2    26 0.38939E-01 -.11682     -.42833      91.491      2722.7     -2506.8      838.61      3794.8    
     2    27 0.77878E-01 -.77878E-01 -.46727      89.487      3065.4     -3065.4      1063.3      4463.7    
     2    28 0.11682     -.38939E-01 -.50621      88.030      3407.9     -3033.6      572.60      4598.3    
     2    29 0.15576      0.0000     -.54514      88.750      3342.9     0.15725     -.15048      3342.9    
     2    30 0.19469     0.38939E-01 -.58408      100.62      2318.3      2556.6     -63.051      3451.8    
     2    31 0.23363     0.77878E-01 -.62302      106.45      336.91      653.44      786.33      1076.5    
     2    32 0.27257     0.11682     -.66196      101.46     0.22091E-01 -2255.6      2255.7      3190.0    
     2    33 -.38939E-01 -.27257     -.27257      95.795      3070.0     -1962.7     -1962.7      4138.8    
     2    34  0.0000     -.23363     -.31151      98.474     0.22307E-08 -2118.2     -1434.6      2558.3    
     2    35 0.38939E-01 -.19469     -.35045      97.009      233.92     -1044.4     -1396.8      1759.7    
     2    36 0.77878E-01 -.15576     -.38939      99.575      971.42     -750.96     -1053.6      1617.9    
     2    37 0.11682     -.11682     -.42833      101.27      1678.5     -1678.6     -333.91      2397.2    
     2    38 0.15576     -.77878E-01 -.46727      101.23      2266.9     -2474.9      46.835      3356.5    
     2    39 0.19469     -.38939E-01 -.50621      100.62      2318.3     -2556.6      63.148      3451.7    
     2    40 0.23363      0.0000     -.54514      99.753      1584.6     0.48389E-01 0.48471E-01  1584.6    
     2    41 0.27257     0.38939E-01 -.58408      105.41     0.37295E-02  781.20     -781.21      1104.8    
     2    42 0.38939E-01 -.27257     -.27257      95.795     -3070.0     -1962.8     -1962.8      4138.9    
     2    43 0.77878E-01 -.23363     -.31151      90.313     -3336.9     -326.71     -2793.3      4363.9    
     2    44 0.11682     -.19469     -.35045      92.423     -2371.0      1441.7     -3256.0      4278.1    
     2    45 0.15576     -.15576     -.38939      98.247     -1478.5      1478.5     -2995.1      3652.7    
     2    46 0.19469     -.11682     -.42833      103.72     -421.56      435.40     -2093.0      2179.0    
     2    47 0.23363     -.77878E-01 -.46727      106.45      336.91     -653.39     -786.23      1076.4    
     2    48 0.27257     -.38939E-01 -.50621      105.41     0.37295E-02 -781.19      781.16      1104.8    
     2    49 0.11682     -.27257     -.27257      77.092     -5205.3     -2082.3     -2082.2      5980.5    
     2    50 0.15576     -.23363     -.31151      74.240     -4191.6      1698.0     -3654.6      5814.6    
     2    51 0.19469     -.19469     -.35045      80.067     -3175.0      3175.0     -4227.3      6167.0    
     2    52 0.23363     -.15576     -.38939      90.501     -1654.7      3257.6     -3951.7      5382.0    
     2    53 0.27257     -.11682     -.42833      101.46     0.22091E-01  2255.7     -2255.7      3190.0    
     2    54 0.19469     -.27257     -.27257      57.139     -3993.0     -1570.4     -1570.5      4569.1    
     2    55 0.23363     -.23363     -.31151      58.653     -2811.2      2811.2     -3430.8      5251.3    
     2    56 0.27257     -.19469     -.35045      71.378     0.11632      4291.2     -4291.0      6068.5    
     2    57 0.27257     -.27257     -.27257      48.057     -.89228E-09 -.49075E-08 0.10484E-07 0.11610E-07
     2    58 -.11682     -.19469     -.27257      78.238      3200.5      1362.1     -3383.4      4852.4    
     2    59 -.77878E-01 -.15576     -.31151      91.622      854.00      404.58     -2767.1      2924.0    
     2    60 -.38939E-01 -.11682     -.35045      92.642     -1925.1     -1299.5     -522.77      2380.7    
     2    61  0.0000     -.77878E-01 -.38939      84.518     0.15623E-01 -1445.9      982.88      1748.3    
     2    62 0.38939E-01 -.38939E-01 -.42833      81.744      1914.8     -1914.7      1686.7      3190.2    
     2    63 0.77878E-01  0.0000     -.46727      78.960      2328.8     -.94333E-02  1385.4      2709.7    
     2    64 -.38939E-01 -.19469     -.27257      89.167      1848.5     -1090.4     -2256.2      3113.9    
     2    65  0.0000     -.15576     -.31151      90.481     0.18903     -1653.9     -984.04      1924.5    
     2    66 0.38939E-01 -.11682     -.35045      92.642      1925.1     -1299.6     -522.91      2380.8    
     2    67 0.77878E-01 -.77878E-01 -.38939      93.307      2116.6     -2116.5      455.54      3027.7    
     2    68 0.11682     -.38939E-01 -.42833      91.491      2506.5     -2722.7      838.46      3794.5    
     2    69 0.15576      0.0000     -.46727      90.031      3211.8     -.70304E-01  532.25      3255.6    
     2    70 0.19469     0.38939E-01 -.50621      100.62      2318.3      2556.6      63.184      3451.8    
     2    71 0.23363     0.77878E-01 -.54514      107.87      200.06      1578.6     -.14551E-01  1591.2    
     2    72 0.27257     0.11682     -.58408      107.22     -1475.6     -167.89      572.77      1591.7    
     2    73 0.38939E-01 -.19469     -.27257      89.167     -1848.6     -1090.6     -2256.1      3113.9    
     2    74 0.77878E-01 -.15576     -.31151      91.622     -853.94      404.42     -2767.1      2924.0    
     2    75 0.11682     -.11682     -.35045      96.507     -167.63      167.60     -2099.0      2112.3    
     2    76 0.15576     -.77878E-01 -.38939      99.575      750.84     -971.41     -1053.5      1617.8    
     2    77 0.19469     -.38939E-01 -.42833      100.40      1744.3     -1819.6     -309.80      2539.6    
     2    78 0.23363      0.0000     -.46727      102.55      2506.9     0.42336E-01  427.02      2543.0    
     2    79 0.27257     0.38939E-01 -.50621      105.41     0.32995E-02  781.26      781.22      1104.8    
     2    80 0.11682     -.19469     -.27257      78.238     -3200.5      1362.0     -3383.3      4852.3    
     2    81 0.15576     -.15576     -.31151      83.971     -2503.4      2503.4     -3727.2      5140.6    
     2    82 0.19469     -.11682     -.35045      92.423     -1441.7      2371.0     -3256.0      4278.1    
     2    83 0.23363     -.77878E-01 -.38939      100.64      284.61      1400.5     -2037.4      2488.6    
     2    84 0.27257     -.38939E-01 -.42833      107.22      1475.6      572.80     -168.00      1591.8    
     2    85 0.19469     -.19469     -.27257      64.635     -3010.1      3010.1     -2944.4      5176.0    
     2    86 0.23363     -.15576     -.31151      74.240     -1698.0      4191.6     -3654.6      5814.5    
     2    87 0.27257     -.11682     -.35045      89.566      801.39      4207.9     -3267.1      5387.3    
     2    88 0.27257     -.19469     -.27257      57.139      1570.8      3993.1     -1570.5      4569.3    
     2    89 0.38939E-01 -.11682     -.27257      86.085      458.71     -612.90     -2631.3      2740.4    
     2    90 0.77878E-01 -.77878E-01 -.31151      90.968      853.74     -853.87     -1761.8      2135.8    
     2    91 0.11682     -.38939E-01 -.35045      92.642      1299.7     -1925.1     -522.88      2380.9    
     2    92 0.15576      0.0000     -.38939      91.916      2377.2     -.11428      201.68      2385.7    
     2    93 0.11682     -.11682     -.27257      84.153     -1213.7      1213.8     -3705.3      4083.6    
     2    94 0.15576     -.77878E-01 -.31151      91.622     -404.45      853.89     -2767.1      2923.9    
     2    95 0.19469     -.38939E-01 -.35045      97.009      1044.3     -233.98     -1396.9      1759.7    
     2    96 0.23363      0.0000     -.38939      102.55      2573.6     0.30510E-02 -487.35      2619.3    
     2    97 0.27257     0.38939E-01 -.42833      107.22      1475.5     -572.80     -167.87      1591.7    
     2    98 0.19469     -.11682     -.27257      78.238     -1361.9      3200.4     -3383.4      4852.3    
     2    99 0.23363     -.77878E-01 -.31151      90.313      326.76      3337.0     -2793.4      4364.1    
     2   100 0.27257     -.38939E-01 -.35045      103.51      1959.4      2095.6     -1547.8      3259.8    
     2   101 0.27257     -.11682     -.27257      77.092      2082.0      5205.5     -2082.3      5980.6    
     2   102 0.19469     -.38939E-01 -.27257      89.167      1090.6      1848.5     -2256.0      3113.8    
     2   103 0.23363      0.0000     -.31151      98.474      2118.3     0.20110E-01 -1434.9      2558.5    
     2   104 0.27257     -.38939E-01 -.27257      95.795      1962.8      3070.0     -1962.9      4138.9    
     3     1 -.27257     -.27257     -.27257      204.26      0.0000     0.89228E-09  0.0000     0.89228E-09
     3     2 -.23363     -.23363     -.31151      199.40     -2612.4     -2612.4     -894.19      3801.1    
     3     3 -.19469     -.19469     -.35045      188.20     -3419.1     -3419.1     -841.05      4908.0    
     3     4 -.15576     -.15576     -.38939      177.56     -2483.0     -2483.0     -1646.3      3878.3    
     3     5 -.11682     -.11682     -.42833      178.03      38.344      38.344     -3818.6      3819.0    
     3     6 -.77878E-01 -.77878E-01 -.46727      190.75      1235.7      1235.7     -5020.3      5315.7    
     3     7 -.38939E-01 -.38939E-01 -.50621      206.36      1010.6      1010.6     -5189.0      5382.2    
     3     8  0.0000      0.0000     -.54514      219.23      0.0000      0.0000     -.26768E-08 0.26768E-08
     3     9 -.19469     -.27257     -.27257      194.39     -3815.6     -2396.7     -2396.7      5103.6    
     3    10 -.15576     -.23363     -.31151      184.38     -4239.7     -3220.7     -1881.4      5646.9    
     3    11 -.11682     -.19469     -.35045      173.36     -3451.7     -2952.8     -2063.7      4989.2    
     3    12 -.77878E-01 -.15576     -.38939      170.07     -1050.9     -922.51     -3723.9      3977.8    
     3    13 -.38939E-01 -.11682     -.42833      179.40      338.14      938.60     -5145.5      5241.3    
     3    14  0.0000     -.77878E-01 -.46727      193.63     -.89228E-09  1406.5     -5455.2      5633.6    
     3    15 0.38939E-01 -.38939E-01 -.50621      206.36     -1010.6      1010.6     -5189.0      5382.2    
     3    16 0.77878E-01  0.0000     -.54514      214.25     -2143.8     0.54221E-03 0.10107E-02  2143.8    
     3    17 0.11682     0.38939E-01 -.58408      199.43     -2071.7     -824.03      4497.8      5020.1    
     3    18 0.15576     0.77878E-01 -.62302      185.60     -943.59     -583.85      3762.5      3922.7    
     3    19 0.19469     0.11682     -.66196      180.81      1347.2      1427.7      1699.9      2596.8    
     3    20 0.23363     0.15576     -.70090      188.15      2082.4      2797.6     -112.55      3489.3    
     3    21 0.27257     0.19469     -.73984      197.31     -.25455E-01  1530.0     -1530.0      2163.8    
     3    22 -.11682     -.27257     -.27257      176.42     -4613.4     -2787.6     -2787.6      6068.4    
     3    23 -.77878E-01 -.23363     -.31151      166.82     -3875.4     -2992.7     -2763.3      5622.3    
     3    24 -.38939E-01 -.19469     -.35045      162.36     -1532.9     -1834.6     -3734.6      4434.2    
     3    25  0.0000     -.15576     -.38939      168.18      0.0000     -100.24     -4793.7      4794.7    
     3    26 0.38939E-01 -.11682     -.42833      179.40     -338.14      938.59     -5145.5      5241.3    
     3    27 0.77878E-01 -.77878E-01 -.46727      190.75     -1235.7      1235.7     -5020.3      5315.7    
     3    28 0.11682     -.38939E-01 -.50621      199.43     -2071.7      824.03     -4497.8      5020.1    
     3    29 0.15576      0.0000     -.54514      203.92     -2575.8     -.14562E-01 0.92282E-02  2575.8    
     3    30 0.19469     0.38939E-01 -.58408      191.64     -1414.6     -513.07      3257.1      3587.9    
     3    31 0.23363     0.77878E-01 -.62302      184.48      269.76      94.343      1750.4      1773.5    
     3    32 0.27257     0.11682     -.66196      185.32     -.27989E-01  774.10     -774.11      1094.7    
     3    33 -.38939E-01 -.27257     -.27257      159.60     -2815.1     -3124.7     -3124.7      5239.5    
     3    34  0.0000     -.23363     -.31151      157.37      0.0000     -2665.1     -3571.9      4456.6    
     3    35 0.38939E-01 -.19469     -.35045      162.36      1532.9     -1834.6     -3734.6      4434.3    
     3    36 0.77878E-01 -.15576     -.38939      170.07      1050.9     -922.57     -3723.9      3977.8    
     3    37 0.11682     -.11682     -.42833      178.03     -38.344      38.364     -3818.7      3819.1    
     3    38 0.15576     -.77878E-01 -.46727      185.60     -943.59      583.85     -3762.5      3922.7    
     3    39 0.19469     -.38939E-01 -.50621      191.64     -1414.6      513.08     -3257.1      3587.9    
     3    40 0.23363      0.0000     -.54514      195.38     -1246.0     -.38676E-02 -.38105E-02  1246.0    
     3    41 0.27257     0.38939E-01 -.58408      188.90     0.31881E-02 -1236.7      1236.7      1749.0    
     3    42 0.38939E-01 -.27257     -.27257      159.60      2815.1     -3124.7     -3124.7      5239.5    
     3    43 0.77878E-01 -.23363     -.31151      166.82      3875.4     -2992.7     -2763.3      5622.3    
     3    44 0.11682     -.19469     -.35045      173.36      3451.7     -2952.8     -2063.7      4989.2    
     3    45 0.15576     -.15576     -.38939      177.56      2483.0     -2482.9     -1646.3      3878.2    
     3    46 0.19469     -.11682     -.42833      180.81      1347.2     -1427.7     -1699.9      2596.7    
     3    47 0.23363     -.77878E-01 -.46727      184.48      269.76     -94.360     -1750.4      1773.5    
     3    48 0.27257     -.38939E-01 -.50621      188.90     0.31881E-02  1236.8     -1236.8      1749.0    
     3    49 0.11682     -.27257     -.27257      176.42      4613.4     -2787.7     -2787.7      6068.5    
     3    50 0.15576     -.23363     -.31151      184.38      4239.7     -3220.7     -1881.4      5646.9    
     3    51 0.19469     -.19469     -.35045      188.20      3419.1     -3419.1     -841.01      4907.9    
     3    52 0.23363     -.15576     -.38939      188.15      2082.4     -2797.5      112.59      3489.3    
     3    53 0.27257     -.11682     -.42833      185.32     -.27989E-01 -774.05      774.08      1094.7    
     3    54 0.19469     -.27257     -.27257      194.39      3815.6     -2396.7     -2396.8      5103.7    
     3    55 0.23363     -.23363     -.31151      199.40      2612.4     -2612.3     -894.26      3801.1    
     3    56 0.27257     -.19469     -.35045      197.31     -.25455E-01 -1530.0      1530.0      2163.8    
     3    57 0.27257     -.27257     -.27257      204.26      0.0000     0.89228E-09 -.89228E-09 0.12619E-08
     3    58 -.11682     -.19469     -.27257      162.70     -4537.5     -3735.5     -3157.7      6671.9    
     3    59 -.77878E-01 -.15576     -.31151      154.60     -2966.2     -2742.3     -3835.5      5570.4    
     3    60 -.38939E-01 -.11682     -.35045      157.31     -563.61     -631.29     -5490.2      5555.0    
     3    61  0.0000     -.77878E-01 -.38939      169.42     -.29595E-02  480.75     -6222.8      6241.3    
     3    62 0.38939E-01 -.38939E-01 -.42833      182.98     -562.30      562.30     -6093.3      6145.0    
     3    63 0.77878E-01  0.0000     -.46727      193.63     -1406.5     -.10890E-03 -5455.2      5633.6    
     3    64 -.38939E-01 -.19469     -.27257      146.39     -2686.1     -3175.4     -4021.3      5785.2    
     3    65  0.0000     -.15576     -.31151      147.89     0.12975E-01 -1833.2     -4991.2      5317.2    
     3    66 0.38939E-01 -.11682     -.35045      157.31      563.60     -631.30     -5490.2      5555.1    
     3    67 0.77878E-01 -.77878E-01 -.38939      168.85     -135.62      135.62     -5518.6      5521.9    
     3    68 0.11682     -.38939E-01 -.42833      179.40     -938.61      338.14     -5145.5      5241.3    
     3    69 0.15576      0.0000     -.46727      187.20     -1413.2     0.20734E-02 -4363.8      4587.0    
     3    70 0.19469     0.38939E-01 -.50621      191.64     -1414.6     -513.07     -3257.1      3587.9    
     3    71 0.23363     0.77878E-01 -.54514      189.56     -2085.7     -1845.6     0.78916E-02  2785.0    
     3    72 0.27257     0.11682     -.58408      181.68     -1634.3     -2117.1     -610.30      2743.3    
     3    73 0.38939E-01 -.19469     -.27257      146.39      2686.1     -3175.4     -4021.3      5785.2    
     3    74 0.77878E-01 -.15576     -.31151      154.60      2966.2     -2742.3     -3835.5      5570.4    
     3    75 0.11682     -.11682     -.35045      162.60      2039.5     -2039.5     -3684.3      4679.0    
     3    76 0.15576     -.77878E-01 -.38939      170.07      922.59     -1050.9     -3723.9      3977.8    
     3    77 0.19469     -.38939E-01 -.42833      177.44      225.01     -290.12     -3561.3      3580.2    
     3    78 0.23363      0.0000     -.46727      184.36      259.34     0.89268E-03 -2887.5      2899.1    
     3    79 0.27257     0.38939E-01 -.50621      188.90     0.10088E-02 -1236.7     -1236.8      1749.0    
     3    80 0.11682     -.19469     -.27257      162.70      4537.5     -3735.6     -3157.7      6671.9    
     3    81 0.15576     -.15576     -.31151      169.36      3845.8     -3845.8     -2476.1      5975.9    
     3    82 0.19469     -.11682     -.35045      173.36      2952.8     -3451.8     -2063.6      4989.2    
     3    83 0.23363     -.77878E-01 -.38939      176.67      2083.6     -2305.9     -2063.6      3730.6    
     3    84 0.27257     -.38939E-01 -.42833      181.68      1634.4     -610.32     -2117.2      2743.3    
     3    85 0.19469     -.19469     -.27257      180.78      3997.8     -3997.9     -2705.1      6267.6    
     3    86 0.23363     -.15576     -.31151      184.38      3220.7     -4239.6     -1881.4      5646.9    
     3    87 0.27257     -.11682     -.35045      184.83      2244.8     -3690.3     -1152.4      4470.6    
     3    88 0.27257     -.19469     -.27257      194.39      2396.7     -3815.7     -2396.7      5103.7    
     3    89 0.38939E-01 -.11682     -.27257      134.33      1835.3     -2512.0     -5607.4      6412.6    
     3    90 0.77878E-01 -.77878E-01 -.31151      145.57      1500.0     -1500.0     -5698.2      6080.3    
     3    91 0.11682     -.38939E-01 -.35045      157.31      631.32     -563.60     -5490.2      5555.0    
     3    92 0.15576      0.0000     -.38939      168.18      100.27     0.27128E-02 -4793.7      4794.7    
     3    93 0.11682     -.11682     -.27257      146.78      3754.0     -3754.0     -4086.2      6699.5    
     3    94 0.15576     -.77878E-01 -.31151      154.60      2742.3     -2966.2     -3835.4      5570.4    
     3    95 0.19469     -.38939E-01 -.35045      162.36      1834.6     -1532.9     -3734.6      4434.3    
     3    96 0.23363      0.0000     -.38939      171.57      1576.6     -.86026E-02 -3281.0      3640.2    
     3    97 0.27257     0.38939E-01 -.42833      181.68      1634.3      610.28     -2117.2      2743.4    
     3    98 0.19469     -.11682     -.27257      162.70      3735.6     -4537.6     -3157.7      6672.0    
     3    99 0.23363     -.77878E-01 -.31151      166.82      2992.7     -3875.3     -2763.2      5622.3    
     3   100 0.27257     -.38939E-01 -.35045      171.71      2519.9     -2068.6     -2692.8      4228.5    
     3   101 0.27257     -.11682     -.27257      176.42      2787.6     -4613.4     -2787.6      6068.4    
     3   102 0.19469     -.38939E-01 -.27257      146.39      3175.2     -2686.1     -4021.2      5785.1    
     3   103 0.23363      0.0000     -.31151      157.37      2665.1     -.25721E-01 -3571.9      4456.6    
     3   104 0.27257     -.38939E-01 -.27257      159.60      3124.6     -2815.1     -3124.6      5239.4    
     4     1 -.27257     -.27257     -.27257      217.96     0.89228E-09 0.89228E-09  0.0000     0.12619E-08
     4     2 -.23363     -.23363     -.31151      218.62      1394.7      1394.7      2324.2      3048.3    
     4     3 -.19469     -.19469     -.35045      219.61      1787.8      1787.8      3040.6      3954.5    
     4     4 -.15576     -.15576     -.38939      221.07      2030.2      2030.2      3141.7      4256.0    
     4     5 -.11682     -.11682     -.42833      223.38      2184.6      2184.6      3117.8      4389.3    
     4     6 -.77878E-01 -.77878E-01 -.46727      225.74      2085.6      2085.6      3325.5      4445.1    
     4     7 -.38939E-01 -.38939E-01 -.50621      225.68      1409.0      1409.0      4107.0      4564.9    
     4     8  0.0000      0.0000     -.54514      219.23      0.0000      0.0000      0.0000      0.0000    
     4     9 -.19469     -.27257     -.27257      222.32      1217.2      2567.0      2567.0      3828.9    
     4    10 -.15576     -.23363     -.31151      224.06      964.68      2658.2      3002.4      4124.4    
     4    11 -.11682     -.19469     -.35045      225.40      928.98      2842.8      3016.4      4247.7    
     4    12 -.77878E-01 -.15576     -.38939      227.32      928.11      3001.7      2850.1      4242.0    
     4    13 -.38939E-01 -.11682     -.42833      229.55      723.84      3015.2      2791.2      4172.1    
     4    14  0.0000     -.77878E-01 -.46727      230.33     0.89228E-09  2710.4      3253.2      4234.3    
     4    15 0.38939E-01 -.38939E-01 -.50621      225.68     -1409.0      1409.0      4107.1      4564.9    
     4    16 0.77878E-01  0.0000     -.54514      214.25     -2143.8     0.54830E-03 0.10219E-02  2143.8    
     4    17 0.11682     0.38939E-01 -.58408      216.35     -2797.4     -922.66     -3633.7      4677.7    
     4    18 0.15576     0.77878E-01 -.62302      214.97     -2886.3     -1277.2     -3156.6      4463.9    
     4    19 0.19469     0.11682     -.66196      212.98     -2584.9     -1132.8     -2943.2      4077.7    
     4    20 0.23363     0.15576     -.70090      212.20     -1812.5     -576.23     -2501.4      3142.4    
     4    21 0.27257     0.19469     -.73984      213.97     0.19722E-01  857.55     -857.55      1212.8    
     4    22 -.11682     -.27257     -.27257      225.65      412.37      3051.5      3051.4      4335.1    
     4    23 -.77878E-01 -.23363     -.31151      226.39      240.58      3223.3      3057.5      4449.2    
     4    24 -.38939E-01 -.19469     -.35045      227.54      194.21      3341.1      2834.4      4385.7    
     4    25  0.0000     -.15576     -.38939      229.07     -.89228E-09  3302.2      2626.2      4219.2    
     4    26 0.38939E-01 -.11682     -.42833      229.55     -723.84      3015.2      2791.3      4172.1    
     4    27 0.77878E-01 -.77878E-01 -.46727      225.74     -2085.6      2085.6      3325.5      4445.1    
     4    28 0.11682     -.38939E-01 -.50621      216.35     -2797.4      922.64      3633.7      4677.7    
     4    29 0.15576      0.0000     -.54514      203.92     -2575.8     -.14338E-01 0.92800E-02  2575.8    
     4    30 0.19469     0.38939E-01 -.58408      204.69     -2559.6     -487.74     -2877.8      3882.1    
     4    31 0.23363     0.77878E-01 -.62302      204.28     -1834.7     -254.84     -2130.9      2823.4    
     4    32 0.27257     0.11682     -.66196      206.04     0.22330E-01  954.10     -954.08      1349.3    
     4    33 -.38939E-01 -.27257     -.27257      226.40      39.288      3259.1      3259.1      4609.2    
     4    34  0.0000     -.23363     -.31151      226.77      0.0000      3393.1      3070.2      4575.9    
     4    35 0.38939E-01 -.19469     -.35045      227.54     -194.21      3341.1      2834.5      4385.8    
     4    36 0.77878E-01 -.15576     -.38939      227.32     -928.11      3001.8      2850.1      4242.1    
     4    37 0.11682     -.11682     -.42833      223.38     -2184.6      2184.6      3117.8      4389.3    
     4    38 0.15576     -.77878E-01 -.46727      214.97     -2886.3      1277.2      3156.5      4463.8    
     4    39 0.19469     -.38939E-01 -.50621      204.69     -2559.6      487.72      2877.8      3882.1    
     4    40 0.23363      0.0000     -.54514      195.38     -1246.0     -.37791E-02 -.38407E-02  1246.0    
     4    41 0.27257     0.38939E-01 -.58408      198.46     -.21613E-02  961.29     -961.28      1359.5    
     4    42 0.38939E-01 -.27257     -.27257      226.40     -39.288      3259.1      3259.1      4609.2    
     4    43 0.77878E-01 -.23363     -.31151      226.39     -240.58      3223.3      3057.5      4449.2    
     4    44 0.11682     -.19469     -.35045      225.40     -928.98      2842.8      3016.4      4247.7    
     4    45 0.15576     -.15576     -.38939      221.07     -2030.2      2030.1      3141.7      4256.0    
     4    46 0.19469     -.11682     -.42833      212.98     -2584.9      1132.8      2943.2      4077.6    
     4    47 0.23363     -.77878E-01 -.46727      204.28     -1834.7      254.84      2130.9      2823.4    
     4    48 0.27257     -.38939E-01 -.50621      198.46     -.21613E-02 -961.32      961.31      1359.5    
     4    49 0.11682     -.27257     -.27257      225.65     -412.37      3051.5      3051.5      4335.1    
     4    50 0.15576     -.23363     -.31151      224.06     -964.68      2658.2      3002.4      4124.4    
     4    51 0.19469     -.19469     -.35045      219.61     -1787.8      1787.8      3040.6      3954.5    
     4    52 0.23363     -.15576     -.38939      212.20     -1812.5      576.22      2501.4      3142.3    
     4    53 0.27257     -.11682     -.42833      206.04     0.22330E-01 -954.13      954.10      1349.3    
     4    54 0.19469     -.27257     -.27257      222.32     -1217.2      2567.0      2567.1      3829.0    
     4    55 0.23363     -.23363     -.31151      218.62     -1394.7      1394.6      2324.3      3048.4    
     4    56 0.27257     -.19469     -.35045      213.97     0.19722E-01 -857.54      857.56      1212.8    
     4    57 0.27257     -.27257     -.27257      217.96     -.89228E-09 0.89228E-09  0.0000     0.12619E-08
     4    58 -.11682     -.19469     -.27257      237.51      871.94      2583.7      2786.2      3898.6    
     4    59 -.77878E-01 -.15576     -.31151      238.81      677.62      2675.2      2722.9      3876.9    
     4    60 -.38939E-01 -.11682     -.35045      240.15      430.20      2656.8      2440.3      3633.0    
     4    61  0.0000     -.77878E-01 -.38939      241.29     0.21461E-02  2525.6      2186.9      3340.8    
     4    62 0.38939E-01 -.38939E-01 -.42833      239.79     -1659.5      1659.5      2642.7      3534.4    
     4    63 0.77878E-01  0.0000     -.46727      230.33     -2710.3     0.14803E-02  3253.2      4234.3    
     4    64 -.38939E-01 -.19469     -.27257      239.54      191.09      2980.7      2918.8      4176.2    
     4    65  0.0000     -.15576     -.31151      240.01     -.22649E-01  2898.4      2696.9      3959.0    
     4    66 0.38939E-01 -.11682     -.35045      240.15     -430.19      2656.9      2440.3      3633.0    
     4    67 0.77878E-01 -.77878E-01 -.38939      237.74     -1838.1      1838.1      2545.8      3638.4    
     4    68 0.11682     -.38939E-01 -.42833      229.55     -3015.1      723.85      2791.3      4172.1    
     4    69 0.15576      0.0000     -.46727      217.68     -3257.7     -.14405E-01  2978.7      4414.2    
     4    70 0.19469     0.38939E-01 -.50621      204.69     -2559.6     -487.73      2877.8      3882.1    
     4    71 0.23363     0.77878E-01 -.54514      198.43      315.55      690.59     -.35107E-02  759.26    
     4    72 0.27257     0.11682     -.58408      204.17      2147.7      1794.8     -147.26      2802.8    
     4    73 0.38939E-01 -.19469     -.27257      239.54     -191.09      2980.7      2918.8      4176.2    
     4    74 0.77878E-01 -.15576     -.31151      238.81     -677.66      2675.2      2722.9      3876.9    
     4    75 0.11682     -.11682     -.35045      235.48     -1884.0      1884.0      2760.1      3836.3    
     4    76 0.15576     -.77878E-01 -.38939      227.32     -3001.8      928.11      2850.0      4242.0    
     4    77 0.19469     -.38939E-01 -.42833      216.16     -3305.2      373.68      2706.5      4288.3    
     4    78 0.23363      0.0000     -.46727      204.98     -2622.7     -.35586E-02  2273.0      3470.6    
     4    79 0.27257     0.38939E-01 -.50621      198.46     0.48595E-03  961.30      961.33      1359.5    
     4    80 0.11682     -.19469     -.27257      237.51     -871.97      2583.7      2786.3      3898.6    
     4    81 0.15576     -.15576     -.31151      233.63     -1847.4      1847.4      2882.6      3890.4    
     4    82 0.19469     -.11682     -.35045      225.40     -2842.8      929.02      3016.4      4247.7    
     4    83 0.23363     -.77878E-01 -.38939      214.33     -3073.0      325.36      2709.8      4110.0    
     4    84 0.27257     -.38939E-01 -.42833      204.17     -2147.7     -147.24      1794.9      2802.8    
     4    85 0.19469     -.19469     -.27257      231.83     -1888.6      1888.6      2734.6      3822.5    
     4    86 0.23363     -.15576     -.31151      224.06     -2658.2      964.68      3002.4      4124.4    
     4    87 0.27257     -.11682     -.35045      213.52     -2595.2      110.19      2599.9      3675.1    
     4    88 0.27257     -.19469     -.27257      222.32     -2567.0      1217.3      2567.0      3829.0    
     4    89 0.38939E-01 -.11682     -.27257      250.26     -380.28      2125.7      2451.8      3267.2    
     4    90 0.77878E-01 -.77878E-01 -.31151      247.57     -1402.1      1402.1      2286.1      3026.3    
     4    91 0.11682     -.38939E-01 -.35045      240.15     -2656.9      430.19      2440.3      3633.1    
     4    92 0.15576      0.0000     -.38939      229.07     -3302.3     0.43988E-02  2626.1      4219.2    
     4    93 0.11682     -.11682     -.27257      246.31     -1587.8      1587.8      2470.1      3338.2    
     4    94 0.15576     -.77878E-01 -.31151      238.81     -2675.2      677.70      2722.9      3876.8    
     4    95 0.19469     -.38939E-01 -.35045      227.54     -3341.1      194.16      2834.5      4385.8    
     4    96 0.23363      0.0000     -.38939      214.93     -3371.9     0.88421E-02  2615.2      4267.2    
     4    97 0.27257     0.38939E-01 -.42833      204.17     -2147.7      147.27      1794.9      2802.8    
     4    98 0.19469     -.11682     -.27257      237.51     -2583.7      871.98      2786.2      3898.6    
     4    99 0.23363     -.77878E-01 -.31151      226.39     -3223.3      240.56      3057.4      4449.2    
     4   100 0.27257     -.38939E-01 -.35045      213.65     -3187.5     -15.314      2777.5      4227.9    
     4   101 0.27257     -.11682     -.27257      225.65     -3051.4      412.38      3051.4      4335.0    
     4   102 0.19469     -.38939E-01 -.27257      239.54     -2980.6      191.07      2918.8      4176.1    
     4   103 0.23363      0.0000     -.31151      226.77     -3393.0     0.22283E-01  3070.2      4575.9    
     4   104 0.27257     -.38939E-01 -.27257      226.40     -3259.0      39.312      3259.0      4609.1    
     5     1 -.27257     -.27257     -.27257      261.61      0.0000     0.17846E-08  0.0000     0.17846E-08
     5     2 -.23363     -.23363     -.31151      260.50     -288.50     -288.50      474.73      625.96    
     5     3 -.19469     -.19469     -.35045      257.48     -493.16     -493.16      811.59      1070.1    
     5     4 -.15576     -.15576     -.38939      253.44     -551.57     -551.57      903.22      1193.4    
     5     5 -.11682     -.11682     -.42833      249.57     -461.49     -461.49      744.10      989.76    
     5     6 -.77878E-01 -.77878E-01 -.46727      246.74     -295.02     -295.02      463.03      623.28    
     5     7 -.38939E-01 -.38939E-01 -.50621      245.18     -133.77     -133.77      203.64      277.95    
     5     8  0.0000      0.0000     -.54514      244.71      0.0000     -.17846E-08  0.0000     0.17846E-08
     5     9 -.19469     -.27257     -.27257      261.32     -137.49      412.78      412.74      599.70    
     5    10 -.15576     -.23363     -.31151      259.45     -156.02     -283.59      877.07      934.89    
     5    11 -.11682     -.19469     -.35045      256.23     -24.611     -637.53      1064.0      1240.6    
     5    12 -.77878E-01 -.15576     -.38939      252.67      261.92     -858.33      1032.3      1367.8    
     5    13 -.38939E-01 -.11682     -.42833      249.76      556.57     -943.33      782.00      1345.8    
     5    14  0.0000     -.77878E-01 -.46727      247.56     -.89228E-09 -884.52      391.14      967.15    
     5    15 0.38939E-01 -.38939E-01 -.50621      245.18      133.77     -133.77      203.65      277.95    
     5    16 0.77878E-01  0.0000     -.54514      247.04      908.75     0.26479E-01 0.33306E-01  908.75    
     5    17 0.11682     0.38939E-01 -.58408      247.54      799.92     -549.91     -273.99      1008.6    
     5    18 0.15576     0.77878E-01 -.62302      249.31      765.79     -144.81     -565.68      963.02    
     5    19 0.19469     0.11682     -.66196      252.34      708.72      216.96     -770.68      1069.3    
     5    20 0.23363     0.15576     -.70090      255.97      479.14      463.62     -767.35      1016.5    
     5    21 0.27257     0.19469     -.73984      258.98     -.12609E-01  556.59     -556.61      787.15    
     5    22 -.11682     -.27257     -.27257      260.58     -195.72      758.75      758.74      1090.7    
     5    23 -.77878E-01 -.23363     -.31151      259.30      51.288      184.59      1091.6      1108.3    
     5    24 -.38939E-01 -.19469     -.35045      257.36      513.98     -384.61      1123.2      1293.7    
     5    25  0.0000     -.15576     -.38939      254.68     -.89228E-09 -1170.2      838.21      1439.4    
     5    26 0.38939E-01 -.11682     -.42833      249.76     -556.57     -943.29      782.08      1345.8    
     5    27 0.77878E-01 -.77878E-01 -.46727      246.74      295.02     -295.03      463.03      623.28    
     5    28 0.11682     -.38939E-01 -.50621      247.54      799.92      549.86      273.95      1008.6    
     5    29 0.15576      0.0000     -.54514      250.67      745.60     -.43985E-01 0.45692E-01  745.60    
     5    30 0.19469     0.38939E-01 -.58408      250.59      585.25     -574.89     -298.59      873.03    
     5    31 0.23363     0.77878E-01 -.62302      251.92      388.32      32.751     -507.44      639.82    
     5    32 0.27257     0.11682     -.66196      254.08     0.11715E-01  529.86     -529.89      749.35    
     5    33 -.38939E-01 -.27257     -.27257      259.92     -96.800      963.02      963.03      1365.4    
     5    34  0.0000     -.23363     -.31151      259.49      0.0000      796.96      1119.7      1374.4    
     5    35 0.38939E-01 -.19469     -.35045      257.36     -513.98     -384.58      1123.2      1293.7    
     5    36 0.77878E-01 -.15576     -.38939      252.67     -261.92     -858.21      1032.3      1367.7    
     5    37 0.11682     -.11682     -.42833      249.57      461.49     -461.50      744.19      989.84    
     5    38 0.15576     -.77878E-01 -.46727      249.31      765.79      144.73      565.63      962.98    
     5    39 0.19469     -.38939E-01 -.50621      250.59      585.25      574.86      298.55      872.99    
     5    40 0.23363      0.0000     -.54514      252.80      264.34     -.16137E-01 -.16117E-01  264.34    
     5    41 0.27257     0.38939E-01 -.58408      251.88     -.39257E-02 -86.390      86.397      122.18    
     5    42 0.38939E-01 -.27257     -.27257      259.92      96.800      963.05      963.05      1365.4    
     5    43 0.77878E-01 -.23363     -.31151      259.30     -51.288      184.61      1091.7      1108.4    
     5    44 0.11682     -.19469     -.35045      256.23      24.611     -637.67      1064.0      1240.7    
     5    45 0.15576     -.15576     -.38939      253.44      551.57     -551.68      903.17      1193.4    
     5    46 0.19469     -.11682     -.42833      252.34      708.72     -217.06      770.69      1069.3    
     5    47 0.23363     -.77878E-01 -.46727      251.92      388.32     -32.713      507.41      639.79    
     5    48 0.27257     -.38939E-01 -.50621      251.88     -.39257E-02  86.360     -86.355      122.13    
     5    49 0.11682     -.27257     -.27257      260.58      195.72      758.76      758.76      1090.8    
     5    50 0.15576     -.23363     -.31151      259.45      156.02     -283.64      877.11      934.95    
     5    51 0.19469     -.19469     -.35045      257.48      493.16     -493.13      811.61      1070.1    
     5    52 0.23363     -.15576     -.38939      255.97      479.14     -463.65      767.29      1016.5    
     5    53 0.27257     -.11682     -.42833      254.08     0.11715E-01 -529.94      529.95      749.46    
     5    54 0.19469     -.27257     -.27257      261.32      137.49      412.80      412.77      599.73    
     5    55 0.23363     -.23363     -.31151      260.50      288.50     -288.39      474.53      625.76    
     5    56 0.27257     -.19469     -.35045      258.98     -.12609E-01 -556.61      556.59      787.15    
     5    57 0.27257     -.27257     -.27257      261.61      0.0000     0.17846E-08 0.17846E-08 0.25237E-08
     5    58 -.11682     -.19469     -.27257      260.70      88.821     -367.01      1040.3      1106.8    
     5    59 -.77878E-01 -.15576     -.31151      257.48      245.52     -715.94      1250.2      1461.4    
     5    60 -.38939E-01 -.11682     -.35045      253.87      383.92     -923.47      1192.9      1556.7    
     5    61  0.0000     -.77878E-01 -.38939      250.30     0.24037E-02 -843.61      945.77      1267.3    
     5    62 0.38939E-01 -.38939E-01 -.42833      247.00      155.08     -155.11      704.70      738.05    
     5    63 0.77878E-01  0.0000     -.46727      247.56      884.61     -.63040E-02  391.12      967.22    
     5    64 -.38939E-01 -.19469     -.27257      261.48      209.70     -417.68      801.43      927.75    
     5    65  0.0000     -.15576     -.31151      258.57     -.64031E-01 -852.21      1018.8      1328.2    
     5    66 0.38939E-01 -.11682     -.35045      253.87     -383.99     -923.45      1193.0      1556.7    
     5    67 0.77878E-01 -.77878E-01 -.38939      249.77      315.20     -315.15      1018.2      1111.5    
     5    68 0.11682     -.38939E-01 -.42833      249.76      943.44      556.60      782.12      1346.0    
     5    69 0.15576      0.0000     -.46727      251.83      1062.5     0.28576E-01  517.86      1182.0    
     5    70 0.19469     0.38939E-01 -.50621      250.59      585.25     -574.91      298.55      873.02    
     5    71 0.23363     0.77878E-01 -.54514      250.87      565.95     -14.915     0.14231E-01  566.15    
     5    72 0.27257     0.11682     -.58408      252.70      455.31      519.95     -153.44      707.95    
     5    73 0.38939E-01 -.19469     -.27257      261.48     -209.67     -417.59      801.40      927.68    
     5    74 0.77878E-01 -.15576     -.31151      257.48     -245.65     -715.89      1250.1      1461.4    
     5    75 0.11682     -.11682     -.35045      253.64      404.53     -404.41      1210.1      1338.5    
     5    76 0.15576     -.77878E-01 -.38939      252.67      858.24      261.85      1032.1      1367.6    
     5    77 0.19469     -.38939E-01 -.42833      253.05      414.63      524.51      872.70      1099.4    
     5    78 0.23363      0.0000     -.46727      252.48     -179.06     -.35359E-02  307.88      356.16    
     5    79 0.27257     0.38939E-01 -.50621      251.88     -.19965E-01 -86.396     -86.366      122.16    
     5    80 0.11682     -.19469     -.27257      260.70     -88.829     -366.95      1040.4      1106.8    
     5    81 0.15576     -.15576     -.31151      257.74      352.86     -352.84      1144.8      1248.8    
     5    82 0.19469     -.11682     -.35045      256.23      637.61     -24.453      1063.9      1240.6    
     5    83 0.23363     -.77878E-01 -.38939      254.98      59.798     -28.607      940.32      942.65    
     5    84 0.27257     -.38939E-01 -.42833      252.70     -455.31     -153.44      519.94      707.95    
     5    85 0.19469     -.19469     -.27257      260.91      158.40     -158.39      823.20      853.14    
     5    86 0.23363     -.15576     -.31151      259.45      283.62     -155.99      877.17      934.99    
     5    87 0.27257     -.11682     -.35045      257.00     -366.11     -389.46      847.55      1002.0    
     5    88 0.27257     -.19469     -.27257      261.32     -412.77     -137.56      412.76      599.73    
     5    89 0.38939E-01 -.11682     -.27257      259.45     -161.18     -482.93      1471.7      1557.3    
     5    90 0.77878E-01 -.77878E-01 -.31151      255.15      242.66     -242.72      1563.9      1601.1    
     5    91 0.11682     -.38939E-01 -.35045      253.87      923.45      383.98      1193.0      1556.7    
     5    92 0.15576      0.0000     -.38939      254.68      1170.2     0.38861E-01  838.16      1439.4    
     5    93 0.11682     -.11682     -.27257      259.33      196.48     -196.39      1503.0      1528.4    
     5    94 0.15576     -.77878E-01 -.31151      257.48      715.83      245.58      1250.1      1461.4    
     5    95 0.19469     -.38939E-01 -.35045      257.36      384.59      513.99      1123.2      1293.7    
     5    96 0.23363      0.0000     -.38939      255.14     -526.87     -.73683E-02  918.63      1059.0    
     5    97 0.27257     0.38939E-01 -.42833      252.70     -455.28      153.49      519.94      707.94    
     5    98 0.19469     -.11682     -.27257      260.70      367.00      88.852      1040.4      1106.8    
     5    99 0.23363     -.77878E-01 -.31151      259.30     -184.65      51.307      1091.7      1108.4    
     5   100 0.27257     -.38939E-01 -.35045      255.85     -730.51     -151.05      940.35      1200.3    
     5   101 0.27257     -.11682     -.27257      260.58     -758.77     -195.76      758.73      1090.7    
     5   102 0.19469     -.38939E-01 -.27257      261.48      417.60      209.67      801.36      927.65    
     5   103 0.23363      0.0000     -.31151      259.49     -796.94     0.51787E-02  1119.8      1374.4    
     5   104 0.27257     -.38939E-01 -.27257      259.92     -962.99     -96.820      963.02      1365.3    
     6     1 -.27257     -.27257     -.27257      261.61      0.0000     0.35691E-08  0.0000     0.35691E-08
     6     2 -.23363     -.23363     -.31151      262.06      182.97      182.97      16.939      259.32    
     6     3 -.19469     -.19469     -.35045      262.55      73.164      73.164      139.81      173.93    
     6     4 -.15576     -.15576     -.38939      261.68     -282.98     -282.98      356.94      536.24    
     6     5 -.11682     -.11682     -.42833      258.59     -731.31     -731.31      597.73      1194.5    
     6     6 -.77878E-01 -.77878E-01 -.46727      253.33     -1115.0     -1115.0      693.47      1722.6    
     6     7 -.38939E-01 -.38939E-01 -.50621      247.42     -1040.0     -1040.0      362.45      1514.8    
     6     8  0.0000      0.0000     -.54514      244.71     0.89228E-09 0.89228E-09 -.17846E-08 0.21856E-08
     6     9 -.19469     -.27257     -.27257      261.75      75.504      3.6397      3.6363      75.679    
     6    10 -.15576     -.23363     -.31151      262.46     -8.7561      327.47      136.44      354.87    
     6    11 -.11682     -.19469     -.35045      261.99     -350.31      108.94      460.41      588.70    
     6    12 -.77878E-01 -.15576     -.38939      259.42     -777.23     -231.38      784.53      1128.3    
     6    13 -.38939E-01 -.11682     -.42833      254.69     -1025.8     -638.38      1038.5      1593.2    
     6    14  0.0000     -.77878E-01 -.46727      249.21     0.89228E-09 -1010.0      967.97      1398.9    
     6    15 0.38939E-01 -.38939E-01 -.50621      247.42      1040.0     -1040.0      362.45      1514.8    
     6    16 0.77878E-01  0.0000     -.54514      247.04      908.75     0.26454E-01 0.33266E-01  908.75    
     6    17 0.11682     0.38939E-01 -.58408      251.84      944.40      1315.7     -336.30      1654.1    
     6    18 0.15576     0.77878E-01 -.62302      256.92      583.15      1168.9     -410.94      1369.4    
     6    19 0.19469     0.11682     -.66196      260.42      172.35      735.15     -286.76      807.70    
     6    20 0.23363     0.15576     -.70090      261.90     -90.228      264.08     -117.80      302.92    
     6    21 0.27257     0.19469     -.73984      262.02     -.27484E-01 -22.522      22.489      31.828    
     6    22 -.11682     -.27257     -.27257      262.26      157.33     -31.803     -31.811      163.63    
     6    23 -.77878E-01 -.23363     -.31151      262.11     -126.23     -58.435      336.68      364.28    
     6    24 -.38939E-01 -.19469     -.35045      259.88     -617.61     -148.99      826.12      1042.2    
     6    25  0.0000     -.15576     -.38939      256.41     -.17846E-08  45.077      1292.5      1293.3    
     6    26 0.38939E-01 -.11682     -.42833      254.69      1025.8     -638.37      1038.5      1593.2    
     6    27 0.77878E-01 -.77878E-01 -.46727      253.33      1115.0     -1115.0      693.45      1722.6    
     6    28 0.11682     -.38939E-01 -.50621      251.84      944.40     -1315.7      336.27      1654.1    
     6    29 0.15576      0.0000     -.54514      250.67      745.60     -.43892E-01 0.45784E-01  745.60    
     6    30 0.19469     0.38939E-01 -.58408      254.71      434.76      1218.8     -283.69      1324.7    
     6    31 0.23363     0.77878E-01 -.62302      258.27      117.74      906.40     -416.79      1004.6    
     6    32 0.27257     0.11682     -.66196      260.59     -.62385E-02  416.82     -416.85      589.50    
     6    33 -.38939E-01 -.27257     -.27257      262.82      85.381     -62.182     -62.179      122.57    
     6    34  0.0000     -.23363     -.31151      261.77     0.17846E-08 -614.83      459.92      767.82    
     6    35 0.38939E-01 -.19469     -.35045      259.88      617.61     -148.97      826.11      1042.2    
     6    36 0.77878E-01 -.15576     -.38939      259.42      777.23     -231.35      784.53      1128.3    
     6    37 0.11682     -.11682     -.42833      258.59      731.31     -731.30      597.77      1194.5    
     6    38 0.15576     -.77878E-01 -.46727      256.92      583.15     -1168.9      410.90      1369.4    
     6    39 0.19469     -.38939E-01 -.50621      254.71      434.76     -1218.8      283.65      1324.7    
     6    40 0.23363      0.0000     -.54514      252.80      264.35     -.16133E-01 -.16177E-01  264.35    
     6    41 0.27257     0.38939E-01 -.58408      255.56     -.17040E-02  685.77     -685.77      969.83    
     6    42 0.38939E-01 -.27257     -.27257      262.82     -85.381     -62.138     -62.153      122.53    
     6    43 0.77878E-01 -.23363     -.31151      262.11      126.23     -58.453      336.75      364.35    
     6    44 0.11682     -.19469     -.35045      261.99      350.31      108.91      460.42      588.70    
     6    45 0.15576     -.15576     -.38939      261.68      282.98     -282.99      356.91      536.24    
     6    46 0.19469     -.11682     -.42833      260.42      172.35     -735.16      286.78      807.72    
     6    47 0.23363     -.77878E-01 -.46727      258.27      117.74     -906.42      416.76      1004.6    
     6    48 0.27257     -.38939E-01 -.50621      255.56     -.17040E-02 -685.78      685.79      969.84    
     6    49 0.11682     -.27257     -.27257      262.26     -157.33     -31.752     -31.755      163.61    
     6    50 0.15576     -.23363     -.31151      262.46      8.7561      327.50      136.41      354.88    
     6    51 0.19469     -.19469     -.35045      262.55     -73.164      73.150      139.79      173.91    
     6    52 0.23363     -.15576     -.38939      261.90     -90.228     -264.08      117.82      302.92    
     6    53 0.27257     -.11682     -.42833      260.59     -.62385E-02 -416.85      416.87      589.53    
     6    54 0.19469     -.27257     -.27257      261.75     -75.504      3.6094      3.6248      75.677    
     6    55 0.23363     -.23363     -.31151      262.06     -182.97      182.96      16.869      259.31    
     6    56 0.27257     -.19469     -.35045      262.02     -.27484E-01  22.492     -22.519      31.828    
     6    57 0.27257     -.27257     -.27257      261.61      0.0000     0.17846E-08  0.0000     0.17846E-08
     6    58 -.11682     -.19469     -.27257      264.09      17.312      592.60      540.43      802.21    
     6    59 -.77878E-01 -.15576     -.31151      263.16     -283.83      280.83      982.66      1060.7    
     6    60 -.38939E-01 -.11682     -.35045      260.04     -465.60     -77.062      1460.7      1535.1    
     6    61  0.0000     -.77878E-01 -.38939      255.21     -.64021E-02 -646.91      1837.0      1947.6    
     6    62 0.38939E-01 -.38939E-01 -.42833      250.97      1080.7     -1080.7      1457.8      2112.1    
     6    63 0.77878E-01  0.0000     -.46727      249.21      1010.1     0.16418E-02  967.94      1399.0    
     6    64 -.38939E-01 -.19469     -.27257      263.70     -145.12      711.88      1018.7      1251.3    
     6    65  0.0000     -.15576     -.31151      262.13     -.58144E-02  445.61      1396.4      1465.8    
     6    66 0.38939E-01 -.11682     -.35045      260.04      465.59     -77.047      1460.7      1535.1    
     6    67 0.77878E-01 -.77878E-01 -.38939      257.59      666.26     -666.28      1317.4      1619.7    
     6    68 0.11682     -.38939E-01 -.42833      254.69      638.42     -1025.8      1038.6      1593.2    
     6    69 0.15576      0.0000     -.46727      252.12      380.61     0.11006E-01  717.40      812.12    
     6    70 0.19469     0.38939E-01 -.50621      254.71      434.77      1218.7      283.64      1324.7    
     6    71 0.23363     0.77878E-01 -.54514      257.32     -73.180      1174.5     0.41483E-02  1176.8    
     6    72 0.27257     0.11682     -.58408      259.12     -452.48      875.46     -222.98      1010.4    
     6    73 0.38939E-01 -.19469     -.27257      263.70      145.12      711.85      1018.7      1251.3    
     6    74 0.77878E-01 -.15576     -.31151      263.16      283.83      280.88      982.67      1060.7    
     6    75 0.11682     -.11682     -.35045      261.80      256.98     -256.98      919.57      988.78    
     6    76 0.15576     -.77878E-01 -.38939      259.42      231.39     -777.23      784.49      1128.3    
     6    77 0.19469     -.38939E-01 -.42833      256.77      526.43     -915.64      664.75      1248.0    
     6    78 0.23363      0.0000     -.46727      255.63      712.79     -.15894E-01  846.68      1106.8    
     6    79 0.27257     0.38939E-01 -.50621      255.56     -.25368E-02  685.75      685.77      969.81    
     6    80 0.11682     -.19469     -.27257      264.09     -17.321      592.62      540.41      802.21    
     6    81 0.15576     -.15576     -.31151      263.59     -107.58      107.59      538.49      559.57    
     6    82 0.19469     -.11682     -.35045      261.99     -108.91     -350.28      460.42      588.68    
     6    83 0.23363     -.77878E-01 -.38939      260.30      320.76     -439.65      510.29      746.04    
     6    84 0.27257     -.38939E-01 -.42833      259.12      452.46     -223.00      875.50      1010.4    
     6    85 0.19469     -.19469     -.27257      263.36     -335.94      335.94      219.54      523.36    
     6    86 0.23363     -.15576     -.31151      262.46     -327.50     -8.7612      136.40      354.88    
     6    87 0.27257     -.11682     -.35045      262.01      180.22     -9.4044      218.48      283.38    
     6    88 0.27257     -.19469     -.27257      261.75     -3.6866      75.481      3.6221      75.658    
     6    89 0.38939E-01 -.11682     -.27257      266.00      38.041      365.88      1350.0      1399.2    
     6    90 0.77878E-01 -.77878E-01 -.31151      263.53      99.557     -99.540      1459.7      1466.5    
     6    91 0.11682     -.38939E-01 -.35045      260.04      77.024     -465.60      1460.7      1535.1    
     6    92 0.15576      0.0000     -.38939      256.41     -45.103     0.47860E-02  1292.5      1293.3    
     6    93 0.11682     -.11682     -.27257      265.77     -208.61      208.60      942.80      987.88    
     6    94 0.15576     -.77878E-01 -.31151      263.16     -280.86     -283.80      982.66      1060.7    
     6    95 0.19469     -.38939E-01 -.35045      259.88      149.00     -617.60      826.13      1042.2    
     6    96 0.23363      0.0000     -.38939      259.14      897.63     -.15988E-02  787.47      1194.1    
     6    97 0.27257     0.38939E-01 -.42833      259.12      452.50      223.00      875.45      1010.4    
     6    98 0.19469     -.11682     -.27257      264.09     -592.65      17.344      540.44      802.25    
     6    99 0.23363     -.77878E-01 -.31151      262.11      58.436     -126.28      336.77      364.39    
     6   100 0.27257     -.38939E-01 -.35045      262.01      466.13      6.3533      468.42      660.86    
     6   101 0.27257     -.11682     -.27257      262.26      31.819      157.29     -31.734      163.58    
     6   102 0.19469     -.38939E-01 -.27257      263.70     -711.85     -145.13      1018.7      1251.2    
     6   103 0.23363      0.0000     -.31151      261.77      614.81     -.71749E-02  460.02      767.86    
     6   104 0.27257     -.38939E-01 -.27257      262.82      62.128      85.377     -62.122      122.51    
