  # POSITION      TOTAL FORCE 
           1   0.0000000000000000     
     2.881150000       11.50832000       2.943260000        0.4142640000      0.8084700000E-01  -.3330710000    
    0.2248000000E-01   5.809320000      0.4730000000E-02    -.4339970000      -.5172920000      0.1478400000    
    0.1381000000E-01   5.740900000       5.776790000        -.2399420000      0.6367920000      0.1672620000    
     5.785570000       11.45617000       11.51245000        -.3293460000      0.7587010000      0.2704130000    
     5.809200000      0.2712000000E-01   5.737450000        -.6245820000      -.6849300000E-01  0.5333750000    
     5.713400000       5.766320000      0.3066000000E-01    0.3087300000      -.4162650000      -.1355610000    
     5.723980000       5.789800000       5.769660000        0.5426970000      0.2623800000E-01  -.1902360000    
     4.347260000       1.474260000       4.315550000        -.1614970000      -.3536910000      0.2404270000    
     4.317990000       1.484690000       10.13672000        0.2521000000E-01  -.6048520000      -.5490120000    
     4.336270000       7.238850000       4.310710000        -.2693000000E-01  0.1575610000      0.3685390000    
     4.339030000       7.191250000       10.11096000        -.2547040000      -.1172830000      -.1227660000    
     10.07707000       1.435470000       4.332610000        0.3370500000      -.2079100000      -.2042260000    
     10.10929000       1.426970000       10.05878000        -.5861730000      -.5352360000      0.7507480000    
     10.07472000       7.292180000       4.308450000        -.4342100000E-01  -.9676430000      0.1662710000    
    0.4852000000E-01  0.1251000000E-01   5.757940000        -.6143060000      -.3185660000      -.2753800000E-01
     10.10256000       7.185720000       10.09888000        0.2794370000      0.4792950000      -.4681330000    
     11.49295000       2.820530000       8.702340000        0.4791890000       1.060706000      -.5371240000    
    0.4150000000E-02   8.671280000       2.884220000        -.1906400000E-01  -.9191500000E-01  -.3306520000    
    0.2122000000E-01   8.657020000       8.579590000        0.1852200000E-01  -.1097070000      0.8964360000    
     5.776690000       2.855010000       2.885370000        0.1330730000      0.4480710000      -.1483120000    
     5.767900000       2.865030000       8.630570000        0.4326000000E-01  0.3030290000      0.6444500000E-01
     5.771930000       8.622440000       2.870120000        0.1069740000      0.4205450000      -.9876700000E-01
     5.748610000       8.619750000       8.680800000        -.1311070000      0.2583660000      -.1617650000    
     4.300350000       4.271240000       1.440880000        -.4230000000E-02  0.4429950000      0.3870940000    
     4.317600000       4.354990000       7.173440000        -.1201700000E-01  -.4491100000      0.4455460000    
     4.286690000       10.07126000       1.414250000        0.4557730000      0.2300870000      0.6427690000    
     4.300860000       10.04071000       7.191270000        0.5081230000      0.5385660000      0.3428700000E-01
     10.05838000       4.316220000       1.421930000        0.8065310000      -.2765890000      -.4084360000    
     10.04956000       4.340680000       7.243230000        0.4738070000      -.5441080000      -.3536830000    
     11.50288000       2.872400000       2.858610000        0.2435430000      0.3134180000      0.3930810000    
    0.5979000000E-01   11.52376000      0.1261000000E-01    -.8101460000      0.2688000000E-01  0.3628770000    
     7.187600000       10.07151000       10.08455000        0.3882200000      -.5802400000E-01  -.3355370000    
     7.184460000       10.11153000       4.352090000        -.9801600000E-01  -.3092290000      -.5190230000    
     2.869150000      0.9600000000E-03   8.593860000        0.4973400000E-01  0.5501400000E-01  0.6988590000    
     2.914880000       5.831350000       2.921570000        -.2812450000      -.6373190000      -.4938200000    
     2.881140000       5.715990000       8.703500000        0.1941240000      0.4224990000      -.2992650000    
     8.628100000       11.50745000       2.914280000        -.7988000000E-02  0.2445920000      -.2635100000    
     8.648540000       11.49568000       8.604310000        0.5950000000E-02  0.9315300000E-01  0.3824450000    
     8.694380000       5.682640000       2.825160000        -.4818740000       1.199169000      0.6028620000    
     8.685390000       5.774870000       8.659570000        -.5842210000      0.6714900000E-01  0.1619370000    
     1.455320000       1.407370000       1.503400000        -.2423600000E-01  0.2244980000      -.2543410000    
     1.412720000       1.460760000       7.188860000        0.1999980000      -.5356100000E-01  0.3076860000    
     1.423690000       7.197910000       1.421840000        0.4810030000      0.4187160000      0.4544380000    
     1.511690000       7.229080000       7.229300000        -.6096540000      -.8517260000      0.1225700000    
     7.212340000       1.458440000       1.420900000        -.1470800000      -.6381390000      0.2521600000    
     7.252470000       1.450630000       7.189400000        -.3622330000      -.1336150000      0.1409380000    
     7.189860000       7.181990000       1.405190000        0.4185550000      -.2595400000E-01  0.2318780000    
     7.179180000       7.223920000       7.249250000        0.1361430000      -.3589710000      -.1751150000    
     2.841150000       2.895410000      0.5920000000E-02    0.1006740000      -.3579530000      0.4340850000    
     2.885000000       2.866280000       5.782040000        0.7640000000E-02  0.2415860000      -.1575320000    
     2.928690000       8.650760000      0.4050000000E-02    -.5639320000      -.4211670000      -.1080850000    
     2.864380000       8.621380000       5.805430000        0.3209720000      0.1987770000      -.7217920000    
     8.624420000       2.884400000      0.1831000000E-01    0.3074190000      -.1017800000      -.5411940000    
     8.649270000       2.845310000       5.736670000        0.1040400000      0.5934170000      0.2676450000    
     8.672540000       8.652460000       11.49600000        -.4082430000      -.3080750000      0.1209280000    
     8.569860000       8.654720000       5.761090000        0.2836110000      -.1222100000      0.1030430000    
     1.475330000       4.357950000       4.358270000        -.1853480000      -.3619530000      -.4768700000    
     1.446830000       4.343110000       10.15210000        -.5095300000      -.3567480000      -.5014650000    
     1.451850000       10.06816000       4.312580000        -.4942000000E-01  -.5056200000E-01  0.4105260000    
     1.440860000       10.07918000       10.16289000        0.2302690000      -.8826200000E-01  -1.037792000    
     7.236110000       4.335880000       4.321130000        -.3425100000      -.8436500000E-01  0.6186500000E-01
     7.213930000       4.332790000       10.09517000        -.2767860000      0.8628400000E-01  -.1250260000    
     10.03214000       10.05712000       1.455160000        0.5706290000      0.5118770000      -.1005840000    
     10.06292000       10.04176000       7.197670000        0.2486190000      0.3594450000      -.4450440000    
  # POSITION      TOTAL FORCE 
           1   0.0000000000000000     
     2.863110000       11.51246000       2.916070000        0.5374000000E-01  0.7637700000E-01  -.3379690000    
     11.49129000       5.723850000       11.49164000        0.5204030000      -.5739700000E-01  0.6034400000    
    0.3568000000E-01   5.696340000       5.750670000        -.2443660000      0.2196720000      -.2150770000    
     5.737390000       11.50589000      0.3842000000E-01    0.4513980000      -.8512900000E-01  -.1808780000    
     5.772990000       11.49542000       5.815490000        0.4043980000      0.5704610000      -.3039560000    
     5.766150000       5.784120000      0.8854000000E-01    -.1971200000E-01  -.1906540000      -.9433250000    
     5.780080000       5.753130000       5.793800000        -.1318090000      -.3789300000E-01  -.4938520000    
     4.340190000       1.385290000       4.328730000        -.5615900000E-01  0.5552950000      0.1868980000    
     4.328730000       1.423220000       10.13051000        -.4922000000E-02  -.5103600000E-01  -.4435840000    
     4.355920000       7.226450000       4.298570000        -.4908190000      -.5467320000      0.4495030000    
     4.274490000       7.200520000       10.10991000        0.5374200000      0.4334400000E-01  0.1203800000E-01
     10.06112000       1.354340000       4.388110000        0.1906340000      0.6473400000      -.8022780000    
     10.08581000       1.425790000       10.13093000        -.2907930000      0.4079290000      -.7145160000    
     10.12363000       7.227740000       4.290100000        -.3032950000      -.3321220000      0.5182080000    
     11.50914000       11.51734000       5.753670000        0.3588550000      0.4910000000E-02  0.5659390000    
     10.08413000       7.191510000       10.14403000        0.7779700000E-01  -.2855920000      -.9091410000    
    0.2483000000E-01   2.857010000       8.646270000        -.1842630000      0.1230030000      0.1668160000    
    0.1429000000E-01   8.612300000       2.862950000        0.1437480000      0.4621730000      -.7860000000E-01
     11.52276000       8.615760000       8.654280000        0.2582000000E-01  -.8972200000E-01  0.1198800000E-01
     5.779510000       2.873870000       2.846250000        -.5127600000E-01  -.2986180000      0.4461490000    
     5.746550000       2.840800000       8.614120000        0.1359200000      0.5666000000E-01  0.4084270000    
     5.731670000       8.674980000       2.923620000        0.5137560000      0.4124900000E-01  -.2929370000    
     5.775080000       8.674490000       8.677590000        -.1968670000      -.2931370000      -.1434690000    
     4.363450000       4.295150000       1.417880000        -.6105670000      0.2841400000      0.4635170000    
     4.333510000       4.311430000       7.198570000        -.2973080000      0.1423580000      0.1240570000    
     4.303820000       10.06407000       1.455490000        -.2170690000      0.4224000000E-01  0.7630900000E-01
     4.360610000       10.09684000       7.185040000        -.7432430000      -.5001020000      0.4560030000    
     10.09467000       4.268400000       1.470530000        0.1579300000      0.3478290000      -.2794500000E-01
     10.08368000       4.311990000       7.206390000        0.7725500000E-01  0.8380400000E-01  0.2726960000    
    0.4508000000E-01   2.876900000       2.921120000        -.6357840000      -.7314440000      -.1313010000    
     11.45325000       11.51499000       11.48174000        0.8447460000      0.9041400000E-01  0.5942640000    
     7.247740000       10.12318000       10.04594000        -.4953260000      -.5935010000      0.8775160000    
     7.205260000       10.06625000       4.376780000        -.6413700000E-01  0.4225470000      -.5448310000    
     2.878930000       11.52230000       8.667530000        0.8942500000E-01  -.2027330000      -.3329200000E-01
     2.847690000       5.780280000       2.883600000        0.6100490000      -.5445000000      0.8180600000E-01
     2.866740000       5.780750000       8.641490000        0.4199730000      -.2880310000      -.2396300000E-01
     8.677880000       11.48605000       2.867880000        -.1879480000      -.2771850000      -.3383700000E-01
     8.614180000      0.1920000000E-02   8.668550000        0.8933920000      0.2383450000      -.2803740000    
     8.663930000       5.766300000       2.860500000        -.6767100000E-01  -.1860200000      0.3816130000    
     8.621510000       5.765840000       8.663480000        0.1202060000      -.1103470000      -.4383000000E-02
     1.457670000       1.454410000       1.423140000        -.2578170000      -.3503120000      0.1537000000E-02
     1.454860000       1.442420000       7.202940000        -.2464770000      -.3426510000      0.1287390000    
     1.461490000       7.203950000       1.447050000        -.6495470000      -.5241520000      -.1459290000    
     1.448350000       7.154910000       7.195220000        -.3992880000      0.1330420000      0.9454000000E-01
     7.227130000       1.421780000       1.441180000        0.6837400000E-01  0.1721000000E-02  -.2359700000E-01
     7.271620000       1.453230000       7.226490000        -.5924230000      -.1800760000      -.1956240000    
     7.184080000       7.200520000       1.479260000        0.1178230000      0.3175470000      0.1685360000    
     7.185890000       7.195330000       7.197640000        0.3020870000      0.3803350000      0.2292360000    
     2.909050000       2.876980000       11.51546000        -.6210400000E-01  0.1275030000      0.9703800000E-01
     2.827540000       2.894220000       5.789820000         1.052981000      -.5776270000      -.7915200000E-01
     2.848040000       8.605240000      0.4037000000E-01    0.2185350000      0.4792770000      -.2956810000    
     2.843580000       8.591490000       5.775120000        0.3884910000      0.6337120000      -.2412810000    
     8.663830000       2.897850000      0.2920000000E-02    -.1613960000      -.3588410000      0.1312350000    
     8.681210000       2.850070000       5.778220000        -.1284540000      0.2331570000      -.1258330000    
     8.651200000       8.562220000       11.50449000        -.5295170000      0.7674130000      0.2592150000    
     8.653240000       8.706800000       5.768300000        0.2161510000      -.8595340000      0.1331990000    
     1.474950000       4.224610000       4.325180000        -.1020350000       1.090424000      -.1518690000    
     1.487770000       4.327270000       10.07937000        -.3588460000      -.1604070000      -.3403300000E-01
     1.394250000       10.11397000       4.326470000        0.2532550000      -.6355680000      0.2877000000E-02
     1.399580000       10.07087000       10.12379000        0.3039470000      -.2632100000E-01  -.3078590000    
     7.211030000       4.281660000       4.338460000        0.1240940000      0.2443410000      -.1251930000    
     7.195660000       4.280170000       10.10295000        -.2886870000      0.4451790000      -.9178100000E-01
     10.12371000       10.02798000       1.368340000        -.4160400000      -.6180500000E-01  0.5160100000    
     10.11075000       10.08910000       7.212990000        -.1866340000      0.6544700000E-01  0.2979940000    
  # POSITION      TOTAL FORCE 
           1   0.0000000000000000     
     2.906260000      0.3347000000E-01   2.878290000        -.1935790000      -.1625120000      0.2529900000E-01
    0.3412000000E-01   5.780580000      0.1085000000E-01    -.2785860000      -.2658480000      -.2466340000    
    0.5203000000E-01   5.760990000       5.756890000        -.8482790000      -.1376250000      -.2653530000    
     5.776830000      0.1103000000E-01   11.48868000        -.1102990000      0.1719920000      0.5144540000    
     5.772580000      0.3460000000E-02   5.774030000        -.2758020000      -.1578100000      -.2066600000    
     5.787720000       5.768640000      0.5110000000E-01    -.4989150000      0.2192400000E-01  -.6186220000    
     5.794990000       5.768410000       5.734020000        -.4446140000      -.1210970000      0.3346390000    
     4.347770000       1.451660000       4.303520000        0.3879600000E-01  -.7728400000E-01  0.1913640000    
     4.273290000       1.420600000       10.08930000        0.6188710000      0.4353720000      -.1103870000    
     4.343460000       7.201850000       4.348470000        -.2775280000      0.5131200000E-01  -.4546300000    
     4.284250000       7.165480000       10.08399000        0.3574810000      0.5521600000E-01  0.3218060000    
     10.09235000       1.405620000       4.306390000        -.1616390000      0.1535560000      0.3539700000    
     10.11252000       1.437340000       10.08360000        -.1896760000      0.8131900000E-01  -.1587460000    
     10.04384000       7.203450000       4.315500000        0.5068100000      -.3004850000      0.3650010000    
    0.3400000000E-03   11.49338000       5.783530000        0.2584100000      0.1246860000      -.4216540000    
     10.03540000       7.184680000       10.10073000        0.8622130000      -.6421300000E-01  -.2989980000    
     11.52086000       2.903480000       8.650980000        -.7358500000E-01  -.1471190000      -.4586540000    
     11.46033000       8.654670000       2.951110000        0.4402220000      -.3136300000E-01  -.7612920000    
     11.50391000       8.628960000       8.623220000        0.9682800000E-01  0.1026000000E-01  0.4975430000    
     5.771700000       2.884940000       2.881920000        -.2825400000      0.3827030000      -.4545850000    
     5.772780000       2.867760000       8.597660000        -.3503980000      0.1020800000      0.4384820000    
     5.720370000       8.650960000       2.829350000        0.4335370000      -.3082550000      0.4875810000    
     5.705770000       8.625320000       8.686140000        0.4930570000      0.8054100000E-01  -.5012280000    
     4.268970000       4.393650000       1.395100000        0.4673900000      -.9777230000      0.1729830000    
     4.310950000       4.328660000       7.175360000        0.1924210000      0.1694190000      0.1231570000    
     4.348460000       10.11614000       1.480710000        -.3955700000      -.2489200000E-01  -.8854340000    
     4.297910000       10.07955000       7.190950000        0.3204820000      0.9770600000E-01  0.3005870000    
     10.16093000       4.308400000       1.455820000        -.4277210000      -.1117870000      -.3520360000    
     10.04706000       4.326820000       7.177780000        0.3725150000      0.8644000000E-01  0.3175810000    
    0.2521000000E-01   2.872380000       2.900800000        -.1003810000      -.3078750000      -.1450450000    
     11.51924000      0.2660000000E-01  0.4200000000E-03    0.2341670000      -.1519510000      0.1526260000    
     7.207390000       10.12215000       10.07695000        0.9190000000E-03  -.6713920000      -.9351000000E-02
     7.164680000       10.07860000       4.310510000        0.1304000000      -.3435720000      0.6844200000E-01
     2.910240000      0.2514000000E-01   8.642590000        -.6223780000      -.3094470000      -.2309620000    
     2.877590000       5.761920000       2.822740000        0.9688800000E-01  -.2487000000E-02   1.078973000    
     2.869560000       5.769490000       8.649160000        -.6490000000E-01  -.3735600000      -.2344880000    
     8.613330000       11.50734000       2.892810000        -.1318730000      0.3286150000      -.7091600000E-01
     8.634690000      0.1782000000E-01   8.658770000        0.1908790000      -.6874000000E-02  -.4206000000    
     8.712740000       5.753690000       2.878810000        -.7550250000      -.3080940000      -.1608960000    
     8.645160000       5.766530000       8.672430000        -.3080610000      -.3611890000      -.1822440000    
     1.481650000       1.465580000       1.415140000        -.3844890000      -.2046070000      0.3117210000    
     1.443340000       1.450590000       7.165940000        0.7683100000E-01  0.1011300000      0.2896300000    
     1.432540000       7.137790000       1.486330000        -.2807930000       1.251607000      -.2668650000    
     1.400940000       7.165080000       7.205200000        0.5405640000      0.5694370000      0.6974100000E-01
     7.229680000       1.488020000       1.418790000        -.3414990000      -.5538270000      0.2571750000    
     7.200750000       1.452750000       7.152000000        -.1802870000      -.5715380000      0.8744270000    
     7.195260000       7.193740000       1.407740000        0.4399290000      0.1880280000      0.6282740000    
     7.210650000       7.158190000       7.178980000        -.2725270000      0.3948940000      0.6387530000    
     2.840180000       2.886310000       11.49672000        0.4843370000      0.2136180000      0.3703700000E-01
     2.912430000       2.896740000       5.726690000        -.3433320000      -.3116400000E-01  -.2471600000E-01
     2.876110000       8.625890000       11.50195000        -.4590900000E-01  0.1128900000      0.7069460000    
     2.888080000       8.669350000       5.757350000        -.2323690000      -.5049550000      0.8167500000E-01
     8.656970000       2.838010000       11.52236000        0.3111750000      0.7560720000      -.5931600000E-01
     8.610560000       2.837000000       5.836010000        0.5135540000      0.5148560000      -1.208609000    
     8.662080000       8.584310000       11.49422000        -.3377050000       1.002384000      0.4406860000    
     8.620290000       8.568280000       5.738570000        0.4676000000E-02  0.8803010000      0.2795490000    
     1.414440000       4.322120000       4.294390000        0.6162840000      0.3480600000E-01  0.6197300000E-01
     1.432330000       4.304090000       10.07380000        -.8482800000E-01  0.3578650000      -.3446000000E-01
     1.466320000       10.06055000       4.296790000        -.1843370000      0.3664920000      0.1334960000    
     1.442700000       10.09413000       10.10734000        -.7777100000E-01  -.7673000000E-01  -.4097990000    
     7.163990000       4.321260000       4.346920000        0.7996870000      -.2035810000      -.3029890000    
     7.162210000       4.328270000       10.12238000        0.3579510000      -.3212450000      -.3085160000    
     10.07040000       10.14500000       1.455820000        0.1298600000E-01  -.6778030000      -.2166410000    
     10.11062000       10.08055000       7.203660000        -.7130620000      -.2276150000      -.7424300000E-01
  # POSITION      TOTAL FORCE 
           1   0.0000000000000000     
     2.857730000       11.49455000       2.902810000        0.4715850000      0.2144480000      -.3524610000    
     11.50586000       5.824550000      0.6820000000E-02    0.7388400000E-01  -.2917740000      -.5200200000E-01
    0.2523000000E-01   5.807610000       5.763340000        -.2588730000      -.5230880000      -.2646960000    
     5.731220000       11.50514000      0.1347000000E-01    0.2549340000      0.1531680000      -.3419470000    
     5.749700000      0.5749000000E-01   5.777490000        -.8656000000E-01  -.1525890000      -.4565190000    
     5.745760000       5.722120000       11.49579000        0.3352520000      0.4343350000      0.5084980000    
     5.760610000       5.762060000       5.757680000        -.3216090000      -.2621460000      0.1851190000    
     4.288440000       1.488590000       4.259820000        0.2301950000      -.2949610000      0.3957280000    
     4.354700000       1.441390000       10.07057000        -.5233980000      -.1320390000      0.1623160000    
     4.311600000       7.202080000       4.363680000        0.2039630000      0.2736200000      -.1933960000    
     4.390460000       7.209410000       10.08272000        -.7024280000      0.1443770000      -.1218520000    
     10.11792000       1.464420000       4.310940000        -.7367800000      -.2369720000      0.2092410000    
     10.11719000       1.450370000       10.05317000        -.1260080000      -.1302360000      0.2955900000E-01
     10.12597000       7.202320000       4.314590000        -.7448670000      -.8801800000E-01  0.2704330000    
     11.48977000       11.51471000       5.746420000        0.7279400000E-01  -.2497700000E-01  0.4130630000    
     10.07384000       7.259640000       10.09772000        -.2089290000      -.6928730000      -.3703970000    
    0.7084000000E-01   2.883430000       8.642580000        -.6256390000      0.2851920000      -.4205500000E-01
     11.48100000       8.657410000       2.932060000        0.4913020000      0.2043970000      -.5605120000    
     11.45697000       8.679580000       8.652390000        0.8300910000      -.5611900000      -.2143600000    
     5.810290000       2.884770000       2.884130000        -.1208030000      0.4029300000E-01  -.2688630000    
     5.775380000       2.866670000       8.668650000        0.7134800000E-01  0.5783220000      0.1333070000    
     5.772530000       8.603510000       2.857250000        0.7388400000E-01  0.2445720000      0.4054920000    
     5.788330000       8.653570000       8.623330000        -.3517900000E-01  0.1883540000      0.9104800000E-01
     4.330110000       4.305160000       1.420880000        -.1269930000      0.7887800000E-01  0.3242300000    
     4.311590000       4.320330000       7.248940000        0.1745710000      -.1498530000      -.4412570000    
     4.355550000       10.08865000       1.439800000        -.5465230000      -.2990130000      0.2125140000    
     4.311700000       10.11289000       7.207710000        0.1269610000      -.1823770000      -.1171350000    
     10.12237000       4.326920000       1.458820000        -.5676450000      -.5615600000E-01  -.3057760000    
     10.10041000       4.334870000       7.177480000        0.4100820000      -.5372900000E-01  0.3569550000    
     11.49725000       2.906350000       2.923960000        0.6190860000      -.2389070000      -.5888760000    
     11.48432000       11.50381000      0.1550000000E-01    0.5647450000      0.1910440000      -.1641620000    
     7.229930000       10.12324000       10.08168000        -.3237090000      -.3532760000      0.9032000000E-01
     7.238410000       10.10302000       4.319670000        -.6287320000      0.5063900000E-01  0.1806000000E-01
     2.860730000       11.51593000       8.637100000        0.1917540000      0.3698370000      -.3084300000E-01
     2.904520000       5.794720000       2.926360000        -.2191770000      -.2575360000      -.6082600000    
     2.874350000       5.790700000       8.595220000        0.1800480000      0.1419210000      0.5549200000    
     8.643450000       11.51205000       2.862180000        -.4117000000E-01  0.5626420000      0.2983140000    
     8.654540000       11.49762000       8.634420000        0.6661800000E-01  0.4995880000      -.1429790000    
     8.616480000       5.732700000       2.905360000        0.5426880000      0.1870720000      -.6657100000E-01
     8.633120000       5.699120000       8.638200000        0.3676860000      0.9235390000      -.1947650000    
     1.477950000       1.424960000       1.455380000        -.5150530000      0.2483010000      -.1882390000    
     1.412060000       1.442100000       7.206960000        0.4178240000      -.1698500000      -.4627850000    
     1.418480000       7.226350000       1.446120000        0.1967600000      0.1095350000      0.3493270000    
     1.430470000       7.187360000       7.163090000        -.3114000000E-02  0.7913930000      0.4533400000    
     7.192140000       1.396540000       1.408660000        0.1465080000      0.2964440000      0.1591080000    
     7.169270000       1.470600000       7.232540000        0.4319390000      -.3612380000      -.4500600000E-01
     7.242870000       7.193220000       1.457740000        -.3394930000      -.2492840000      -.4650000000    
     7.162470000       7.171740000       7.185190000        0.7043960000      0.3477800000      0.1374500000E-01
     2.865580000       2.913610000       11.48233000        0.1032900000      -.2797120000      0.1959250000    
     2.882670000       2.906520000       5.739560000        -.1775160000      -.7157600000E-01  0.2394910000    
     2.857840000       8.659080000       11.52359000        0.3638190000      -.1790060000      -.1137460000    
     2.866970000       8.679860000       5.738580000        0.6857200000E-01  -.9027500000E-01  0.3103950000    
     8.636480000       2.855690000       11.49191000        0.2477790000      0.2089100000      0.2750720000    
     8.662330000       2.881450000       5.830200000        -.1218080000      -.1551150000      -.5270040000    
     8.642870000       8.634360000       11.49981000        -.1092810000      0.4532670000      0.5621290000    
     8.666270000       8.699960000       5.748440000        -.4283810000      -1.100299000      -.1488370000    
     1.417540000       4.333390000       4.301600000        0.2267160000      0.1773700000      0.2977740000    
     1.425540000       4.371530000       10.06910000        0.9687600000E-01  0.1810870000      0.9598400000E-01
     1.437090000       10.11305000       4.323160000        -.2972600000      -.2692190000      0.9365700000E-01
     1.448280000       10.07316000       10.03298000        -.3639680000      0.1502680000      0.5317900000    
     7.214590000       4.330630000       4.360760000        0.1802300000E-01  -.3146340000      0.7812200000E-01
     7.236150000       4.375160000       10.09451000        -.3441700000      -.8084930000      0.4699500000E-01
     10.06463000       10.11776000       1.480740000        0.5471800000E-01  -.6408720000      -.4097980000    
     10.04857000       10.01214000       7.204250000        0.2143750000      0.9406880000      -.1018720000    
  # POSITION      TOTAL FORCE 
           1   0.0000000000000000     
     2.839030000       11.50396000       2.972360000        0.5627330000      0.4706920000      -.8649560000    
    0.1687000000E-01   5.746050000       11.49996000        -.2321640000      0.4763910000      0.2197390000    
     11.52498000       5.753070000       5.766990000        0.3323200000E-01  0.1244030000      0.2002760000    
     5.781100000       11.48410000      0.4830000000E-02    -.1246460000      0.3113250000      0.3538460000    
     5.829570000      0.5430000000E-02   5.736340000        -.8047040000      -.2331320000      0.6204710000    
     5.752320000       5.769020000      0.6760000000E-02    0.1264560000      -.8245100000E-01  0.8433500000E-01
     5.759060000       5.753710000       5.731140000        0.3841000000E-01  -.4439820000      0.6363240000    
     4.379380000       1.408390000       4.312310000        -.5401570000      0.8104900000E-01  0.3288190000    
     4.320610000       1.446910000       10.08326000        -.4094080000      -.9469000000E-01  0.7119830000    
     4.335630000       7.151460000       4.366750000        -.4098620000      0.5798550000      -.6926210000    
     4.331500000       7.210240000       10.05318000        -.3077570000      -.2995430000      0.5364510000    
     10.11939000       1.424640000       4.315810000        -.3545180000      0.3345870000      0.1277190000    
     10.04585000       1.433740000       10.07511000        0.4006580000      0.4936600000E-01  -.1174170000    
     10.09787000       7.161740000       4.339080000        -.3218350000      0.2344260000      -.2220000000    
    0.2662000000E-01  0.3365000000E-01   5.754900000        -.6173770000      -.7735800000      0.2375090000    
     10.04435000       7.168000000       10.05048000        0.9644720000      0.3136580000      0.4453490000    
    0.8474000000E-01   2.895180000       8.636530000        -.5610380000      -.3679120000      -.4525800000E-01
    0.5560000000E-02   8.654810000       2.893220000        0.3924000000E-02  -.2033890000      0.4551820000    
    0.1096000000E-01   8.655280000       8.672430000        -.4169630000      -.3839450000      -.2763270000    
     5.778570000       2.858200000       2.911730000        -.3115110000      0.1016740000      -.4056760000    
     5.746820000       2.845580000       8.677420000        0.1652770000      0.2947350000      -.4520200000    
     5.742900000       8.683000000       2.900760000        -.1800390000      -.6820440000      -.1251480000    
     5.767000000       8.635580000       8.715160000        -.5651000000E-01  -.1372810000      -1.110397000    
     4.306400000       4.291970000       1.443150000        0.3971080000      0.2942270000      0.2167050000    
     4.303860000       4.295970000       7.216910000        0.8972000000E-01  -.1319920000      -.1778250000    
     4.259970000       10.06479000       1.469170000        0.1545070000      0.3219520000      -.1254690000    
     4.287540000       10.06184000       7.232230000        0.4896540000      0.5181710000      0.1084080000    
     10.07792000       4.327480000       1.391550000        -.1192120000      -.1208220000      0.3059910000    
     10.08928000       4.308500000       7.184850000        0.8259400000E-01  0.4680000000E-01  0.3217360000    
     11.51667000       2.873240000       2.883580000        0.6803600000E-01  0.1868320000      -.3141520000    
     11.50306000       11.46855000       11.50424000        -.2710800000E-01  0.4995240000      0.1943790000    
     7.194830000       10.06223000       10.04653000        0.4158080000      0.1615060000      0.5465100000    
     7.149660000       10.04606000       4.353520000        0.8929110000      0.1592520000      -.1820450000    
     2.817640000      0.1586000000E-01   8.682740000        0.8660440000      -.1153060000      -.3634710000    
     2.863850000       5.771220000       2.831170000        0.1407930000      0.9854200000E-01  0.3631070000    
     2.886330000       5.730740000       8.664750000        -.1595300000      0.3995850000      -.2990310000    
     8.633940000      0.2838000000E-01   2.910330000        0.2712880000      -.8257950000      0.1930620000    
     8.643950000       11.49487000       8.610830000        -.1375170000      0.2620160000      -.3692300000E-01
     8.587090000       5.758840000       2.863230000        0.6701680000      -.4396130000      0.4043700000    
     8.684820000       5.774700000       8.679550000        -.7035580000      -.7506050000      -.7433450000    
     1.459910000       1.425360000       1.425960000        -.5981760000      -.4884690000      0.4735500000    
     1.467730000       1.367570000       7.175390000        -.3832460000      0.4494920000      0.5377370000    
     1.429850000       7.272140000       1.433840000        -.1685230000      -.6064550000      -.1022330000    
     1.419890000       7.249540000       7.188780000        0.2994840000      -.3584500000      0.1345940000    
     7.262700000       1.463700000       1.506430000        -.5844520000      -.2084510000      -.6943750000    
     7.194860000       1.457440000       7.171530000        0.2160040000      -.3992300000E-01  0.3262780000    
     7.232560000       7.200230000       1.488700000        -.7335820000      0.2972260000      -.4259980000    
     7.209190000       7.173610000       7.176680000        -.2474260000      -.2725500000E-01  0.6441170000    
     2.817950000       2.912840000      0.9623000000E-01    0.7689630000      -.4715270000      -.7827210000    
     2.832640000       2.802940000       5.790120000        0.6326120000      0.6775930000      -.6553860000    
     2.857120000       8.636340000       11.51876000        0.1629940000      0.2721840000      -.4565260000    
     2.891670000       8.690250000       5.744750000        0.2145900000E-01  -.5447070000      0.1383540000    
     8.596600000       2.884260000       11.50008000        0.6029380000      -.2611160000      0.3956820000    
     8.620500000       2.911590000       5.731640000        0.4728440000      -.4641020000      0.2288540000    
     8.643300000       8.563110000       11.49018000        0.1171700000E-01  0.6784740000      0.4003280000    
     8.639770000       8.616410000       5.809240000        -.4895000000E-02  -.7227500000E-01  -.6859180000    
     1.416580000       4.361680000       4.311680000        0.2952620000      -.4987080000      0.1767600000E-01
     1.469800000       4.315580000       10.13875000        -.5496500000E-01  0.6984400000E-01  -.3368930000    
     1.448890000       10.10424000       4.336380000        -.4746720000      -.3475500000      0.1706190000    
     1.409570000       10.11096000       10.02578000        0.1634270000      -.3474900000      0.8067120000    
     7.170380000       4.277780000       4.332360000        0.1387770000      0.5616730000      -.2607550000    
     7.212070000       4.274250000       10.10512000        -.3809610000      0.6680650000      -.3372800000    
     10.12076000       10.04551000       1.479200000        -.7389930000      0.2084430000      -.4312850000    
     10.05812000       10.01807000       7.216750000        0.5450300000      0.6189980000      -.1633200000    
