    11.525724     0.000000     0.000000
     0.000000    11.525724     0.000000
     0.000000     0.000000    11.525724
    1     0.000000     0.000000     0.000000     2.881431     0.000000     2.881431
    2     0.000000     0.000000     5.762862     2.881431     0.000000     8.644293
    3     0.000000     5.762862     0.000000     2.881431     5.762862     2.881431
    4     0.000000     5.762862     5.762862     2.881431     5.762862     8.644293
    5     5.762862     0.000000     0.000000     8.644293     0.000000     2.881431
    6     5.762862     0.000000     5.762862     8.644293     0.000000     8.644293
    7     5.762862     5.762862     0.000000     8.644293     5.762862     2.881431
    8     5.762862     5.762862     5.762862     8.644293     5.762862     8.644293
   17     0.000000     2.881431    -2.881431     2.881431     2.881431     0.000000
   18     0.000000     2.881431     2.881431     2.881431     2.881431     5.762862
   19     0.000000     8.644293    -2.881431     2.881431     8.644293     0.000000
   20     0.000000     8.644293     2.881431     2.881431     8.644293     5.762862
   21     5.762862     2.881431    -2.881431     8.644293     2.881431     0.000000
   22     5.762862     2.881431     2.881431     8.644293     2.881431     5.762862
   23     5.762862     8.644293    -2.881431     8.644293     8.644293     0.000000
   24     5.762862     8.644293     2.881431     8.644293     8.644293     5.762862
   33    -2.881431     0.000000    -2.881431     0.000000     0.000000     0.000000
   34    -2.881431     0.000000     2.881431     0.000000     0.000000     5.762862
   35    -2.881431     5.762862    -2.881431     0.000000     5.762862     0.000000
   36    -2.881431     5.762862     2.881431     0.000000     5.762862     5.762862
   37     2.881431     0.000000    -2.881431     5.762862     0.000000     0.000000
   38     2.881431     0.000000     2.881431     5.762862     0.000000     5.762862
   39     2.881431     5.762862    -2.881431     5.762862     5.762862     0.000000
   40     2.881431     5.762862     2.881431     5.762862     5.762862     5.762862
   49    -2.881431     2.881431     0.000000     0.000000     2.881431     2.881431
   50    -2.881431     2.881431     5.762862     0.000000     2.881431     8.644293
   51    -2.881431     8.644293     0.000000     0.000000     8.644293     2.881431
   52    -2.881431     8.644293     5.762862     0.000000     8.644293     8.644293
   53     2.881431     2.881431     0.000000     5.762862     2.881431     2.881431
   54     2.881431     2.881431     5.762862     5.762862     2.881431     8.644293
   55     2.881431     8.644293     0.000000     5.762862     8.644293     2.881431
   56     2.881431     8.644293     5.762862     5.762862     8.644293     8.644293
