  RANK 2 tensors :term,group,(iatom,ixyz)_2 d2U/dx_{i,alpha}^2
     1     1     1 1     1 1    13.286002       1.00
     2     1     2 1     2 1    13.286002       1.00
     3     1     1 2     1 2    13.286002       1.00
     4     1     2 2     2 2    13.286002       1.00
     5     1     1 3     1 3    13.286002       1.00
     6     1     2 3     2 3    13.286002       1.00
     7     2     1 1     2 1   -3.2285182       1.00
     8     2     1 1    11 1   -3.2285182       1.00
     9     2     2 1    43 1   -3.2285182       1.00
    10     2     1 2    11 2   -3.2285182       1.00
    11     2     2 2    43 2   -3.2285182       1.00
    12     2     2 2    28 2   -3.2285182       1.00
    13     2     1 2    27 2   -3.2285182       1.00
    14     2     1 3    11 3   -3.2285182       1.00
    15     2     2 3    43 3   -3.2285182       1.00
    16     2     2 3    32 3   -3.2285182       1.00
    17     2     1 3    23 3   -3.2285182       1.00
    18     2     1 2     2 2   -3.2285182       1.00
    19     2     1 2    23 2   -3.2285182       1.00
    20     2     2 2    32 2   -3.2285182       1.00
    21     2     2 1    28 1   -3.2285182       1.00
    22     2     1 1    27 1   -3.2285182       1.00
    23     2     1 1    23 1   -3.2285182       1.00
    24     2     2 1    32 1   -3.2285182       1.00
    25     2     1 3     2 3   -3.2285182       1.00
    26     2     1 3    27 3   -3.2285182       1.00
    27     2     2 3    28 3   -3.2285182       1.00
    28     2     2 1     1 1   -3.2285182       1.00
    29     2    11 1     1 1   -3.2285182       1.00
    30     2    43 1     2 1   -3.2285182       1.00
    31     2    11 2     1 2   -3.2285182       1.00
    32     2    43 2     2 2   -3.2285182       1.00
    33     2    28 2     2 2   -3.2285182       1.00
    34     2    27 2     1 2   -3.2285182       1.00
    35     2    11 3     1 3   -3.2285182       1.00
    36     2    43 3     2 3   -3.2285182       1.00
    37     2    32 3     2 3   -3.2285182       1.00
    38     2    23 3     1 3   -3.2285182       1.00
    39     2     2 2     1 2   -3.2285182       1.00
    40     2    23 2     1 2   -3.2285182       1.00
    41     2    32 2     2 2   -3.2285182       1.00
    42     2    28 1     2 1   -3.2285182       1.00
    43     2    27 1     1 1   -3.2285182       1.00
    44     2    23 1     1 1   -3.2285182       1.00
    45     2    32 1     2 1   -3.2285182       1.00
    46     2     2 3     1 3   -3.2285182       1.00
    47     2    27 3     1 3   -3.2285182       1.00
    48     2    28 3     2 3   -3.2285182       1.00
    49     3     1 2     2 1   -2.2431469       1.00
    50     3     1 2    11 1    2.2431469       1.00
    51     3     2 1    43 2    2.2431469       1.00
    52     3     1 3    11 1    2.2431469       1.00
    53     3     2 1    43 3    2.2431469       1.00
    54     3     1 1     2 2   -2.2431469       1.00
    55     3     1 1     2 3   -2.2431469       1.00
    56     3     1 1    11 2    2.2431469       1.00
    57     3     2 2    43 1    2.2431469       1.00
    58     3     1 3    11 2   -2.2431469       1.00
    59     3     2 2    43 3   -2.2431469       1.00
    60     3     2 1    28 2   -2.2431469       1.00
    61     3     1 2    27 1   -2.2431469       1.00
    62     3     2 3    28 2    2.2431469       1.00
    63     3     1 2    27 3    2.2431469       1.00
    64     3     1 1    11 3    2.2431469       1.00
    65     3     2 3    43 1    2.2431469       1.00
    66     3     1 2    11 3   -2.2431469       1.00
    67     3     2 3    43 2   -2.2431469       1.00
    68     3     2 1    32 3   -2.2431469       1.00
    69     3     1 3    23 1   -2.2431469       1.00
    70     3     2 2    32 3    2.2431469       1.00
    71     3     1 3    23 2    2.2431469       1.00
    72     3     1 1    23 2    2.2431469       1.00
    73     3     2 2    32 1    2.2431469       1.00
    74     3     1 2     2 3   -2.2431469       1.00
    75     3     2 2    28 1   -2.2431469       1.00
    76     3     1 1    27 2   -2.2431469       1.00
    77     3     1 2    23 1    2.2431469       1.00
    78     3     2 1    32 2    2.2431469       1.00
    79     3     2 3    28 1    2.2431469       1.00
    80     3     1 1    27 3    2.2431469       1.00
    81     3     1 3     2 1   -2.2431469       1.00
    82     3     1 3     2 2   -2.2431469       1.00
    83     3     2 2    28 3    2.2431469       1.00
    84     3     1 3    27 2    2.2431469       1.00
    85     3     2 1    28 3    2.2431469       1.00
    86     3     1 3    27 1    2.2431469       1.00
    87     3     2 3    32 1   -2.2431469       1.00
    88     3     1 1    23 3   -2.2431469       1.00
    89     3     2 3    32 2    2.2431469       1.00
    90     3     1 2    23 3    2.2431469       1.00
    91     3     2 1     1 2   -2.2431469       1.00
    92     3    11 1     1 2    2.2431469       1.00
    93     3    43 2     2 1    2.2431469       1.00
    94     3    11 1     1 3    2.2431469       1.00
    95     3    43 3     2 1    2.2431469       1.00
    96     3     2 2     1 1   -2.2431469       1.00
    97     3     2 3     1 1   -2.2431469       1.00
    98     3    11 2     1 1    2.2431469       1.00
    99     3    43 1     2 2    2.2431469       1.00
   100     3    11 2     1 3   -2.2431469       1.00
   101     3    43 3     2 2   -2.2431469       1.00
   102     3    28 2     2 1   -2.2431469       1.00
   103     3    27 1     1 2   -2.2431469       1.00
   104     3    28 2     2 3    2.2431469       1.00
   105     3    27 3     1 2    2.2431469       1.00
   106     3    11 3     1 1    2.2431469       1.00
   107     3    43 1     2 3    2.2431469       1.00
   108     3    11 3     1 2   -2.2431469       1.00
   109     3    43 2     2 3   -2.2431469       1.00
   110     3    32 3     2 1   -2.2431469       1.00
   111     3    23 1     1 3   -2.2431469       1.00
   112     3    32 3     2 2    2.2431469       1.00
   113     3    23 2     1 3    2.2431469       1.00
   114     3    23 2     1 1    2.2431469       1.00
   115     3    32 1     2 2    2.2431469       1.00
   116     3     2 3     1 2   -2.2431469       1.00
   117     3    28 1     2 2   -2.2431469       1.00
   118     3    27 2     1 1   -2.2431469       1.00
   119     3    23 1     1 2    2.2431469       1.00
   120     3    32 2     2 1    2.2431469       1.00
   121     3    28 1     2 3    2.2431469       1.00
   122     3    27 3     1 1    2.2431469       1.00
   123     3     2 1     1 3   -2.2431469       1.00
   124     3     2 2     1 3   -2.2431469       1.00
   125     3    28 3     2 2    2.2431469       1.00
   126     3    27 2     1 3    2.2431469       1.00
   127     3    28 3     2 1    2.2431469       1.00
   128     3    27 1     1 3    2.2431469       1.00
   129     3    32 1     2 3   -2.2431469       1.00
   130     3    23 3     1 1   -2.2431469       1.00
   131     3    32 2     2 3    2.2431469       1.00
   132     3    23 3     1 2    2.2431469       1.00
   133     4     1 1     5 1   0.57484913E-01   1.00
   134     4     2 1    48 1   0.57484913E-01   1.00
   135     4     1 1    42 1   0.57484913E-01   1.00
   136     4     2 1    12 1   0.57484913E-01   1.00
   137     4     1 1    38 1   0.57484913E-01   1.00
   138     4     2 1    16 1   0.57484913E-01   1.00
   139     4     2 1    45 1   0.57484913E-01   1.00
   140     4     1 1     9 1   0.57484913E-01   1.00
   141     4     1 2    42 2   0.57484913E-01   1.00
   142     4     2 2    12 2   0.57484913E-01   1.00
   143     4     1 2    36 2   0.57484913E-01   1.00
   144     4     2 2    18 2   0.57484913E-01   1.00
   145     4     2 2    46 2   0.57484913E-01   1.00
   146     4     1 2     7 2   0.57484913E-01   1.00
   147     4     2 2    41 2   0.57484913E-01   1.00
   148     4     1 2    13 2   0.57484913E-01   1.00
   149     4     1 3    38 3   0.57484913E-01   1.00
   150     4     2 3    16 3   0.57484913E-01   1.00
   151     4     1 3    36 3   0.57484913E-01   1.00
   152     4     2 3    18 3   0.57484913E-01   1.00
   153     4     2 3    39 3   0.57484913E-01   1.00
   154     4     1 3    15 3   0.57484913E-01   1.00
   155     4     2 3    37 3   0.57484913E-01   1.00
   156     4     1 3    17 3   0.57484913E-01   1.00
   157     4     2 2    48 2   0.57484913E-01   1.00
   158     4     1 2     5 2   0.57484913E-01   1.00
   159     4     1 2    31 2   0.57484913E-01   1.00
   160     4     2 2    24 2   0.57484913E-01   1.00
   161     4     2 2    34 2   0.57484913E-01   1.00
   162     4     1 2    21 2   0.57484913E-01   1.00
   163     4     1 2    17 2   0.57484913E-01   1.00
   164     4     2 2    37 2   0.57484913E-01   1.00
   165     4     2 1    46 1   0.57484913E-01   1.00
   166     4     1 1     7 1   0.57484913E-01   1.00
   167     4     1 1    31 1   0.57484913E-01   1.00
   168     4     2 1    24 1   0.57484913E-01   1.00
   169     4     2 1    30 1   0.57484913E-01   1.00
   170     4     1 1    25 1   0.57484913E-01   1.00
   171     4     1 1    15 1   0.57484913E-01   1.00
   172     4     2 1    39 1   0.57484913E-01   1.00
   173     4     2 3    45 3   0.57484913E-01   1.00
   174     4     1 3     9 3   0.57484913E-01   1.00
   175     4     2 3    34 3   0.57484913E-01   1.00
   176     4     1 3    21 3   0.57484913E-01   1.00
   177     4     1 3    25 3   0.57484913E-01   1.00
   178     4     2 3    30 3   0.57484913E-01   1.00
   179     4     1 3    13 3   0.57484913E-01   1.00
   180     4     2 3    41 3   0.57484913E-01   1.00
   181     4     5 1     1 1   0.57484913E-01   1.00
   182     4    48 1     2 1   0.57484913E-01   1.00
   183     4    42 1     1 1   0.57484913E-01   1.00
   184     4    12 1     2 1   0.57484913E-01   1.00
   185     4    38 1     1 1   0.57484913E-01   1.00
   186     4    16 1     2 1   0.57484913E-01   1.00
   187     4    45 1     2 1   0.57484913E-01   1.00
   188     4     9 1     1 1   0.57484913E-01   1.00
   189     4    42 2     1 2   0.57484913E-01   1.00
   190     4    12 2     2 2   0.57484913E-01   1.00
   191     4    36 2     1 2   0.57484913E-01   1.00
   192     4    18 2     2 2   0.57484913E-01   1.00
   193     4    46 2     2 2   0.57484913E-01   1.00
   194     4     7 2     1 2   0.57484913E-01   1.00
   195     4    41 2     2 2   0.57484913E-01   1.00
   196     4    13 2     1 2   0.57484913E-01   1.00
   197     4    38 3     1 3   0.57484913E-01   1.00
   198     4    16 3     2 3   0.57484913E-01   1.00
   199     4    36 3     1 3   0.57484913E-01   1.00
   200     4    18 3     2 3   0.57484913E-01   1.00
   201     4    39 3     2 3   0.57484913E-01   1.00
   202     4    15 3     1 3   0.57484913E-01   1.00
   203     4    37 3     2 3   0.57484913E-01   1.00
   204     4    17 3     1 3   0.57484913E-01   1.00
   205     4    48 2     2 2   0.57484913E-01   1.00
   206     4     5 2     1 2   0.57484913E-01   1.00
   207     4    31 2     1 2   0.57484913E-01   1.00
   208     4    24 2     2 2   0.57484913E-01   1.00
   209     4    34 2     2 2   0.57484913E-01   1.00
   210     4    21 2     1 2   0.57484913E-01   1.00
   211     4    17 2     1 2   0.57484913E-01   1.00
   212     4    37 2     2 2   0.57484913E-01   1.00
   213     4    46 1     2 1   0.57484913E-01   1.00
   214     4     7 1     1 1   0.57484913E-01   1.00
   215     4    31 1     1 1   0.57484913E-01   1.00
   216     4    24 1     2 1   0.57484913E-01   1.00
   217     4    30 1     2 1   0.57484913E-01   1.00
   218     4    25 1     1 1   0.57484913E-01   1.00
   219     4    15 1     1 1   0.57484913E-01   1.00
   220     4    39 1     2 1   0.57484913E-01   1.00
   221     4    45 3     2 3   0.57484913E-01   1.00
   222     4     9 3     1 3   0.57484913E-01   1.00
   223     4    34 3     2 3   0.57484913E-01   1.00
   224     4    21 3     1 3   0.57484913E-01   1.00
   225     4    25 3     1 3   0.57484913E-01   1.00
   226     4    30 3     2 3   0.57484913E-01   1.00
   227     4    13 3     1 3   0.57484913E-01   1.00
   228     4    41 3     2 3   0.57484913E-01   1.00
   229     5     1 2     5 1   -.41490210E-01   1.00
   230     5     2 1    48 2   -.41490210E-01   1.00
   231     5     1 2    42 1   0.41490210E-01   1.00
   232     5     2 1    12 2   0.41490210E-01   1.00
   233     5     1 3    38 1   0.41490210E-01   1.00
   234     5     2 1    16 3   0.41490210E-01   1.00
   235     5     2 2    48 1   -.41490210E-01   1.00
   236     5     1 1     5 2   -.41490210E-01   1.00
   237     5     2 3    45 1   -.41490210E-01   1.00
   238     5     1 1     9 3   -.41490210E-01   1.00
   239     5     1 1    42 2   0.41490210E-01   1.00
   240     5     2 2    12 1   0.41490210E-01   1.00
   241     5     1 3    36 2   -.41490210E-01   1.00
   242     5     2 2    18 3   -.41490210E-01   1.00
   243     5     2 1    46 2   -.41490210E-01   1.00
   244     5     1 2     7 1   -.41490210E-01   1.00
   245     5     2 3    41 2   0.41490210E-01   1.00
   246     5     1 2    13 3   0.41490210E-01   1.00
   247     5     1 1    38 3   0.41490210E-01   1.00
   248     5     2 3    16 1   0.41490210E-01   1.00
   249     5     1 2    36 3   -.41490210E-01   1.00
   250     5     2 3    18 2   -.41490210E-01   1.00
   251     5     2 1    39 3   -.41490210E-01   1.00
   252     5     1 3    15 1   -.41490210E-01   1.00
   253     5     2 2    37 3   0.41490210E-01   1.00
   254     5     1 3    17 2   0.41490210E-01   1.00
   255     5     1 1    31 2   0.41490210E-01   1.00
   256     5     2 2    24 1   0.41490210E-01   1.00
   257     5     2 3    34 2   -.41490210E-01   1.00
   258     5     1 2    21 3   -.41490210E-01   1.00
   259     5     2 2    46 1   -.41490210E-01   1.00
   260     5     1 1     7 2   -.41490210E-01   1.00
   261     5     1 2    31 1   0.41490210E-01   1.00
   262     5     2 1    24 2   0.41490210E-01   1.00
   263     5     2 3    30 1   0.41490210E-01   1.00
   264     5     1 1    25 3   0.41490210E-01   1.00
   265     5     2 1    45 3   -.41490210E-01   1.00
   266     5     1 3     9 1   -.41490210E-01   1.00
   267     5     2 2    34 3   -.41490210E-01   1.00
   268     5     1 3    21 2   -.41490210E-01   1.00
   269     5     2 2    41 3   0.41490210E-01   1.00
   270     5     1 3    13 2   0.41490210E-01   1.00
   271     5     2 1    30 3   0.41490210E-01   1.00
   272     5     1 3    25 1   0.41490210E-01   1.00
   273     5     2 3    39 1   -.41490210E-01   1.00
   274     5     1 1    15 3   -.41490210E-01   1.00
   275     5     2 3    37 2   0.41490210E-01   1.00
   276     5     1 2    17 3   0.41490210E-01   1.00
   277     5     5 1     1 2   -.41490210E-01   1.00
   278     5    48 2     2 1   -.41490210E-01   1.00
   279     5    42 1     1 2   0.41490210E-01   1.00
   280     5    12 2     2 1   0.41490210E-01   1.00
   281     5    38 1     1 3   0.41490210E-01   1.00
   282     5    16 3     2 1   0.41490210E-01   1.00
   283     5    48 1     2 2   -.41490210E-01   1.00
   284     5     5 2     1 1   -.41490210E-01   1.00
   285     5    45 1     2 3   -.41490210E-01   1.00
   286     5     9 3     1 1   -.41490210E-01   1.00
   287     5    42 2     1 1   0.41490210E-01   1.00
   288     5    12 1     2 2   0.41490210E-01   1.00
   289     5    36 2     1 3   -.41490210E-01   1.00
   290     5    18 3     2 2   -.41490210E-01   1.00
   291     5    46 2     2 1   -.41490210E-01   1.00
   292     5     7 1     1 2   -.41490210E-01   1.00
   293     5    41 2     2 3   0.41490210E-01   1.00
   294     5    13 3     1 2   0.41490210E-01   1.00
   295     5    38 3     1 1   0.41490210E-01   1.00
   296     5    16 1     2 3   0.41490210E-01   1.00
   297     5    36 3     1 2   -.41490210E-01   1.00
   298     5    18 2     2 3   -.41490210E-01   1.00
   299     5    39 3     2 1   -.41490210E-01   1.00
   300     5    15 1     1 3   -.41490210E-01   1.00
   301     5    37 3     2 2   0.41490210E-01   1.00
   302     5    17 2     1 3   0.41490210E-01   1.00
   303     5    31 2     1 1   0.41490210E-01   1.00
   304     5    24 1     2 2   0.41490210E-01   1.00
   305     5    34 2     2 3   -.41490210E-01   1.00
   306     5    21 3     1 2   -.41490210E-01   1.00
   307     5    46 1     2 2   -.41490210E-01   1.00
   308     5     7 2     1 1   -.41490210E-01   1.00
   309     5    31 1     1 2   0.41490210E-01   1.00
   310     5    24 2     2 1   0.41490210E-01   1.00
   311     5    30 1     2 3   0.41490210E-01   1.00
   312     5    25 3     1 1   0.41490210E-01   1.00
   313     5    45 3     2 1   -.41490210E-01   1.00
   314     5     9 1     1 3   -.41490210E-01   1.00
   315     5    34 3     2 2   -.41490210E-01   1.00
   316     5    21 2     1 3   -.41490210E-01   1.00
   317     5    41 3     2 2   0.41490210E-01   1.00
   318     5    13 2     1 3   0.41490210E-01   1.00
   319     5    30 3     2 1   0.41490210E-01   1.00
   320     5    25 1     1 3   0.41490210E-01   1.00
   321     5    39 1     2 3   -.41490210E-01   1.00
   322     5    15 3     1 1   -.41490210E-01   1.00
   323     5    37 2     2 3   0.41490210E-01   1.00
   324     5    17 3     1 2   0.41490210E-01   1.00
   325     6     1 3     5 1   0.33347379E-01   1.00
   326     6     2 1    48 3   0.33347379E-01   1.00
   327     6     1 3    42 1   -.33347379E-01   1.00
   328     6     2 1    12 3   -.33347379E-01   1.00
   329     6     1 2    38 1   -.33347379E-01   1.00
   330     6     2 1    16 2   -.33347379E-01   1.00
   331     6     2 3    48 1   0.33347379E-01   1.00
   332     6     1 1     5 3   0.33347379E-01   1.00
   333     6     2 2    45 1   0.33347379E-01   1.00
   334     6     1 1     9 2   0.33347379E-01   1.00
   335     6     1 3    42 2   0.33347379E-01   1.00
   336     6     2 2    12 3   0.33347379E-01   1.00
   337     6     1 1    36 2   -.33347379E-01   1.00
   338     6     2 2    18 1   -.33347379E-01   1.00
   339     6     2 3    46 2   -.33347379E-01   1.00
   340     6     1 2     7 3   -.33347379E-01   1.00
   341     6     2 1    41 2   0.33347379E-01   1.00
   342     6     1 2    13 1   0.33347379E-01   1.00
   343     6     1 2    38 3   0.33347379E-01   1.00
   344     6     2 3    16 2   0.33347379E-01   1.00
   345     6     1 1    36 3   -.33347379E-01   1.00
   346     6     2 3    18 1   -.33347379E-01   1.00
   347     6     2 2    39 3   -.33347379E-01   1.00
   348     6     1 3    15 2   -.33347379E-01   1.00
   349     6     2 1    37 3   0.33347379E-01   1.00
   350     6     1 3    17 1   0.33347379E-01   1.00
   351     6     2 3    48 2   0.33347379E-01   1.00
   352     6     1 2     5 3   0.33347379E-01   1.00
   353     6     1 3    31 2   -.33347379E-01   1.00
   354     6     2 2    24 3   -.33347379E-01   1.00
   355     6     2 1    34 2   0.33347379E-01   1.00
   356     6     1 2    21 1   0.33347379E-01   1.00
   357     6     1 1    17 2   -.33347379E-01   1.00
   358     6     2 2    37 1   -.33347379E-01   1.00
   359     6     2 3    46 1   -.33347379E-01   1.00
   360     6     1 1     7 3   -.33347379E-01   1.00
   361     6     1 3    31 1   0.33347379E-01   1.00
   362     6     2 1    24 3   0.33347379E-01   1.00
   363     6     2 2    30 1   0.33347379E-01   1.00
   364     6     1 1    25 2   0.33347379E-01   1.00
   365     6     1 2    15 1   -.33347379E-01   1.00
   366     6     2 1    39 2   -.33347379E-01   1.00
   367     6     2 2    45 3   0.33347379E-01   1.00
   368     6     1 3     9 2   0.33347379E-01   1.00
   369     6     2 1    34 3   0.33347379E-01   1.00
   370     6     1 3    21 1   0.33347379E-01   1.00
   371     6     1 2    25 3   -.33347379E-01   1.00
   372     6     2 3    30 2   -.33347379E-01   1.00
   373     6     1 1    13 3   -.33347379E-01   1.00
   374     6     2 3    41 1   -.33347379E-01   1.00
   375     6     2 1    41 3   -.33347379E-01   1.00
   376     6     1 3    13 1   -.33347379E-01   1.00
   377     6     2 2    30 3   -.33347379E-01   1.00
   378     6     1 3    25 2   -.33347379E-01   1.00
   379     6     1 1    21 3   0.33347379E-01   1.00
   380     6     2 3    34 1   0.33347379E-01   1.00
   381     6     1 2     9 3   0.33347379E-01   1.00
   382     6     2 3    45 2   0.33347379E-01   1.00
   383     6     2 2    39 1   -.33347379E-01   1.00
   384     6     1 1    15 2   -.33347379E-01   1.00
   385     6     1 2    25 1   0.33347379E-01   1.00
   386     6     2 1    30 2   0.33347379E-01   1.00
   387     6     2 3    24 1   0.33347379E-01   1.00
   388     6     1 1    31 3   0.33347379E-01   1.00
   389     6     1 3     7 1   -.33347379E-01   1.00
   390     6     2 1    46 3   -.33347379E-01   1.00
   391     6     2 1    37 2   -.33347379E-01   1.00
   392     6     1 2    17 1   -.33347379E-01   1.00
   393     6     1 1    21 2   0.33347379E-01   1.00
   394     6     2 2    34 1   0.33347379E-01   1.00
   395     6     2 3    24 2   -.33347379E-01   1.00
   396     6     1 2    31 3   -.33347379E-01   1.00
   397     6     1 3     5 2   0.33347379E-01   1.00
   398     6     2 2    48 3   0.33347379E-01   1.00
   399     6     1 1    17 3   0.33347379E-01   1.00
   400     6     2 3    37 1   0.33347379E-01   1.00
   401     6     1 2    15 3   -.33347379E-01   1.00
   402     6     2 3    39 2   -.33347379E-01   1.00
   403     6     2 1    18 3   -.33347379E-01   1.00
   404     6     1 3    36 1   -.33347379E-01   1.00
   405     6     2 2    16 3   0.33347379E-01   1.00
   406     6     1 3    38 2   0.33347379E-01   1.00
   407     6     1 1    13 2   0.33347379E-01   1.00
   408     6     2 2    41 1   0.33347379E-01   1.00
   409     6     1 3     7 2   -.33347379E-01   1.00
   410     6     2 2    46 3   -.33347379E-01   1.00
   411     6     2 1    18 2   -.33347379E-01   1.00
   412     6     1 2    36 1   -.33347379E-01   1.00
   413     6     2 3    12 2   0.33347379E-01   1.00
   414     6     1 2    42 3   0.33347379E-01   1.00
   415     6     1 2     9 1   0.33347379E-01   1.00
   416     6     2 1    45 2   0.33347379E-01   1.00
   417     6     2 2    16 1   -.33347379E-01   1.00
   418     6     1 1    38 2   -.33347379E-01   1.00
   419     6     2 3    12 1   -.33347379E-01   1.00
   420     6     1 1    42 3   -.33347379E-01   1.00
   421     6     5 1     1 3   0.33347379E-01   1.00
   422     6    48 3     2 1   0.33347379E-01   1.00
   423     6    42 1     1 3   -.33347379E-01   1.00
   424     6    12 3     2 1   -.33347379E-01   1.00
   425     6    38 1     1 2   -.33347379E-01   1.00
   426     6    16 2     2 1   -.33347379E-01   1.00
   427     6    48 1     2 3   0.33347379E-01   1.00
   428     6     5 3     1 1   0.33347379E-01   1.00
   429     6    45 1     2 2   0.33347379E-01   1.00
   430     6     9 2     1 1   0.33347379E-01   1.00
   431     6    42 2     1 3   0.33347379E-01   1.00
   432     6    12 3     2 2   0.33347379E-01   1.00
   433     6    36 2     1 1   -.33347379E-01   1.00
   434     6    18 1     2 2   -.33347379E-01   1.00
   435     6    46 2     2 3   -.33347379E-01   1.00
   436     6     7 3     1 2   -.33347379E-01   1.00
   437     6    41 2     2 1   0.33347379E-01   1.00
   438     6    13 1     1 2   0.33347379E-01   1.00
   439     6    38 3     1 2   0.33347379E-01   1.00
   440     6    16 2     2 3   0.33347379E-01   1.00
   441     6    36 3     1 1   -.33347379E-01   1.00
   442     6    18 1     2 3   -.33347379E-01   1.00
   443     6    39 3     2 2   -.33347379E-01   1.00
   444     6    15 2     1 3   -.33347379E-01   1.00
   445     6    37 3     2 1   0.33347379E-01   1.00
   446     6    17 1     1 3   0.33347379E-01   1.00
   447     6    48 2     2 3   0.33347379E-01   1.00
   448     6     5 3     1 2   0.33347379E-01   1.00
   449     6    31 2     1 3   -.33347379E-01   1.00
   450     6    24 3     2 2   -.33347379E-01   1.00
   451     6    34 2     2 1   0.33347379E-01   1.00
   452     6    21 1     1 2   0.33347379E-01   1.00
   453     6    17 2     1 1   -.33347379E-01   1.00
   454     6    37 1     2 2   -.33347379E-01   1.00
   455     6    46 1     2 3   -.33347379E-01   1.00
   456     6     7 3     1 1   -.33347379E-01   1.00
   457     6    31 1     1 3   0.33347379E-01   1.00
   458     6    24 3     2 1   0.33347379E-01   1.00
   459     6    30 1     2 2   0.33347379E-01   1.00
   460     6    25 2     1 1   0.33347379E-01   1.00
   461     6    15 1     1 2   -.33347379E-01   1.00
   462     6    39 2     2 1   -.33347379E-01   1.00
   463     6    45 3     2 2   0.33347379E-01   1.00
   464     6     9 2     1 3   0.33347379E-01   1.00
   465     6    34 3     2 1   0.33347379E-01   1.00
   466     6    21 1     1 3   0.33347379E-01   1.00
   467     6    25 3     1 2   -.33347379E-01   1.00
   468     6    30 2     2 3   -.33347379E-01   1.00
   469     6    13 3     1 1   -.33347379E-01   1.00
   470     6    41 1     2 3   -.33347379E-01   1.00
   471     6    41 3     2 1   -.33347379E-01   1.00
   472     6    13 1     1 3   -.33347379E-01   1.00
   473     6    30 3     2 2   -.33347379E-01   1.00
   474     6    25 2     1 3   -.33347379E-01   1.00
   475     6    21 3     1 1   0.33347379E-01   1.00
   476     6    34 1     2 3   0.33347379E-01   1.00
   477     6     9 3     1 2   0.33347379E-01   1.00
   478     6    45 2     2 3   0.33347379E-01   1.00
   479     6    39 1     2 2   -.33347379E-01   1.00
   480     6    15 2     1 1   -.33347379E-01   1.00
   481     6    25 1     1 2   0.33347379E-01   1.00
   482     6    30 2     2 1   0.33347379E-01   1.00
   483     6    24 1     2 3   0.33347379E-01   1.00
   484     6    31 3     1 1   0.33347379E-01   1.00
   485     6     7 1     1 3   -.33347379E-01   1.00
   486     6    46 3     2 1   -.33347379E-01   1.00
   487     6    37 2     2 1   -.33347379E-01   1.00
   488     6    17 1     1 2   -.33347379E-01   1.00
   489     6    21 2     1 1   0.33347379E-01   1.00
   490     6    34 1     2 2   0.33347379E-01   1.00
   491     6    24 2     2 3   -.33347379E-01   1.00
   492     6    31 3     1 2   -.33347379E-01   1.00
   493     6     5 2     1 3   0.33347379E-01   1.00
   494     6    48 3     2 2   0.33347379E-01   1.00
   495     6    17 3     1 1   0.33347379E-01   1.00
   496     6    37 1     2 3   0.33347379E-01   1.00
   497     6    15 3     1 2   -.33347379E-01   1.00
   498     6    39 2     2 3   -.33347379E-01   1.00
   499     6    18 3     2 1   -.33347379E-01   1.00
   500     6    36 1     1 3   -.33347379E-01   1.00
   501     6    16 3     2 2   0.33347379E-01   1.00
   502     6    38 2     1 3   0.33347379E-01   1.00
   503     6    13 2     1 1   0.33347379E-01   1.00
   504     6    41 1     2 2   0.33347379E-01   1.00
   505     6     7 2     1 3   -.33347379E-01   1.00
   506     6    46 3     2 2   -.33347379E-01   1.00
   507     6    18 2     2 1   -.33347379E-01   1.00
   508     6    36 1     1 2   -.33347379E-01   1.00
   509     6    12 2     2 3   0.33347379E-01   1.00
   510     6    42 3     1 2   0.33347379E-01   1.00
   511     6     9 1     1 2   0.33347379E-01   1.00
   512     6    45 2     2 1   0.33347379E-01   1.00
   513     6    16 1     2 2   -.33347379E-01   1.00
   514     6    38 2     1 1   -.33347379E-01   1.00
   515     6    12 1     2 3   -.33347379E-01   1.00
   516     6    42 3     1 1   -.33347379E-01   1.00
   517     7     1 3     5 3   0.14977374E-01   1.00
   518     7     2 3    48 3   0.14977374E-01   1.00
   519     7     1 3    42 3   0.14977374E-01   1.00
   520     7     2 3    12 3   0.14977374E-01   1.00
   521     7     1 2    38 2   0.14977374E-01   1.00
   522     7     2 2    16 2   0.14977374E-01   1.00
   523     7     2 2    45 2   0.14977374E-01   1.00
   524     7     1 2     9 2   0.14977374E-01   1.00
   525     7     1 1    36 1   0.14977374E-01   1.00
   526     7     2 1    18 1   0.14977374E-01   1.00
   527     7     2 3    46 3   0.14977374E-01   1.00
   528     7     1 3     7 3   0.14977374E-01   1.00
   529     7     2 1    41 1   0.14977374E-01   1.00
   530     7     1 1    13 1   0.14977374E-01   1.00
   531     7     2 2    39 2   0.14977374E-01   1.00
   532     7     1 2    15 2   0.14977374E-01   1.00
   533     7     2 1    37 1   0.14977374E-01   1.00
   534     7     1 1    17 1   0.14977374E-01   1.00
   535     7     1 3    31 3   0.14977374E-01   1.00
   536     7     2 3    24 3   0.14977374E-01   1.00
   537     7     2 1    34 1   0.14977374E-01   1.00
   538     7     1 1    21 1   0.14977374E-01   1.00
   539     7     2 2    30 2   0.14977374E-01   1.00
   540     7     1 2    25 2   0.14977374E-01   1.00
   541     7     5 3     1 3   0.14977374E-01   1.00
   542     7    48 3     2 3   0.14977374E-01   1.00
   543     7    42 3     1 3   0.14977374E-01   1.00
   544     7    12 3     2 3   0.14977374E-01   1.00
   545     7    38 2     1 2   0.14977374E-01   1.00
   546     7    16 2     2 2   0.14977374E-01   1.00
   547     7    45 2     2 2   0.14977374E-01   1.00
   548     7     9 2     1 2   0.14977374E-01   1.00
   549     7    36 1     1 1   0.14977374E-01   1.00
   550     7    18 1     2 1   0.14977374E-01   1.00
   551     7    46 3     2 3   0.14977374E-01   1.00
   552     7     7 3     1 3   0.14977374E-01   1.00
   553     7    41 1     2 1   0.14977374E-01   1.00
   554     7    13 1     1 1   0.14977374E-01   1.00
   555     7    39 2     2 2   0.14977374E-01   1.00
   556     7    15 2     1 2   0.14977374E-01   1.00
   557     7    37 1     2 1   0.14977374E-01   1.00
   558     7    17 1     1 1   0.14977374E-01   1.00
   559     7    31 3     1 3   0.14977374E-01   1.00
   560     7    24 3     2 3   0.14977374E-01   1.00
   561     7    34 1     2 1   0.14977374E-01   1.00
   562     7    21 1     1 1   0.14977374E-01   1.00
   563     7    30 2     2 2   0.14977374E-01   1.00
   564     7    25 2     1 2   0.14977374E-01   1.00
   565     8     1 1     6 1   -.20381494E-01   1.00
   566     8     1 1    46 1   -.20381494E-01   1.00
   567     8     1 1    39 1   -.20381494E-01   1.00
   568     8     1 1    14 1   -.20381494E-01   1.00
   569     8     2 1    47 1   -.20381494E-01   1.00
   570     8     2 1     7 1   -.20381494E-01   1.00
   571     8     2 1    40 1   -.20381494E-01   1.00
   572     8     2 1    15 1   -.20381494E-01   1.00
   573     8     1 2    46 2   -.20381494E-01   1.00
   574     8     1 2     6 2   -.20381494E-01   1.00
   575     8     1 2    35 2   -.20381494E-01   1.00
   576     8     1 2    18 2   -.20381494E-01   1.00
   577     8     2 2    47 2   -.20381494E-01   1.00
   578     8     2 2     7 2   -.20381494E-01   1.00
   579     8     2 2    36 2   -.20381494E-01   1.00
   580     8     2 2    19 2   -.20381494E-01   1.00
   581     8     1 3    39 3   -.20381494E-01   1.00
   582     8     1 3    14 3   -.20381494E-01   1.00
   583     8     1 3    35 3   -.20381494E-01   1.00
   584     8     1 3    18 3   -.20381494E-01   1.00
   585     8     2 3    40 3   -.20381494E-01   1.00
   586     8     2 3    15 3   -.20381494E-01   1.00
   587     8     2 3    36 3   -.20381494E-01   1.00
   588     8     2 3    19 3   -.20381494E-01   1.00
   589     8     6 1     1 1   -.20381494E-01   1.00
   590     8    46 1     1 1   -.20381494E-01   1.00
   591     8    39 1     1 1   -.20381494E-01   1.00
   592     8    14 1     1 1   -.20381494E-01   1.00
   593     8    47 1     2 1   -.20381494E-01   1.00
   594     8     7 1     2 1   -.20381494E-01   1.00
   595     8    40 1     2 1   -.20381494E-01   1.00
   596     8    15 1     2 1   -.20381494E-01   1.00
   597     8    46 2     1 2   -.20381494E-01   1.00
   598     8     6 2     1 2   -.20381494E-01   1.00
   599     8    35 2     1 2   -.20381494E-01   1.00
   600     8    18 2     1 2   -.20381494E-01   1.00
   601     8    47 2     2 2   -.20381494E-01   1.00
   602     8     7 2     2 2   -.20381494E-01   1.00
   603     8    36 2     2 2   -.20381494E-01   1.00
   604     8    19 2     2 2   -.20381494E-01   1.00
   605     8    39 3     1 3   -.20381494E-01   1.00
   606     8    14 3     1 3   -.20381494E-01   1.00
   607     8    35 3     1 3   -.20381494E-01   1.00
   608     8    18 3     1 3   -.20381494E-01   1.00
   609     8    40 3     2 3   -.20381494E-01   1.00
   610     8    15 3     2 3   -.20381494E-01   1.00
   611     8    36 3     2 3   -.20381494E-01   1.00
   612     8    19 3     2 3   -.20381494E-01   1.00
   613     9     1 3     6 3   -.70885363E-02   1.00
   614     9     1 3    46 3   -.70885363E-02   1.00
   615     9     1 2    39 2   -.70885363E-02   1.00
   616     9     1 2    14 2   -.70885363E-02   1.00
   617     9     2 3    47 3   -.70885363E-02   1.00
   618     9     2 3     7 3   -.70885363E-02   1.00
   619     9     2 2    40 2   -.70885363E-02   1.00
   620     9     2 2    15 2   -.70885363E-02   1.00
   621     9     1 1    35 1   -.70885363E-02   1.00
   622     9     1 1    18 1   -.70885363E-02   1.00
   623     9     2 1    36 1   -.70885363E-02   1.00
   624     9     2 1    19 1   -.70885363E-02   1.00
   625     9     6 3     1 3   -.70885363E-02   1.00
   626     9    46 3     1 3   -.70885363E-02   1.00
   627     9    39 2     1 2   -.70885363E-02   1.00
   628     9    14 2     1 2   -.70885363E-02   1.00
   629     9    47 3     2 3   -.70885363E-02   1.00
   630     9     7 3     2 3   -.70885363E-02   1.00
   631     9    40 2     2 2   -.70885363E-02   1.00
   632     9    15 2     2 2   -.70885363E-02   1.00
   633     9    35 1     1 1   -.70885363E-02   1.00
   634     9    18 1     1 1   -.70885363E-02   1.00
   635     9    36 1     2 1   -.70885363E-02   1.00
   636     9    19 1     2 1   -.70885363E-02   1.00
   637    10     1 1    10 1   0.43341843       1.00
   638    10     1 1    43 1   0.43341843       1.00
   639    10     2 1    44 1   0.43341843       1.00
   640    10     2 1    11 1   0.43341843       1.00
   641    10     1 2    41 2   0.43341843       1.00
   642    10     1 2    12 2   0.43341843       1.00
   643    10     2 2    42 2   0.43341843       1.00
   644    10     2 2    13 2   0.43341843       1.00
   645    10     1 3    37 3   0.43341843       1.00
   646    10     1 3    16 3   0.43341843       1.00
   647    10     2 3    38 3   0.43341843       1.00
   648    10     2 3    17 3   0.43341843       1.00
   649    10     2 2    33 2   0.43341843       1.00
   650    10     2 2    23 2   0.43341843       1.00
   651    10     1 2    32 2   0.43341843       1.00
   652    10     1 2    22 2   0.43341843       1.00
   653    10     2 1    31 1   0.43341843       1.00
   654    10     2 1    25 1   0.43341843       1.00
   655    10     1 1    30 1   0.43341843       1.00
   656    10     1 1    24 1   0.43341843       1.00
   657    10     2 3    29 3   0.43341843       1.00
   658    10     2 3    27 3   0.43341843       1.00
   659    10     1 3    28 3   0.43341843       1.00
   660    10     1 3    26 3   0.43341843       1.00
   661    10    10 1     1 1   0.43341843       1.00
   662    10    43 1     1 1   0.43341843       1.00
   663    10    44 1     2 1   0.43341843       1.00
   664    10    11 1     2 1   0.43341843       1.00
   665    10    41 2     1 2   0.43341843       1.00
   666    10    12 2     1 2   0.43341843       1.00
   667    10    42 2     2 2   0.43341843       1.00
   668    10    13 2     2 2   0.43341843       1.00
   669    10    37 3     1 3   0.43341843       1.00
   670    10    16 3     1 3   0.43341843       1.00
   671    10    38 3     2 3   0.43341843       1.00
   672    10    17 3     2 3   0.43341843       1.00
   673    10    33 2     2 2   0.43341843       1.00
   674    10    23 2     2 2   0.43341843       1.00
   675    10    32 2     1 2   0.43341843       1.00
   676    10    22 2     1 2   0.43341843       1.00
   677    10    31 1     2 1   0.43341843       1.00
   678    10    25 1     2 1   0.43341843       1.00
   679    10    30 1     1 1   0.43341843       1.00
   680    10    24 1     1 1   0.43341843       1.00
   681    10    29 3     2 3   0.43341843       1.00
   682    10    27 3     2 3   0.43341843       1.00
   683    10    28 3     1 3   0.43341843       1.00
   684    10    26 3     1 3   0.43341843       1.00
   685    11     1 2    10 1   0.10242656       1.00
   686    11     1 1    43 2   0.10242656       1.00
   687    11     1 2    43 1   -.10242656       1.00
   688    11     1 1    10 2   -.10242656       1.00
   689    11     1 3    43 1   -.10242656       1.00
   690    11     1 1    10 3   -.10242656       1.00
   691    11     2 2    44 1   0.10242656       1.00
   692    11     2 1    11 2   0.10242656       1.00
   693    11     2 3    44 1   0.10242656       1.00
   694    11     2 1    11 3   0.10242656       1.00
   695    11     1 1    41 2   -.10242656       1.00
   696    11     1 2    12 1   -.10242656       1.00
   697    11     1 3    41 2   0.10242656       1.00
   698    11     1 2    12 3   0.10242656       1.00
   699    11     2 1    42 2   0.10242656       1.00
   700    11     2 2    13 1   0.10242656       1.00
   701    11     2 3    42 2   -.10242656       1.00
   702    11     2 2    13 3   -.10242656       1.00
   703    11     1 1    37 3   -.10242656       1.00
   704    11     1 3    16 1   -.10242656       1.00
   705    11     1 2    37 3   0.10242656       1.00
   706    11     1 3    16 2   0.10242656       1.00
   707    11     2 1    38 3   0.10242656       1.00
   708    11     2 3    17 1   0.10242656       1.00
   709    11     2 2    38 3   -.10242656       1.00
   710    11     2 3    17 2   -.10242656       1.00
   711    11     2 1    33 2   0.10242656       1.00
   712    11     2 2    23 1   0.10242656       1.00
   713    11     1 1    32 2   -.10242656       1.00
   714    11     1 2    22 1   -.10242656       1.00
   715    11     2 3    33 2   0.10242656       1.00
   716    11     2 2    23 3   0.10242656       1.00
   717    11     1 3    32 2   -.10242656       1.00
   718    11     1 2    22 3   -.10242656       1.00
   719    11     2 2    31 1   0.10242656       1.00
   720    11     2 1    25 2   0.10242656       1.00
   721    11     1 2    30 1   -.10242656       1.00
   722    11     1 1    24 2   -.10242656       1.00
   723    11     2 3    31 1   -.10242656       1.00
   724    11     2 1    25 3   -.10242656       1.00
   725    11     1 3    30 1   0.10242656       1.00
   726    11     1 1    24 3   0.10242656       1.00
   727    11     2 1    29 3   0.10242656       1.00
   728    11     2 3    27 1   0.10242656       1.00
   729    11     2 2    29 3   0.10242656       1.00
   730    11     2 3    27 2   0.10242656       1.00
   731    11     1 1    28 3   -.10242656       1.00
   732    11     1 3    26 1   -.10242656       1.00
   733    11     1 2    28 3   -.10242656       1.00
   734    11     1 3    26 2   -.10242656       1.00
   735    11     2 2    27 3   -.10242656       1.00
   736    11     2 3    29 2   -.10242656       1.00
   737    11     2 1    27 3   -.10242656       1.00
   738    11     2 3    29 1   -.10242656       1.00
   739    11     1 2    26 3   0.10242656       1.00
   740    11     1 3    28 2   0.10242656       1.00
   741    11     1 1    26 3   0.10242656       1.00
   742    11     1 3    28 1   0.10242656       1.00
   743    11     2 3    25 1   0.10242656       1.00
   744    11     2 1    31 3   0.10242656       1.00
   745    11     1 3    24 1   -.10242656       1.00
   746    11     1 1    30 3   -.10242656       1.00
   747    11     2 2    25 1   -.10242656       1.00
   748    11     2 1    31 2   -.10242656       1.00
   749    11     1 2    24 1   0.10242656       1.00
   750    11     1 1    30 2   0.10242656       1.00
   751    11     2 3    23 2   -.10242656       1.00
   752    11     2 2    33 3   -.10242656       1.00
   753    11     1 3    22 2   0.10242656       1.00
   754    11     1 2    32 3   0.10242656       1.00
   755    11     2 1    23 2   -.10242656       1.00
   756    11     2 2    33 1   -.10242656       1.00
   757    11     1 1    22 2   0.10242656       1.00
   758    11     1 2    32 1   0.10242656       1.00
   759    11     1 2    16 3   -.10242656       1.00
   760    11     1 3    37 2   -.10242656       1.00
   761    11     1 1    16 3   0.10242656       1.00
   762    11     1 3    37 1   0.10242656       1.00
   763    11     2 2    17 3   0.10242656       1.00
   764    11     2 3    38 2   0.10242656       1.00
   765    11     2 1    17 3   -.10242656       1.00
   766    11     2 3    38 1   -.10242656       1.00
   767    11     1 3    12 2   -.10242656       1.00
   768    11     1 2    41 3   -.10242656       1.00
   769    11     1 1    12 2   0.10242656       1.00
   770    11     1 2    41 1   0.10242656       1.00
   771    11     2 3    13 2   0.10242656       1.00
   772    11     2 2    42 3   0.10242656       1.00
   773    11     2 1    13 2   -.10242656       1.00
   774    11     2 2    42 1   -.10242656       1.00
   775    11     1 3    10 1   0.10242656       1.00
   776    11     1 1    43 3   0.10242656       1.00
   777    11     2 3    11 1   -.10242656       1.00
   778    11     2 1    44 3   -.10242656       1.00
   779    11     2 2    11 1   -.10242656       1.00
   780    11     2 1    44 2   -.10242656       1.00
   781    11    10 1     1 2   0.10242656       1.00
   782    11    43 2     1 1   0.10242656       1.00
   783    11    43 1     1 2   -.10242656       1.00
   784    11    10 2     1 1   -.10242656       1.00
   785    11    43 1     1 3   -.10242656       1.00
   786    11    10 3     1 1   -.10242656       1.00
   787    11    44 1     2 2   0.10242656       1.00
   788    11    11 2     2 1   0.10242656       1.00
   789    11    44 1     2 3   0.10242656       1.00
   790    11    11 3     2 1   0.10242656       1.00
   791    11    41 2     1 1   -.10242656       1.00
   792    11    12 1     1 2   -.10242656       1.00
   793    11    41 2     1 3   0.10242656       1.00
   794    11    12 3     1 2   0.10242656       1.00
   795    11    42 2     2 1   0.10242656       1.00
   796    11    13 1     2 2   0.10242656       1.00
   797    11    42 2     2 3   -.10242656       1.00
   798    11    13 3     2 2   -.10242656       1.00
   799    11    37 3     1 1   -.10242656       1.00
   800    11    16 1     1 3   -.10242656       1.00
   801    11    37 3     1 2   0.10242656       1.00
   802    11    16 2     1 3   0.10242656       1.00
   803    11    38 3     2 1   0.10242656       1.00
   804    11    17 1     2 3   0.10242656       1.00
   805    11    38 3     2 2   -.10242656       1.00
   806    11    17 2     2 3   -.10242656       1.00
   807    11    33 2     2 1   0.10242656       1.00
   808    11    23 1     2 2   0.10242656       1.00
   809    11    32 2     1 1   -.10242656       1.00
   810    11    22 1     1 2   -.10242656       1.00
   811    11    33 2     2 3   0.10242656       1.00
   812    11    23 3     2 2   0.10242656       1.00
   813    11    32 2     1 3   -.10242656       1.00
   814    11    22 3     1 2   -.10242656       1.00
   815    11    31 1     2 2   0.10242656       1.00
   816    11    25 2     2 1   0.10242656       1.00
   817    11    30 1     1 2   -.10242656       1.00
   818    11    24 2     1 1   -.10242656       1.00
   819    11    31 1     2 3   -.10242656       1.00
   820    11    25 3     2 1   -.10242656       1.00
   821    11    30 1     1 3   0.10242656       1.00
   822    11    24 3     1 1   0.10242656       1.00
   823    11    29 3     2 1   0.10242656       1.00
   824    11    27 1     2 3   0.10242656       1.00
   825    11    29 3     2 2   0.10242656       1.00
   826    11    27 2     2 3   0.10242656       1.00
   827    11    28 3     1 1   -.10242656       1.00
   828    11    26 1     1 3   -.10242656       1.00
   829    11    28 3     1 2   -.10242656       1.00
   830    11    26 2     1 3   -.10242656       1.00
   831    11    27 3     2 2   -.10242656       1.00
   832    11    29 2     2 3   -.10242656       1.00
   833    11    27 3     2 1   -.10242656       1.00
   834    11    29 1     2 3   -.10242656       1.00
   835    11    26 3     1 2   0.10242656       1.00
   836    11    28 2     1 3   0.10242656       1.00
   837    11    26 3     1 1   0.10242656       1.00
   838    11    28 1     1 3   0.10242656       1.00
   839    11    25 1     2 3   0.10242656       1.00
   840    11    31 3     2 1   0.10242656       1.00
   841    11    24 1     1 3   -.10242656       1.00
   842    11    30 3     1 1   -.10242656       1.00
   843    11    25 1     2 2   -.10242656       1.00
   844    11    31 2     2 1   -.10242656       1.00
   845    11    24 1     1 2   0.10242656       1.00
   846    11    30 2     1 1   0.10242656       1.00
   847    11    23 2     2 3   -.10242656       1.00
   848    11    33 3     2 2   -.10242656       1.00
   849    11    22 2     1 3   0.10242656       1.00
   850    11    32 3     1 2   0.10242656       1.00
   851    11    23 2     2 1   -.10242656       1.00
   852    11    33 1     2 2   -.10242656       1.00
   853    11    22 2     1 1   0.10242656       1.00
   854    11    32 1     1 2   0.10242656       1.00
   855    11    16 3     1 2   -.10242656       1.00
   856    11    37 2     1 3   -.10242656       1.00
   857    11    16 3     1 1   0.10242656       1.00
   858    11    37 1     1 3   0.10242656       1.00
   859    11    17 3     2 2   0.10242656       1.00
   860    11    38 2     2 3   0.10242656       1.00
   861    11    17 3     2 1   -.10242656       1.00
   862    11    38 1     2 3   -.10242656       1.00
   863    11    12 2     1 3   -.10242656       1.00
   864    11    41 3     1 2   -.10242656       1.00
   865    11    12 2     1 1   0.10242656       1.00
   866    11    41 1     1 2   0.10242656       1.00
   867    11    13 2     2 3   0.10242656       1.00
   868    11    42 3     2 2   0.10242656       1.00
   869    11    13 2     2 1   -.10242656       1.00
   870    11    42 1     2 2   -.10242656       1.00
   871    11    10 1     1 3   0.10242656       1.00
   872    11    43 3     1 1   0.10242656       1.00
   873    11    11 1     2 3   -.10242656       1.00
   874    11    44 3     2 1   -.10242656       1.00
   875    11    11 1     2 2   -.10242656       1.00
   876    11    44 2     2 1   -.10242656       1.00
   877    12     1 2    10 2   -.19021730       1.00
   878    12     1 2    43 2   -.19021730       1.00
   879    12     1 3    43 3   -.19021730       1.00
   880    12     1 3    10 3   -.19021730       1.00
   881    12     2 2    44 2   -.19021730       1.00
   882    12     2 2    11 2   -.19021730       1.00
   883    12     2 3    44 3   -.19021730       1.00
   884    12     2 3    11 3   -.19021730       1.00
   885    12     1 1    41 1   -.19021730       1.00
   886    12     1 1    12 1   -.19021730       1.00
   887    12     1 3    41 3   -.19021730       1.00
   888    12     1 3    12 3   -.19021730       1.00
   889    12     2 1    42 1   -.19021730       1.00
   890    12     2 1    13 1   -.19021730       1.00
   891    12     2 3    42 3   -.19021730       1.00
   892    12     2 3    13 3   -.19021730       1.00
   893    12     1 1    37 1   -.19021730       1.00
   894    12     1 1    16 1   -.19021730       1.00
   895    12     1 2    37 2   -.19021730       1.00
   896    12     1 2    16 2   -.19021730       1.00
   897    12     2 1    38 1   -.19021730       1.00
   898    12     2 1    17 1   -.19021730       1.00
   899    12     2 2    38 2   -.19021730       1.00
   900    12     2 2    17 2   -.19021730       1.00
   901    12     2 1    33 1   -.19021730       1.00
   902    12     2 1    23 1   -.19021730       1.00
   903    12     1 1    32 1   -.19021730       1.00
   904    12     1 1    22 1   -.19021730       1.00
   905    12     2 3    33 3   -.19021730       1.00
   906    12     2 3    23 3   -.19021730       1.00
   907    12     1 3    32 3   -.19021730       1.00
   908    12     1 3    22 3   -.19021730       1.00
   909    12     2 2    31 2   -.19021730       1.00
   910    12     2 2    25 2   -.19021730       1.00
   911    12     1 2    30 2   -.19021730       1.00
   912    12     1 2    24 2   -.19021730       1.00
   913    12     2 3    31 3   -.19021730       1.00
   914    12     2 3    25 3   -.19021730       1.00
   915    12     1 3    30 3   -.19021730       1.00
   916    12     1 3    24 3   -.19021730       1.00
   917    12     2 1    29 1   -.19021730       1.00
   918    12     2 1    27 1   -.19021730       1.00
   919    12     2 2    29 2   -.19021730       1.00
   920    12     2 2    27 2   -.19021730       1.00
   921    12     1 1    28 1   -.19021730       1.00
   922    12     1 1    26 1   -.19021730       1.00
   923    12     1 2    28 2   -.19021730       1.00
   924    12     1 2    26 2   -.19021730       1.00
   925    12    10 2     1 2   -.19021730       1.00
   926    12    43 2     1 2   -.19021730       1.00
   927    12    43 3     1 3   -.19021730       1.00
   928    12    10 3     1 3   -.19021730       1.00
   929    12    44 2     2 2   -.19021730       1.00
   930    12    11 2     2 2   -.19021730       1.00
   931    12    44 3     2 3   -.19021730       1.00
   932    12    11 3     2 3   -.19021730       1.00
   933    12    41 1     1 1   -.19021730       1.00
   934    12    12 1     1 1   -.19021730       1.00
   935    12    41 3     1 3   -.19021730       1.00
   936    12    12 3     1 3   -.19021730       1.00
   937    12    42 1     2 1   -.19021730       1.00
   938    12    13 1     2 1   -.19021730       1.00
   939    12    42 3     2 3   -.19021730       1.00
   940    12    13 3     2 3   -.19021730       1.00
   941    12    37 1     1 1   -.19021730       1.00
   942    12    16 1     1 1   -.19021730       1.00
   943    12    37 2     1 2   -.19021730       1.00
   944    12    16 2     1 2   -.19021730       1.00
   945    12    38 1     2 1   -.19021730       1.00
   946    12    17 1     2 1   -.19021730       1.00
   947    12    38 2     2 2   -.19021730       1.00
   948    12    17 2     2 2   -.19021730       1.00
   949    12    33 1     2 1   -.19021730       1.00
   950    12    23 1     2 1   -.19021730       1.00
   951    12    32 1     1 1   -.19021730       1.00
   952    12    22 1     1 1   -.19021730       1.00
   953    12    33 3     2 3   -.19021730       1.00
   954    12    23 3     2 3   -.19021730       1.00
   955    12    32 3     1 3   -.19021730       1.00
   956    12    22 3     1 3   -.19021730       1.00
   957    12    31 2     2 2   -.19021730       1.00
   958    12    25 2     2 2   -.19021730       1.00
   959    12    30 2     1 2   -.19021730       1.00
   960    12    24 2     1 2   -.19021730       1.00
   961    12    31 3     2 3   -.19021730       1.00
   962    12    25 3     2 3   -.19021730       1.00
   963    12    30 3     1 3   -.19021730       1.00
   964    12    24 3     1 3   -.19021730       1.00
   965    12    29 1     2 1   -.19021730       1.00
   966    12    27 1     2 1   -.19021730       1.00
   967    12    29 2     2 2   -.19021730       1.00
   968    12    27 2     2 2   -.19021730       1.00
   969    12    28 1     1 1   -.19021730       1.00
   970    12    26 1     1 1   -.19021730       1.00
   971    12    28 2     1 2   -.19021730       1.00
   972    12    26 2     1 2   -.19021730       1.00
   973    13     1 3    10 2   -.19224258       1.00
   974    13     1 2    43 3   -.19224258       1.00
   975    13     1 3    43 2   -.19224258       1.00
   976    13     1 2    10 3   -.19224258       1.00
   977    13     2 3    44 2   -.19224258       1.00
   978    13     2 2    11 3   -.19224258       1.00
   979    13     2 2    44 3   -.19224258       1.00
   980    13     2 3    11 2   -.19224258       1.00
   981    13     1 3    41 1   0.19224258       1.00
   982    13     1 1    12 3   0.19224258       1.00
   983    13     1 1    41 3   0.19224258       1.00
   984    13     1 3    12 1   0.19224258       1.00
   985    13     2 3    42 1   0.19224258       1.00
   986    13     2 1    13 3   0.19224258       1.00
   987    13     2 1    42 3   0.19224258       1.00
   988    13     2 3    13 1   0.19224258       1.00
   989    13     1 2    37 1   0.19224258       1.00
   990    13     1 1    16 2   0.19224258       1.00
   991    13     1 1    37 2   0.19224258       1.00
   992    13     1 2    16 1   0.19224258       1.00
   993    13     2 2    38 1   0.19224258       1.00
   994    13     2 1    17 2   0.19224258       1.00
   995    13     2 1    38 2   0.19224258       1.00
   996    13     2 2    17 1   0.19224258       1.00
   997    13     2 3    33 1   -.19224258       1.00
   998    13     2 1    23 3   -.19224258       1.00
   999    13     1 3    32 1   -.19224258       1.00
  1000    13     1 1    22 3   -.19224258       1.00
  1001    13     2 1    33 3   -.19224258       1.00
  1002    13     2 3    23 1   -.19224258       1.00
  1003    13     1 1    32 3   -.19224258       1.00
  1004    13     1 3    22 1   -.19224258       1.00
  1005    13     2 3    31 2   0.19224258       1.00
  1006    13     2 2    25 3   0.19224258       1.00
  1007    13     1 3    30 2   0.19224258       1.00
  1008    13     1 2    24 3   0.19224258       1.00
  1009    13     2 2    31 3   0.19224258       1.00
  1010    13     2 3    25 2   0.19224258       1.00
  1011    13     1 2    30 3   0.19224258       1.00
  1012    13     1 3    24 2   0.19224258       1.00
  1013    13     2 2    29 1   -.19224258       1.00
  1014    13     2 1    27 2   -.19224258       1.00
  1015    13     2 1    29 2   -.19224258       1.00
  1016    13     2 2    27 1   -.19224258       1.00
  1017    13     1 2    28 1   -.19224258       1.00
  1018    13     1 1    26 2   -.19224258       1.00
  1019    13     1 1    28 2   -.19224258       1.00
  1020    13     1 2    26 1   -.19224258       1.00
  1021    13    10 2     1 3   -.19224258       1.00
  1022    13    43 3     1 2   -.19224258       1.00
  1023    13    43 2     1 3   -.19224258       1.00
  1024    13    10 3     1 2   -.19224258       1.00
  1025    13    44 2     2 3   -.19224258       1.00
  1026    13    11 3     2 2   -.19224258       1.00
  1027    13    44 3     2 2   -.19224258       1.00
  1028    13    11 2     2 3   -.19224258       1.00
  1029    13    41 1     1 3   0.19224258       1.00
  1030    13    12 3     1 1   0.19224258       1.00
  1031    13    41 3     1 1   0.19224258       1.00
  1032    13    12 1     1 3   0.19224258       1.00
  1033    13    42 1     2 3   0.19224258       1.00
  1034    13    13 3     2 1   0.19224258       1.00
  1035    13    42 3     2 1   0.19224258       1.00
  1036    13    13 1     2 3   0.19224258       1.00
  1037    13    37 1     1 2   0.19224258       1.00
  1038    13    16 2     1 1   0.19224258       1.00
  1039    13    37 2     1 1   0.19224258       1.00
  1040    13    16 1     1 2   0.19224258       1.00
  1041    13    38 1     2 2   0.19224258       1.00
  1042    13    17 2     2 1   0.19224258       1.00
  1043    13    38 2     2 1   0.19224258       1.00
  1044    13    17 1     2 2   0.19224258       1.00
  1045    13    33 1     2 3   -.19224258       1.00
  1046    13    23 3     2 1   -.19224258       1.00
  1047    13    32 1     1 3   -.19224258       1.00
  1048    13    22 3     1 1   -.19224258       1.00
  1049    13    33 3     2 1   -.19224258       1.00
  1050    13    23 1     2 3   -.19224258       1.00
  1051    13    32 3     1 1   -.19224258       1.00
  1052    13    22 1     1 3   -.19224258       1.00
  1053    13    31 2     2 3   0.19224258       1.00
  1054    13    25 3     2 2   0.19224258       1.00
  1055    13    30 2     1 3   0.19224258       1.00
  1056    13    24 3     1 2   0.19224258       1.00
  1057    13    31 3     2 2   0.19224258       1.00
  1058    13    25 2     2 3   0.19224258       1.00
  1059    13    30 3     1 2   0.19224258       1.00
  1060    13    24 2     1 3   0.19224258       1.00
  1061    13    29 1     2 2   -.19224258       1.00
  1062    13    27 2     2 1   -.19224258       1.00
  1063    13    29 2     2 1   -.19224258       1.00
  1064    13    27 1     2 2   -.19224258       1.00
  1065    13    28 1     1 2   -.19224258       1.00
  1066    13    26 2     1 1   -.19224258       1.00
  1067    13    28 2     1 1   -.19224258       1.00
  1068    13    26 1     1 2   -.19224258       1.00
  1069    14     1 1    29 1   -.16565742E-01   1.00
  1070    14     2 1    26 1   -.16565742E-01   1.00
  1071    14     1 1    55 1   -.16565742E-01   1.00
  1072    14     2 1    86 1   -.16565742E-01   1.00
  1073    14     1 1    52 1   -.16565742E-01   1.00
  1074    14     2 1    87 1   -.16565742E-01   1.00
  1075    14     2 1    22 1   -.16565742E-01   1.00
  1076    14     1 1    33 1   -.16565742E-01   1.00
  1077    14     1 2    55 2   -.16565742E-01   1.00
  1078    14     2 2    86 2   -.16565742E-01   1.00
  1079    14     1 2    50 2   -.16565742E-01   1.00
  1080    14     2 2   105 2   -.16565742E-01   1.00
  1081    14     2 2    97 2   -.16565742E-01   1.00
  1082    14     1 2    70 2   -.16565742E-01   1.00
  1083    14     2 2    69 2   -.16565742E-01   1.00
  1084    14     1 2    72 2   -.16565742E-01   1.00
  1085    14     1 3    52 3   -.16565742E-01   1.00
  1086    14     2 3    87 3   -.16565742E-01   1.00
  1087    14     1 3    50 3   -.16565742E-01   1.00
  1088    14     2 3   105 3   -.16565742E-01   1.00
  1089    14     2 3    99 3   -.16565742E-01   1.00
  1090    14     1 3    66 3   -.16565742E-01   1.00
  1091    14     2 3    73 3   -.16565742E-01   1.00
  1092    14     1 3    68 3   -.16565742E-01   1.00
  1093    14     2 2    26 2   -.16565742E-01   1.00
  1094    14     1 2    29 2   -.16565742E-01   1.00
  1095    14     1 2    76 2   -.16565742E-01   1.00
  1096    14     2 2    65 2   -.16565742E-01   1.00
  1097    14     2 2    10 2   -.16565742E-01   1.00
  1098    14     1 2    44 2   -.16565742E-01   1.00
  1099    14     1 2    68 2   -.16565742E-01   1.00
  1100    14     2 2    73 2   -.16565742E-01   1.00
  1101    14     2 1    97 1   -.16565742E-01   1.00
  1102    14     1 1    70 1   -.16565742E-01   1.00
  1103    14     1 1    76 1   -.16565742E-01   1.00
  1104    14     2 1    65 1   -.16565742E-01   1.00
  1105    14     2 1    61 1   -.16565742E-01   1.00
  1106    14     1 1    81 1   -.16565742E-01   1.00
  1107    14     1 1    66 1   -.16565742E-01   1.00
  1108    14     2 1    99 1   -.16565742E-01   1.00
  1109    14     2 3    22 3   -.16565742E-01   1.00
  1110    14     1 3    33 3   -.16565742E-01   1.00
  1111    14     2 3    10 3   -.16565742E-01   1.00
  1112    14     1 3    44 3   -.16565742E-01   1.00
  1113    14     1 3    81 3   -.16565742E-01   1.00
  1114    14     2 3    61 3   -.16565742E-01   1.00
  1115    14     1 3    72 3   -.16565742E-01   1.00
  1116    14     2 3    69 3   -.16565742E-01   1.00
  1117    14    29 1     1 1   -.16565742E-01   1.00
  1118    14    26 1     2 1   -.16565742E-01   1.00
  1119    14    55 1     1 1   -.16565742E-01   1.00
  1120    14    86 1     2 1   -.16565742E-01   1.00
  1121    14    52 1     1 1   -.16565742E-01   1.00
  1122    14    87 1     2 1   -.16565742E-01   1.00
  1123    14    22 1     2 1   -.16565742E-01   1.00
  1124    14    33 1     1 1   -.16565742E-01   1.00
  1125    14    55 2     1 2   -.16565742E-01   1.00
  1126    14    86 2     2 2   -.16565742E-01   1.00
  1127    14    50 2     1 2   -.16565742E-01   1.00
  1128    14   105 2     2 2   -.16565742E-01   1.00
  1129    14    97 2     2 2   -.16565742E-01   1.00
  1130    14    70 2     1 2   -.16565742E-01   1.00
  1131    14    69 2     2 2   -.16565742E-01   1.00
  1132    14    72 2     1 2   -.16565742E-01   1.00
  1133    14    52 3     1 3   -.16565742E-01   1.00
  1134    14    87 3     2 3   -.16565742E-01   1.00
  1135    14    50 3     1 3   -.16565742E-01   1.00
  1136    14   105 3     2 3   -.16565742E-01   1.00
  1137    14    99 3     2 3   -.16565742E-01   1.00
  1138    14    66 3     1 3   -.16565742E-01   1.00
  1139    14    73 3     2 3   -.16565742E-01   1.00
  1140    14    68 3     1 3   -.16565742E-01   1.00
  1141    14    26 2     2 2   -.16565742E-01   1.00
  1142    14    29 2     1 2   -.16565742E-01   1.00
  1143    14    76 2     1 2   -.16565742E-01   1.00
  1144    14    65 2     2 2   -.16565742E-01   1.00
  1145    14    10 2     2 2   -.16565742E-01   1.00
  1146    14    44 2     1 2   -.16565742E-01   1.00
  1147    14    68 2     1 2   -.16565742E-01   1.00
  1148    14    73 2     2 2   -.16565742E-01   1.00
  1149    14    97 1     2 1   -.16565742E-01   1.00
  1150    14    70 1     1 1   -.16565742E-01   1.00
  1151    14    76 1     1 1   -.16565742E-01   1.00
  1152    14    65 1     2 1   -.16565742E-01   1.00
  1153    14    61 1     2 1   -.16565742E-01   1.00
  1154    14    81 1     1 1   -.16565742E-01   1.00
  1155    14    66 1     1 1   -.16565742E-01   1.00
  1156    14    99 1     2 1   -.16565742E-01   1.00
  1157    14    22 3     2 3   -.16565742E-01   1.00
  1158    14    33 3     1 3   -.16565742E-01   1.00
  1159    14    10 3     2 3   -.16565742E-01   1.00
  1160    14    44 3     1 3   -.16565742E-01   1.00
  1161    14    81 3     1 3   -.16565742E-01   1.00
  1162    14    61 3     2 3   -.16565742E-01   1.00
  1163    14    72 3     1 3   -.16565742E-01   1.00
  1164    14    69 3     2 3   -.16565742E-01   1.00
  1165    15     1 2    29 1   -.22123151E-01   1.00
  1166    15     2 1    26 2   -.22123151E-01   1.00
  1167    15     1 2    55 1   0.22123151E-01   1.00
  1168    15     2 1    86 2   0.22123151E-01   1.00
  1169    15     1 3    52 1   0.22123151E-01   1.00
  1170    15     2 1    87 3   0.22123151E-01   1.00
  1171    15     2 2    26 1   -.22123151E-01   1.00
  1172    15     1 1    29 2   -.22123151E-01   1.00
  1173    15     2 3    22 1   -.22123151E-01   1.00
  1174    15     1 1    33 3   -.22123151E-01   1.00
  1175    15     1 1    55 2   0.22123151E-01   1.00
  1176    15     2 2    86 1   0.22123151E-01   1.00
  1177    15     1 3    50 2   -.22123151E-01   1.00
  1178    15     2 2   105 3   -.22123151E-01   1.00
  1179    15     2 1    97 2   -.22123151E-01   1.00
  1180    15     1 2    70 1   -.22123151E-01   1.00
  1181    15     2 3    69 2   0.22123151E-01   1.00
  1182    15     1 2    72 3   0.22123151E-01   1.00
  1183    15     1 1    52 3   0.22123151E-01   1.00
  1184    15     2 3    87 1   0.22123151E-01   1.00
  1185    15     1 2    50 3   -.22123151E-01   1.00
  1186    15     2 3   105 2   -.22123151E-01   1.00
  1187    15     2 1    99 3   -.22123151E-01   1.00
  1188    15     1 3    66 1   -.22123151E-01   1.00
  1189    15     2 2    73 3   0.22123151E-01   1.00
  1190    15     1 3    68 2   0.22123151E-01   1.00
  1191    15     1 1    76 2   0.22123151E-01   1.00
  1192    15     2 2    65 1   0.22123151E-01   1.00
  1193    15     2 3    10 2   -.22123151E-01   1.00
  1194    15     1 2    44 3   -.22123151E-01   1.00
  1195    15     2 2    97 1   -.22123151E-01   1.00
  1196    15     1 1    70 2   -.22123151E-01   1.00
  1197    15     1 2    76 1   0.22123151E-01   1.00
  1198    15     2 1    65 2   0.22123151E-01   1.00
  1199    15     2 3    61 1   0.22123151E-01   1.00
  1200    15     1 1    81 3   0.22123151E-01   1.00
  1201    15     2 1    22 3   -.22123151E-01   1.00
  1202    15     1 3    33 1   -.22123151E-01   1.00
  1203    15     2 2    10 3   -.22123151E-01   1.00
  1204    15     1 3    44 2   -.22123151E-01   1.00
  1205    15     2 2    69 3   0.22123151E-01   1.00
  1206    15     1 3    72 2   0.22123151E-01   1.00
  1207    15     2 1    61 3   0.22123151E-01   1.00
  1208    15     1 3    81 1   0.22123151E-01   1.00
  1209    15     2 3    99 1   -.22123151E-01   1.00
  1210    15     1 1    66 3   -.22123151E-01   1.00
  1211    15     2 3    73 2   0.22123151E-01   1.00
  1212    15     1 2    68 3   0.22123151E-01   1.00
  1213    15    29 1     1 2   -.22123151E-01   1.00
  1214    15    26 2     2 1   -.22123151E-01   1.00
  1215    15    55 1     1 2   0.22123151E-01   1.00
  1216    15    86 2     2 1   0.22123151E-01   1.00
  1217    15    52 1     1 3   0.22123151E-01   1.00
  1218    15    87 3     2 1   0.22123151E-01   1.00
  1219    15    26 1     2 2   -.22123151E-01   1.00
  1220    15    29 2     1 1   -.22123151E-01   1.00
  1221    15    22 1     2 3   -.22123151E-01   1.00
  1222    15    33 3     1 1   -.22123151E-01   1.00
  1223    15    55 2     1 1   0.22123151E-01   1.00
  1224    15    86 1     2 2   0.22123151E-01   1.00
  1225    15    50 2     1 3   -.22123151E-01   1.00
  1226    15   105 3     2 2   -.22123151E-01   1.00
  1227    15    97 2     2 1   -.22123151E-01   1.00
  1228    15    70 1     1 2   -.22123151E-01   1.00
  1229    15    69 2     2 3   0.22123151E-01   1.00
  1230    15    72 3     1 2   0.22123151E-01   1.00
  1231    15    52 3     1 1   0.22123151E-01   1.00
  1232    15    87 1     2 3   0.22123151E-01   1.00
  1233    15    50 3     1 2   -.22123151E-01   1.00
  1234    15   105 2     2 3   -.22123151E-01   1.00
  1235    15    99 3     2 1   -.22123151E-01   1.00
  1236    15    66 1     1 3   -.22123151E-01   1.00
  1237    15    73 3     2 2   0.22123151E-01   1.00
  1238    15    68 2     1 3   0.22123151E-01   1.00
  1239    15    76 2     1 1   0.22123151E-01   1.00
  1240    15    65 1     2 2   0.22123151E-01   1.00
  1241    15    10 2     2 3   -.22123151E-01   1.00
  1242    15    44 3     1 2   -.22123151E-01   1.00
  1243    15    97 1     2 2   -.22123151E-01   1.00
  1244    15    70 2     1 1   -.22123151E-01   1.00
  1245    15    76 1     1 2   0.22123151E-01   1.00
  1246    15    65 2     2 1   0.22123151E-01   1.00
  1247    15    61 1     2 3   0.22123151E-01   1.00
  1248    15    81 3     1 1   0.22123151E-01   1.00
  1249    15    22 3     2 1   -.22123151E-01   1.00
  1250    15    33 1     1 3   -.22123151E-01   1.00
  1251    15    10 3     2 2   -.22123151E-01   1.00
  1252    15    44 2     1 3   -.22123151E-01   1.00
  1253    15    69 3     2 2   0.22123151E-01   1.00
  1254    15    72 2     1 3   0.22123151E-01   1.00
  1255    15    61 3     2 1   0.22123151E-01   1.00
  1256    15    81 1     1 3   0.22123151E-01   1.00
  1257    15    99 1     2 3   -.22123151E-01   1.00
  1258    15    66 3     1 1   -.22123151E-01   1.00
  1259    15    73 2     2 3   0.22123151E-01   1.00
  1260    15    68 3     1 2   0.22123151E-01   1.00
  1261    16     1 3    29 1   0.21518036E-01   1.00
  1262    16     2 1    26 3   0.21518036E-01   1.00
  1263    16     1 3    55 1   -.21518036E-01   1.00
  1264    16     2 1    86 3   -.21518036E-01   1.00
  1265    16     1 2    52 1   -.21518036E-01   1.00
  1266    16     2 1    87 2   -.21518036E-01   1.00
  1267    16     2 3    26 1   0.21518036E-01   1.00
  1268    16     1 1    29 3   0.21518036E-01   1.00
  1269    16     2 2    22 1   0.21518036E-01   1.00
  1270    16     1 1    33 2   0.21518036E-01   1.00
  1271    16     1 3    55 2   0.21518036E-01   1.00
  1272    16     2 2    86 3   0.21518036E-01   1.00
  1273    16     1 1    50 2   -.21518036E-01   1.00
  1274    16     2 2   105 1   -.21518036E-01   1.00
  1275    16     2 3    97 2   -.21518036E-01   1.00
  1276    16     1 2    70 3   -.21518036E-01   1.00
  1277    16     2 1    69 2   0.21518036E-01   1.00
  1278    16     1 2    72 1   0.21518036E-01   1.00
  1279    16     1 2    52 3   0.21518036E-01   1.00
  1280    16     2 3    87 2   0.21518036E-01   1.00
  1281    16     1 1    50 3   -.21518036E-01   1.00
  1282    16     2 3   105 1   -.21518036E-01   1.00
  1283    16     2 2    99 3   -.21518036E-01   1.00
  1284    16     1 3    66 2   -.21518036E-01   1.00
  1285    16     2 1    73 3   0.21518036E-01   1.00
  1286    16     1 3    68 1   0.21518036E-01   1.00
  1287    16     2 3    26 2   0.21518036E-01   1.00
  1288    16     1 2    29 3   0.21518036E-01   1.00
  1289    16     1 3    76 2   -.21518036E-01   1.00
  1290    16     2 2    65 3   -.21518036E-01   1.00
  1291    16     2 1    10 2   0.21518036E-01   1.00
  1292    16     1 2    44 1   0.21518036E-01   1.00
  1293    16     1 1    68 2   -.21518036E-01   1.00
  1294    16     2 2    73 1   -.21518036E-01   1.00
  1295    16     2 3    97 1   -.21518036E-01   1.00
  1296    16     1 1    70 3   -.21518036E-01   1.00
  1297    16     1 3    76 1   0.21518036E-01   1.00
  1298    16     2 1    65 3   0.21518036E-01   1.00
  1299    16     2 2    61 1   0.21518036E-01   1.00
  1300    16     1 1    81 2   0.21518036E-01   1.00
  1301    16     1 2    66 1   -.21518036E-01   1.00
  1302    16     2 1    99 2   -.21518036E-01   1.00
  1303    16     2 2    22 3   0.21518036E-01   1.00
  1304    16     1 3    33 2   0.21518036E-01   1.00
  1305    16     2 1    10 3   0.21518036E-01   1.00
  1306    16     1 3    44 1   0.21518036E-01   1.00
  1307    16     1 2    81 3   -.21518036E-01   1.00
  1308    16     2 3    61 2   -.21518036E-01   1.00
  1309    16     1 1    72 3   -.21518036E-01   1.00
  1310    16     2 3    69 1   -.21518036E-01   1.00
  1311    16     2 1    69 3   -.21518036E-01   1.00
  1312    16     1 3    72 1   -.21518036E-01   1.00
  1313    16     2 2    61 3   -.21518036E-01   1.00
  1314    16     1 3    81 2   -.21518036E-01   1.00
  1315    16     1 1    44 3   0.21518036E-01   1.00
  1316    16     2 3    10 1   0.21518036E-01   1.00
  1317    16     1 2    33 3   0.21518036E-01   1.00
  1318    16     2 3    22 2   0.21518036E-01   1.00
  1319    16     2 2    99 1   -.21518036E-01   1.00
  1320    16     1 1    66 2   -.21518036E-01   1.00
  1321    16     1 2    81 1   0.21518036E-01   1.00
  1322    16     2 1    61 2   0.21518036E-01   1.00
  1323    16     2 3    65 1   0.21518036E-01   1.00
  1324    16     1 1    76 3   0.21518036E-01   1.00
  1325    16     1 3    70 1   -.21518036E-01   1.00
  1326    16     2 1    97 3   -.21518036E-01   1.00
  1327    16     2 1    73 2   -.21518036E-01   1.00
  1328    16     1 2    68 1   -.21518036E-01   1.00
  1329    16     1 1    44 2   0.21518036E-01   1.00
  1330    16     2 2    10 1   0.21518036E-01   1.00
  1331    16     2 3    65 2   -.21518036E-01   1.00
  1332    16     1 2    76 3   -.21518036E-01   1.00
  1333    16     1 3    29 2   0.21518036E-01   1.00
  1334    16     2 2    26 3   0.21518036E-01   1.00
  1335    16     1 1    68 3   0.21518036E-01   1.00
  1336    16     2 3    73 1   0.21518036E-01   1.00
  1337    16     1 2    66 3   -.21518036E-01   1.00
  1338    16     2 3    99 2   -.21518036E-01   1.00
  1339    16     2 1   105 3   -.21518036E-01   1.00
  1340    16     1 3    50 1   -.21518036E-01   1.00
  1341    16     2 2    87 3   0.21518036E-01   1.00
  1342    16     1 3    52 2   0.21518036E-01   1.00
  1343    16     1 1    72 2   0.21518036E-01   1.00
  1344    16     2 2    69 1   0.21518036E-01   1.00
  1345    16     1 3    70 2   -.21518036E-01   1.00
  1346    16     2 2    97 3   -.21518036E-01   1.00
  1347    16     2 1   105 2   -.21518036E-01   1.00
  1348    16     1 2    50 1   -.21518036E-01   1.00
  1349    16     2 3    86 2   0.21518036E-01   1.00
  1350    16     1 2    55 3   0.21518036E-01   1.00
  1351    16     1 2    33 1   0.21518036E-01   1.00
  1352    16     2 1    22 2   0.21518036E-01   1.00
  1353    16     2 2    87 1   -.21518036E-01   1.00
  1354    16     1 1    52 2   -.21518036E-01   1.00
  1355    16     2 3    86 1   -.21518036E-01   1.00
  1356    16     1 1    55 3   -.21518036E-01   1.00
  1357    16    29 1     1 3   0.21518036E-01   1.00
  1358    16    26 3     2 1   0.21518036E-01   1.00
  1359    16    55 1     1 3   -.21518036E-01   1.00
  1360    16    86 3     2 1   -.21518036E-01   1.00
  1361    16    52 1     1 2   -.21518036E-01   1.00
  1362    16    87 2     2 1   -.21518036E-01   1.00
  1363    16    26 1     2 3   0.21518036E-01   1.00
  1364    16    29 3     1 1   0.21518036E-01   1.00
  1365    16    22 1     2 2   0.21518036E-01   1.00
  1366    16    33 2     1 1   0.21518036E-01   1.00
  1367    16    55 2     1 3   0.21518036E-01   1.00
  1368    16    86 3     2 2   0.21518036E-01   1.00
  1369    16    50 2     1 1   -.21518036E-01   1.00
  1370    16   105 1     2 2   -.21518036E-01   1.00
  1371    16    97 2     2 3   -.21518036E-01   1.00
  1372    16    70 3     1 2   -.21518036E-01   1.00
  1373    16    69 2     2 1   0.21518036E-01   1.00
  1374    16    72 1     1 2   0.21518036E-01   1.00
  1375    16    52 3     1 2   0.21518036E-01   1.00
  1376    16    87 2     2 3   0.21518036E-01   1.00
  1377    16    50 3     1 1   -.21518036E-01   1.00
  1378    16   105 1     2 3   -.21518036E-01   1.00
  1379    16    99 3     2 2   -.21518036E-01   1.00
  1380    16    66 2     1 3   -.21518036E-01   1.00
  1381    16    73 3     2 1   0.21518036E-01   1.00
  1382    16    68 1     1 3   0.21518036E-01   1.00
  1383    16    26 2     2 3   0.21518036E-01   1.00
  1384    16    29 3     1 2   0.21518036E-01   1.00
  1385    16    76 2     1 3   -.21518036E-01   1.00
  1386    16    65 3     2 2   -.21518036E-01   1.00
  1387    16    10 2     2 1   0.21518036E-01   1.00
  1388    16    44 1     1 2   0.21518036E-01   1.00
  1389    16    68 2     1 1   -.21518036E-01   1.00
  1390    16    73 1     2 2   -.21518036E-01   1.00
  1391    16    97 1     2 3   -.21518036E-01   1.00
  1392    16    70 3     1 1   -.21518036E-01   1.00
  1393    16    76 1     1 3   0.21518036E-01   1.00
  1394    16    65 3     2 1   0.21518036E-01   1.00
  1395    16    61 1     2 2   0.21518036E-01   1.00
  1396    16    81 2     1 1   0.21518036E-01   1.00
  1397    16    66 1     1 2   -.21518036E-01   1.00
  1398    16    99 2     2 1   -.21518036E-01   1.00
  1399    16    22 3     2 2   0.21518036E-01   1.00
  1400    16    33 2     1 3   0.21518036E-01   1.00
  1401    16    10 3     2 1   0.21518036E-01   1.00
  1402    16    44 1     1 3   0.21518036E-01   1.00
  1403    16    81 3     1 2   -.21518036E-01   1.00
  1404    16    61 2     2 3   -.21518036E-01   1.00
  1405    16    72 3     1 1   -.21518036E-01   1.00
  1406    16    69 1     2 3   -.21518036E-01   1.00
  1407    16    69 3     2 1   -.21518036E-01   1.00
  1408    16    72 1     1 3   -.21518036E-01   1.00
  1409    16    61 3     2 2   -.21518036E-01   1.00
  1410    16    81 2     1 3   -.21518036E-01   1.00
  1411    16    44 3     1 1   0.21518036E-01   1.00
  1412    16    10 1     2 3   0.21518036E-01   1.00
  1413    16    33 3     1 2   0.21518036E-01   1.00
  1414    16    22 2     2 3   0.21518036E-01   1.00
  1415    16    99 1     2 2   -.21518036E-01   1.00
  1416    16    66 2     1 1   -.21518036E-01   1.00
  1417    16    81 1     1 2   0.21518036E-01   1.00
  1418    16    61 2     2 1   0.21518036E-01   1.00
  1419    16    65 1     2 3   0.21518036E-01   1.00
  1420    16    76 3     1 1   0.21518036E-01   1.00
  1421    16    70 1     1 3   -.21518036E-01   1.00
  1422    16    97 3     2 1   -.21518036E-01   1.00
  1423    16    73 2     2 1   -.21518036E-01   1.00
  1424    16    68 1     1 2   -.21518036E-01   1.00
  1425    16    44 2     1 1   0.21518036E-01   1.00
  1426    16    10 1     2 2   0.21518036E-01   1.00
  1427    16    65 2     2 3   -.21518036E-01   1.00
  1428    16    76 3     1 2   -.21518036E-01   1.00
  1429    16    29 2     1 3   0.21518036E-01   1.00
  1430    16    26 3     2 2   0.21518036E-01   1.00
  1431    16    68 3     1 1   0.21518036E-01   1.00
  1432    16    73 1     2 3   0.21518036E-01   1.00
  1433    16    66 3     1 2   -.21518036E-01   1.00
  1434    16    99 2     2 3   -.21518036E-01   1.00
  1435    16   105 3     2 1   -.21518036E-01   1.00
  1436    16    50 1     1 3   -.21518036E-01   1.00
  1437    16    87 3     2 2   0.21518036E-01   1.00
  1438    16    52 2     1 3   0.21518036E-01   1.00
  1439    16    72 2     1 1   0.21518036E-01   1.00
  1440    16    69 1     2 2   0.21518036E-01   1.00
  1441    16    70 2     1 3   -.21518036E-01   1.00
  1442    16    97 3     2 2   -.21518036E-01   1.00
  1443    16   105 2     2 1   -.21518036E-01   1.00
  1444    16    50 1     1 2   -.21518036E-01   1.00
  1445    16    86 2     2 3   0.21518036E-01   1.00
  1446    16    55 3     1 2   0.21518036E-01   1.00
  1447    16    33 1     1 2   0.21518036E-01   1.00
  1448    16    22 2     2 1   0.21518036E-01   1.00
  1449    16    87 1     2 2   -.21518036E-01   1.00
  1450    16    52 2     1 1   -.21518036E-01   1.00
  1451    16    86 1     2 3   -.21518036E-01   1.00
  1452    16    55 3     1 1   -.21518036E-01   1.00
  1453    17     1 3    29 3   -.21885785       1.00
  1454    17     2 3    26 3   -.21885785       1.00
  1455    17     1 3    55 3   -.21885785       1.00
  1456    17     2 3    86 3   -.21885785       1.00
  1457    17     1 2    52 2   -.21885785       1.00
  1458    17     2 2    87 2   -.21885785       1.00
  1459    17     2 2    22 2   -.21885785       1.00
  1460    17     1 2    33 2   -.21885785       1.00
  1461    17     1 1    50 1   -.21885785       1.00
  1462    17     2 1   105 1   -.21885785       1.00
  1463    17     2 3    97 3   -.21885785       1.00
  1464    17     1 3    70 3   -.21885785       1.00
  1465    17     2 1    69 1   -.21885785       1.00
  1466    17     1 1    72 1   -.21885785       1.00
  1467    17     2 2    99 2   -.21885785       1.00
  1468    17     1 2    66 2   -.21885785       1.00
  1469    17     2 1    73 1   -.21885785       1.00
  1470    17     1 1    68 1   -.21885785       1.00
  1471    17     1 3    76 3   -.21885785       1.00
  1472    17     2 3    65 3   -.21885785       1.00
  1473    17     2 1    10 1   -.21885785       1.00
  1474    17     1 1    44 1   -.21885785       1.00
  1475    17     2 2    61 2   -.21885785       1.00
  1476    17     1 2    81 2   -.21885785       1.00
  1477    17    29 3     1 3   -.21885785       1.00
  1478    17    26 3     2 3   -.21885785       1.00
  1479    17    55 3     1 3   -.21885785       1.00
  1480    17    86 3     2 3   -.21885785       1.00
  1481    17    52 2     1 2   -.21885785       1.00
  1482    17    87 2     2 2   -.21885785       1.00
  1483    17    22 2     2 2   -.21885785       1.00
  1484    17    33 2     1 2   -.21885785       1.00
  1485    17    50 1     1 1   -.21885785       1.00
  1486    17   105 1     2 1   -.21885785       1.00
  1487    17    97 3     2 3   -.21885785       1.00
  1488    17    70 3     1 3   -.21885785       1.00
  1489    17    69 1     2 1   -.21885785       1.00
  1490    17    72 1     1 1   -.21885785       1.00
  1491    17    99 2     2 2   -.21885785       1.00
  1492    17    66 2     1 2   -.21885785       1.00
  1493    17    73 1     2 1   -.21885785       1.00
  1494    17    68 1     1 1   -.21885785       1.00
  1495    17    76 3     1 3   -.21885785       1.00
  1496    17    65 3     2 3   -.21885785       1.00
  1497    17    10 1     2 1   -.21885785       1.00
  1498    17    44 1     1 1   -.21885785       1.00
  1499    17    61 2     2 2   -.21885785       1.00
  1500    17    81 2     1 2   -.21885785       1.00
