  RANK 3 tensors :term,group, (iatom,ixyz)_3 d3U/dx_{i,alpha}^3
     1     1     1 1     1 2     1 3    31.385406       1.00
     2     1     2 1     2 2     2 3   -31.385406       1.00
     3     1     1 1     1 3     1 2    31.385406       1.00
     4     1     1 2     1 1     1 3    31.385406       1.00
     5     1     1 2     1 3     1 1    31.385406       1.00
     6     1     1 3     1 1     1 2    31.385406       1.00
     7     1     1 3     1 2     1 1    31.385406       1.00
     8     1     2 1     2 3     2 2   -31.385406       1.00
     9     1     2 2     2 1     2 3   -31.385406       1.00
    10     1     2 2     2 3     2 1   -31.385406       1.00
    11     1     2 3     2 1     2 2   -31.385406       1.00
    12     1     2 3     2 2     2 1   -31.385406       1.00
    13     2     1 1     1 1     2 1   -2.8593729       1.00
    14     2     1 1     1 1    11 1   -2.8593729       1.00
    15     2     2 1    43 1    43 1   -2.8593729       1.00
    16     2     1 1     2 1     2 1    2.8593729       1.00
    17     2     1 2     1 2    11 2    2.8593729       1.00
    18     2     2 2    43 2    43 2    2.8593729       1.00
    19     2     2 2     2 2    28 2   -2.8593729       1.00
    20     2     1 2    27 2    27 2   -2.8593729       1.00
    21     2     1 3     1 3    11 3    2.8593729       1.00
    22     2     2 3    43 3    43 3    2.8593729       1.00
    23     2     2 3     2 3    32 3   -2.8593729       1.00
    24     2     1 3    23 3    23 3   -2.8593729       1.00
    25     2     1 2     2 2     2 2    2.8593729       1.00
    26     2     1 2     1 2    23 2   -2.8593729       1.00
    27     2     2 2    32 2    32 2   -2.8593729       1.00
    28     2     2 1     2 1    28 1   -2.8593729       1.00
    29     2     1 1    27 1    27 1   -2.8593729       1.00
    30     2     1 1     1 1    23 1    2.8593729       1.00
    31     2     2 1    32 1    32 1    2.8593729       1.00
    32     2     1 3     2 3     2 3    2.8593729       1.00
    33     2     1 3     1 3    27 3   -2.8593729       1.00
    34     2     2 3    28 3    28 3   -2.8593729       1.00
    35     2     2 3     2 3    28 3    2.8593729       1.00
    36     2     1 3    27 3    27 3    2.8593729       1.00
    37     2     1 3     1 3     2 3   -2.8593729       1.00
    38     2     2 1     2 1    32 1   -2.8593729       1.00
    39     2     1 1    23 1    23 1   -2.8593729       1.00
    40     2     1 1     1 1    27 1    2.8593729       1.00
    41     2     2 1    28 1    28 1    2.8593729       1.00
    42     2     2 2     2 2    32 2    2.8593729       1.00
    43     2     1 2    23 2    23 2    2.8593729       1.00
    44     2     1 2     1 2     2 2   -2.8593729       1.00
    45     2     1 3     1 3    23 3    2.8593729       1.00
    46     2     2 3    32 3    32 3    2.8593729       1.00
    47     2     2 3     2 3    43 3   -2.8593729       1.00
    48     2     1 3    11 3    11 3   -2.8593729       1.00
    49     2     1 2     1 2    27 2    2.8593729       1.00
    50     2     2 2    28 2    28 2    2.8593729       1.00
    51     2     2 2     2 2    43 2   -2.8593729       1.00
    52     2     1 2    11 2    11 2   -2.8593729       1.00
    53     2     2 1     2 1    43 1    2.8593729       1.00
    54     2     1 1    11 1    11 1    2.8593729       1.00
    55     2     1 1     2 1     1 1   -2.8593729       1.00
    56     2     2 1     1 1     1 1   -2.8593729       1.00
    57     2     1 1    11 1     1 1   -2.8593729       1.00
    58     2    11 1     1 1     1 1   -2.8593729       1.00
    59     2    43 1     2 1    43 1   -2.8593729       1.00
    60     2    43 1    43 1     2 1   -2.8593729       1.00
    61     2     2 1     1 1     2 1    2.8593729       1.00
    62     2     2 1     2 1     1 1    2.8593729       1.00
    63     2     1 2    11 2     1 2    2.8593729       1.00
    64     2    11 2     1 2     1 2    2.8593729       1.00
    65     2    43 2     2 2    43 2    2.8593729       1.00
    66     2    43 2    43 2     2 2    2.8593729       1.00
    67     2     2 2    28 2     2 2   -2.8593729       1.00
    68     2    28 2     2 2     2 2   -2.8593729       1.00
    69     2    27 2     1 2    27 2   -2.8593729       1.00
    70     2    27 2    27 2     1 2   -2.8593729       1.00
    71     2     1 3    11 3     1 3    2.8593729       1.00
    72     2    11 3     1 3     1 3    2.8593729       1.00
    73     2    43 3     2 3    43 3    2.8593729       1.00
    74     2    43 3    43 3     2 3    2.8593729       1.00
    75     2     2 3    32 3     2 3   -2.8593729       1.00
    76     2    32 3     2 3     2 3   -2.8593729       1.00
    77     2    23 3     1 3    23 3   -2.8593729       1.00
    78     2    23 3    23 3     1 3   -2.8593729       1.00
    79     2     2 2     1 2     2 2    2.8593729       1.00
    80     2     2 2     2 2     1 2    2.8593729       1.00
    81     2     1 2    23 2     1 2   -2.8593729       1.00
    82     2    23 2     1 2     1 2   -2.8593729       1.00
    83     2    32 2     2 2    32 2   -2.8593729       1.00
    84     2    32 2    32 2     2 2   -2.8593729       1.00
    85     2     2 1    28 1     2 1   -2.8593729       1.00
    86     2    28 1     2 1     2 1   -2.8593729       1.00
    87     2    27 1     1 1    27 1   -2.8593729       1.00
    88     2    27 1    27 1     1 1   -2.8593729       1.00
    89     2     1 1    23 1     1 1    2.8593729       1.00
    90     2    23 1     1 1     1 1    2.8593729       1.00
    91     2    32 1     2 1    32 1    2.8593729       1.00
    92     2    32 1    32 1     2 1    2.8593729       1.00
    93     2     2 3     1 3     2 3    2.8593729       1.00
    94     2     2 3     2 3     1 3    2.8593729       1.00
    95     2     1 3    27 3     1 3   -2.8593729       1.00
    96     2    27 3     1 3     1 3   -2.8593729       1.00
    97     2    28 3     2 3    28 3   -2.8593729       1.00
    98     2    28 3    28 3     2 3   -2.8593729       1.00
    99     2     2 3    28 3     2 3    2.8593729       1.00
   100     2    28 3     2 3     2 3    2.8593729       1.00
   101     2    27 3     1 3    27 3    2.8593729       1.00
   102     2    27 3    27 3     1 3    2.8593729       1.00
   103     2     1 3     2 3     1 3   -2.8593729       1.00
   104     2     2 3     1 3     1 3   -2.8593729       1.00
   105     2     2 1    32 1     2 1   -2.8593729       1.00
   106     2    32 1     2 1     2 1   -2.8593729       1.00
   107     2    23 1     1 1    23 1   -2.8593729       1.00
   108     2    23 1    23 1     1 1   -2.8593729       1.00
   109     2     1 1    27 1     1 1    2.8593729       1.00
   110     2    27 1     1 1     1 1    2.8593729       1.00
   111     2    28 1     2 1    28 1    2.8593729       1.00
   112     2    28 1    28 1     2 1    2.8593729       1.00
   113     2     2 2    32 2     2 2    2.8593729       1.00
   114     2    32 2     2 2     2 2    2.8593729       1.00
   115     2    23 2     1 2    23 2    2.8593729       1.00
   116     2    23 2    23 2     1 2    2.8593729       1.00
   117     2     1 2     2 2     1 2   -2.8593729       1.00
   118     2     2 2     1 2     1 2   -2.8593729       1.00
   119     2     1 3    23 3     1 3    2.8593729       1.00
   120     2    23 3     1 3     1 3    2.8593729       1.00
   121     2    32 3     2 3    32 3    2.8593729       1.00
   122     2    32 3    32 3     2 3    2.8593729       1.00
   123     2     2 3    43 3     2 3   -2.8593729       1.00
   124     2    43 3     2 3     2 3   -2.8593729       1.00
   125     2    11 3     1 3    11 3   -2.8593729       1.00
   126     2    11 3    11 3     1 3   -2.8593729       1.00
   127     2     1 2    27 2     1 2    2.8593729       1.00
   128     2    27 2     1 2     1 2    2.8593729       1.00
   129     2    28 2     2 2    28 2    2.8593729       1.00
   130     2    28 2    28 2     2 2    2.8593729       1.00
   131     2     2 2    43 2     2 2   -2.8593729       1.00
   132     2    43 2     2 2     2 2   -2.8593729       1.00
   133     2    11 2     1 2    11 2   -2.8593729       1.00
   134     2    11 2    11 2     1 2   -2.8593729       1.00
   135     2     2 1    43 1     2 1    2.8593729       1.00
   136     2    43 1     2 1     2 1    2.8593729       1.00
   137     2    11 1     1 1    11 1    2.8593729       1.00
   138     2    11 1    11 1     1 1    2.8593729       1.00
   139     3     1 1     1 2     2 1   -6.1840252       1.00
   140     3     1 1     1 2    11 1    6.1840252       1.00
   141     3     2 1    43 1    43 2    6.1840252       1.00
   142     3     1 1     1 3    11 1    6.1840252       1.00
   143     3     2 1    43 1    43 3    6.1840252       1.00
   144     3     1 1     2 1     2 2    6.1840252       1.00
   145     3     1 1     2 1     2 3    6.1840252       1.00
   146     3     1 1     1 2    11 2   -6.1840252       1.00
   147     3     2 2    43 1    43 2   -6.1840252       1.00
   148     3     1 2     1 3    11 2    6.1840252       1.00
   149     3     2 2    43 2    43 3    6.1840252       1.00
   150     3     2 1     2 2    28 2   -6.1840252       1.00
   151     3     1 2    27 1    27 2   -6.1840252       1.00
   152     3     2 2     2 3    28 2    6.1840252       1.00
   153     3     1 2    27 2    27 3    6.1840252       1.00
   154     3     1 1     1 3    11 3   -6.1840252       1.00
   155     3     2 3    43 1    43 3   -6.1840252       1.00
   156     3     1 2     1 3    11 3    6.1840252       1.00
   157     3     2 3    43 2    43 3    6.1840252       1.00
   158     3     2 1     2 3    32 3   -6.1840252       1.00
   159     3     1 3    23 1    23 3   -6.1840252       1.00
   160     3     2 2     2 3    32 3    6.1840252       1.00
   161     3     1 3    23 2    23 3    6.1840252       1.00
   162     3     1 2     2 1     2 2    6.1840252       1.00
   163     3     1 1     1 2    23 2    6.1840252       1.00
   164     3     2 2    32 1    32 2    6.1840252       1.00
   165     3     1 2     2 2     2 3    6.1840252       1.00
   166     3     1 2     1 3    23 2    6.1840252       1.00
   167     3     2 2    32 2    32 3    6.1840252       1.00
   168     3     2 1     2 2    28 1   -6.1840252       1.00
   169     3     1 1    27 1    27 2   -6.1840252       1.00
   170     3     1 1     1 2    23 1   -6.1840252       1.00
   171     3     2 1    32 1    32 2   -6.1840252       1.00
   172     3     2 1     2 3    28 1    6.1840252       1.00
   173     3     1 1    27 1    27 3    6.1840252       1.00
   174     3     1 1     1 3    23 1    6.1840252       1.00
   175     3     2 1    32 1    32 3    6.1840252       1.00
   176     3     1 3     2 1     2 3    6.1840252       1.00
   177     3     1 3     2 2     2 3    6.1840252       1.00
   178     3     1 1     1 3    27 3    6.1840252       1.00
   179     3     2 3    28 1    28 3    6.1840252       1.00
   180     3     1 2     1 3    27 3    6.1840252       1.00
   181     3     2 3    28 2    28 3    6.1840252       1.00
   182     3     2 2     2 3    28 3   -6.1840252       1.00
   183     3     1 3    27 2    27 3   -6.1840252       1.00
   184     3     2 1     2 3    28 3   -6.1840252       1.00
   185     3     1 3    27 1    27 3   -6.1840252       1.00
   186     3     1 2     1 3     2 3   -6.1840252       1.00
   187     3     1 1     1 3     2 3   -6.1840252       1.00
   188     3     2 1     2 3    32 1   -6.1840252       1.00
   189     3     1 1    23 1    23 3   -6.1840252       1.00
   190     3     1 1     1 3    27 1   -6.1840252       1.00
   191     3     2 1    28 1    28 3   -6.1840252       1.00
   192     3     2 1     2 2    32 1    6.1840252       1.00
   193     3     1 1    23 1    23 2    6.1840252       1.00
   194     3     1 1     1 2    27 1    6.1840252       1.00
   195     3     2 1    28 1    28 2    6.1840252       1.00
   196     3     2 2     2 3    32 2   -6.1840252       1.00
   197     3     1 2    23 2    23 3   -6.1840252       1.00
   198     3     1 2     1 3     2 2   -6.1840252       1.00
   199     3     2 1     2 2    32 2   -6.1840252       1.00
   200     3     1 2    23 1    23 2   -6.1840252       1.00
   201     3     1 1     1 2     2 2   -6.1840252       1.00
   202     3     1 2     1 3    23 3   -6.1840252       1.00
   203     3     2 3    32 2    32 3   -6.1840252       1.00
   204     3     1 1     1 3    23 3    6.1840252       1.00
   205     3     2 3    32 1    32 3    6.1840252       1.00
   206     3     2 2     2 3    43 3   -6.1840252       1.00
   207     3     1 3    11 2    11 3   -6.1840252       1.00
   208     3     2 1     2 3    43 3    6.1840252       1.00
   209     3     1 3    11 1    11 3    6.1840252       1.00
   210     3     1 2     1 3    27 2   -6.1840252       1.00
   211     3     2 2    28 2    28 3   -6.1840252       1.00
   212     3     1 1     1 2    27 2    6.1840252       1.00
   213     3     2 2    28 1    28 2    6.1840252       1.00
   214     3     2 2     2 3    43 2   -6.1840252       1.00
   215     3     1 2    11 2    11 3   -6.1840252       1.00
   216     3     2 1     2 2    43 2    6.1840252       1.00
   217     3     1 2    11 1    11 2    6.1840252       1.00
   218     3     1 1     1 3     2 1   -6.1840252       1.00
   219     3     2 1     2 3    43 1   -6.1840252       1.00
   220     3     1 1    11 1    11 3   -6.1840252       1.00
   221     3     2 1     2 2    43 1   -6.1840252       1.00
   222     3     1 1    11 1    11 2   -6.1840252       1.00
   223     3     1 1     2 1     1 2   -6.1840252       1.00
   224     3     1 2     1 1     2 1   -6.1840252       1.00
   225     3     1 2     2 1     1 1   -6.1840252       1.00
   226     3     2 1     1 1     1 2   -6.1840252       1.00
   227     3     2 1     1 2     1 1   -6.1840252       1.00
   228     3     1 1    11 1     1 2    6.1840252       1.00
   229     3     1 2     1 1    11 1    6.1840252       1.00
   230     3     1 2    11 1     1 1    6.1840252       1.00
   231     3    11 1     1 1     1 2    6.1840252       1.00
   232     3    11 1     1 2     1 1    6.1840252       1.00
   233     3     2 1    43 2    43 1    6.1840252       1.00
   234     3    43 1     2 1    43 2    6.1840252       1.00
   235     3    43 1    43 2     2 1    6.1840252       1.00
   236     3    43 2     2 1    43 1    6.1840252       1.00
   237     3    43 2    43 1     2 1    6.1840252       1.00
   238     3     1 1    11 1     1 3    6.1840252       1.00
   239     3     1 3     1 1    11 1    6.1840252       1.00
   240     3     1 3    11 1     1 1    6.1840252       1.00
   241     3    11 1     1 1     1 3    6.1840252       1.00
   242     3    11 1     1 3     1 1    6.1840252       1.00
   243     3     2 1    43 3    43 1    6.1840252       1.00
   244     3    43 1     2 1    43 3    6.1840252       1.00
   245     3    43 1    43 3     2 1    6.1840252       1.00
   246     3    43 3     2 1    43 1    6.1840252       1.00
   247     3    43 3    43 1     2 1    6.1840252       1.00
   248     3     1 1     2 2     2 1    6.1840252       1.00
   249     3     2 1     1 1     2 2    6.1840252       1.00
   250     3     2 1     2 2     1 1    6.1840252       1.00
   251     3     2 2     1 1     2 1    6.1840252       1.00
   252     3     2 2     2 1     1 1    6.1840252       1.00
   253     3     1 1     2 3     2 1    6.1840252       1.00
   254     3     2 1     1 1     2 3    6.1840252       1.00
   255     3     2 1     2 3     1 1    6.1840252       1.00
   256     3     2 3     1 1     2 1    6.1840252       1.00
   257     3     2 3     2 1     1 1    6.1840252       1.00
   258     3     1 1    11 2     1 2   -6.1840252       1.00
   259     3     1 2     1 1    11 2   -6.1840252       1.00
   260     3     1 2    11 2     1 1   -6.1840252       1.00
   261     3    11 2     1 1     1 2   -6.1840252       1.00
   262     3    11 2     1 2     1 1   -6.1840252       1.00
   263     3     2 2    43 2    43 1   -6.1840252       1.00
   264     3    43 1     2 2    43 2   -6.1840252       1.00
   265     3    43 1    43 2     2 2   -6.1840252       1.00
   266     3    43 2     2 2    43 1   -6.1840252       1.00
   267     3    43 2    43 1     2 2   -6.1840252       1.00
   268     3     1 2    11 2     1 3    6.1840252       1.00
   269     3     1 3     1 2    11 2    6.1840252       1.00
   270     3     1 3    11 2     1 2    6.1840252       1.00
   271     3    11 2     1 2     1 3    6.1840252       1.00
   272     3    11 2     1 3     1 2    6.1840252       1.00
   273     3     2 2    43 3    43 2    6.1840252       1.00
   274     3    43 2     2 2    43 3    6.1840252       1.00
   275     3    43 2    43 3     2 2    6.1840252       1.00
   276     3    43 3     2 2    43 2    6.1840252       1.00
   277     3    43 3    43 2     2 2    6.1840252       1.00
   278     3     2 1    28 2     2 2   -6.1840252       1.00
   279     3     2 2     2 1    28 2   -6.1840252       1.00
   280     3     2 2    28 2     2 1   -6.1840252       1.00
   281     3    28 2     2 1     2 2   -6.1840252       1.00
   282     3    28 2     2 2     2 1   -6.1840252       1.00
   283     3     1 2    27 2    27 1   -6.1840252       1.00
   284     3    27 1     1 2    27 2   -6.1840252       1.00
   285     3    27 1    27 2     1 2   -6.1840252       1.00
   286     3    27 2     1 2    27 1   -6.1840252       1.00
   287     3    27 2    27 1     1 2   -6.1840252       1.00
   288     3     2 2    28 2     2 3    6.1840252       1.00
   289     3     2 3     2 2    28 2    6.1840252       1.00
   290     3     2 3    28 2     2 2    6.1840252       1.00
   291     3    28 2     2 2     2 3    6.1840252       1.00
   292     3    28 2     2 3     2 2    6.1840252       1.00
   293     3     1 2    27 3    27 2    6.1840252       1.00
   294     3    27 2     1 2    27 3    6.1840252       1.00
   295     3    27 2    27 3     1 2    6.1840252       1.00
   296     3    27 3     1 2    27 2    6.1840252       1.00
   297     3    27 3    27 2     1 2    6.1840252       1.00
   298     3     1 1    11 3     1 3   -6.1840252       1.00
   299     3     1 3     1 1    11 3   -6.1840252       1.00
   300     3     1 3    11 3     1 1   -6.1840252       1.00
   301     3    11 3     1 1     1 3   -6.1840252       1.00
   302     3    11 3     1 3     1 1   -6.1840252       1.00
   303     3     2 3    43 3    43 1   -6.1840252       1.00
   304     3    43 1     2 3    43 3   -6.1840252       1.00
   305     3    43 1    43 3     2 3   -6.1840252       1.00
   306     3    43 3     2 3    43 1   -6.1840252       1.00
   307     3    43 3    43 1     2 3   -6.1840252       1.00
   308     3     1 2    11 3     1 3    6.1840252       1.00
   309     3     1 3     1 2    11 3    6.1840252       1.00
   310     3     1 3    11 3     1 2    6.1840252       1.00
   311     3    11 3     1 2     1 3    6.1840252       1.00
   312     3    11 3     1 3     1 2    6.1840252       1.00
   313     3     2 3    43 3    43 2    6.1840252       1.00
   314     3    43 2     2 3    43 3    6.1840252       1.00
   315     3    43 2    43 3     2 3    6.1840252       1.00
   316     3    43 3     2 3    43 2    6.1840252       1.00
   317     3    43 3    43 2     2 3    6.1840252       1.00
   318     3     2 1    32 3     2 3   -6.1840252       1.00
   319     3     2 3     2 1    32 3   -6.1840252       1.00
   320     3     2 3    32 3     2 1   -6.1840252       1.00
   321     3    32 3     2 1     2 3   -6.1840252       1.00
   322     3    32 3     2 3     2 1   -6.1840252       1.00
   323     3     1 3    23 3    23 1   -6.1840252       1.00
   324     3    23 1     1 3    23 3   -6.1840252       1.00
   325     3    23 1    23 3     1 3   -6.1840252       1.00
   326     3    23 3     1 3    23 1   -6.1840252       1.00
   327     3    23 3    23 1     1 3   -6.1840252       1.00
   328     3     2 2    32 3     2 3    6.1840252       1.00
   329     3     2 3     2 2    32 3    6.1840252       1.00
   330     3     2 3    32 3     2 2    6.1840252       1.00
   331     3    32 3     2 2     2 3    6.1840252       1.00
   332     3    32 3     2 3     2 2    6.1840252       1.00
   333     3     1 3    23 3    23 2    6.1840252       1.00
   334     3    23 2     1 3    23 3    6.1840252       1.00
   335     3    23 2    23 3     1 3    6.1840252       1.00
   336     3    23 3     1 3    23 2    6.1840252       1.00
   337     3    23 3    23 2     1 3    6.1840252       1.00
   338     3     1 2     2 2     2 1    6.1840252       1.00
   339     3     2 1     1 2     2 2    6.1840252       1.00
   340     3     2 1     2 2     1 2    6.1840252       1.00
   341     3     2 2     1 2     2 1    6.1840252       1.00
   342     3     2 2     2 1     1 2    6.1840252       1.00
   343     3     1 1    23 2     1 2    6.1840252       1.00
   344     3     1 2     1 1    23 2    6.1840252       1.00
   345     3     1 2    23 2     1 1    6.1840252       1.00
   346     3    23 2     1 1     1 2    6.1840252       1.00
   347     3    23 2     1 2     1 1    6.1840252       1.00
   348     3     2 2    32 2    32 1    6.1840252       1.00
   349     3    32 1     2 2    32 2    6.1840252       1.00
   350     3    32 1    32 2     2 2    6.1840252       1.00
   351     3    32 2     2 2    32 1    6.1840252       1.00
   352     3    32 2    32 1     2 2    6.1840252       1.00
   353     3     1 2     2 3     2 2    6.1840252       1.00
   354     3     2 2     1 2     2 3    6.1840252       1.00
   355     3     2 2     2 3     1 2    6.1840252       1.00
   356     3     2 3     1 2     2 2    6.1840252       1.00
   357     3     2 3     2 2     1 2    6.1840252       1.00
   358     3     1 2    23 2     1 3    6.1840252       1.00
   359     3     1 3     1 2    23 2    6.1840252       1.00
   360     3     1 3    23 2     1 2    6.1840252       1.00
   361     3    23 2     1 2     1 3    6.1840252       1.00
   362     3    23 2     1 3     1 2    6.1840252       1.00
   363     3     2 2    32 3    32 2    6.1840252       1.00
   364     3    32 2     2 2    32 3    6.1840252       1.00
   365     3    32 2    32 3     2 2    6.1840252       1.00
   366     3    32 3     2 2    32 2    6.1840252       1.00
   367     3    32 3    32 2     2 2    6.1840252       1.00
   368     3     2 1    28 1     2 2   -6.1840252       1.00
   369     3     2 2     2 1    28 1   -6.1840252       1.00
   370     3     2 2    28 1     2 1   -6.1840252       1.00
   371     3    28 1     2 1     2 2   -6.1840252       1.00
   372     3    28 1     2 2     2 1   -6.1840252       1.00
   373     3     1 1    27 2    27 1   -6.1840252       1.00
   374     3    27 1     1 1    27 2   -6.1840252       1.00
   375     3    27 1    27 2     1 1   -6.1840252       1.00
   376     3    27 2     1 1    27 1   -6.1840252       1.00
   377     3    27 2    27 1     1 1   -6.1840252       1.00
   378     3     1 1    23 1     1 2   -6.1840252       1.00
   379     3     1 2     1 1    23 1   -6.1840252       1.00
   380     3     1 2    23 1     1 1   -6.1840252       1.00
   381     3    23 1     1 1     1 2   -6.1840252       1.00
   382     3    23 1     1 2     1 1   -6.1840252       1.00
   383     3     2 1    32 2    32 1   -6.1840252       1.00
   384     3    32 1     2 1    32 2   -6.1840252       1.00
   385     3    32 1    32 2     2 1   -6.1840252       1.00
   386     3    32 2     2 1    32 1   -6.1840252       1.00
   387     3    32 2    32 1     2 1   -6.1840252       1.00
   388     3     2 1    28 1     2 3    6.1840252       1.00
   389     3     2 3     2 1    28 1    6.1840252       1.00
   390     3     2 3    28 1     2 1    6.1840252       1.00
   391     3    28 1     2 1     2 3    6.1840252       1.00
   392     3    28 1     2 3     2 1    6.1840252       1.00
   393     3     1 1    27 3    27 1    6.1840252       1.00
   394     3    27 1     1 1    27 3    6.1840252       1.00
   395     3    27 1    27 3     1 1    6.1840252       1.00
   396     3    27 3     1 1    27 1    6.1840252       1.00
   397     3    27 3    27 1     1 1    6.1840252       1.00
   398     3     1 1    23 1     1 3    6.1840252       1.00
   399     3     1 3     1 1    23 1    6.1840252       1.00
   400     3     1 3    23 1     1 1    6.1840252       1.00
   401     3    23 1     1 1     1 3    6.1840252       1.00
   402     3    23 1     1 3     1 1    6.1840252       1.00
   403     3     2 1    32 3    32 1    6.1840252       1.00
   404     3    32 1     2 1    32 3    6.1840252       1.00
   405     3    32 1    32 3     2 1    6.1840252       1.00
   406     3    32 3     2 1    32 1    6.1840252       1.00
   407     3    32 3    32 1     2 1    6.1840252       1.00
   408     3     1 3     2 3     2 1    6.1840252       1.00
   409     3     2 1     1 3     2 3    6.1840252       1.00
   410     3     2 1     2 3     1 3    6.1840252       1.00
   411     3     2 3     1 3     2 1    6.1840252       1.00
   412     3     2 3     2 1     1 3    6.1840252       1.00
   413     3     1 3     2 3     2 2    6.1840252       1.00
   414     3     2 2     1 3     2 3    6.1840252       1.00
   415     3     2 2     2 3     1 3    6.1840252       1.00
   416     3     2 3     1 3     2 2    6.1840252       1.00
   417     3     2 3     2 2     1 3    6.1840252       1.00
   418     3     1 1    27 3     1 3    6.1840252       1.00
   419     3     1 3     1 1    27 3    6.1840252       1.00
   420     3     1 3    27 3     1 1    6.1840252       1.00
   421     3    27 3     1 1     1 3    6.1840252       1.00
   422     3    27 3     1 3     1 1    6.1840252       1.00
   423     3     2 3    28 3    28 1    6.1840252       1.00
   424     3    28 1     2 3    28 3    6.1840252       1.00
   425     3    28 1    28 3     2 3    6.1840252       1.00
   426     3    28 3     2 3    28 1    6.1840252       1.00
   427     3    28 3    28 1     2 3    6.1840252       1.00
   428     3     1 2    27 3     1 3    6.1840252       1.00
   429     3     1 3     1 2    27 3    6.1840252       1.00
   430     3     1 3    27 3     1 2    6.1840252       1.00
   431     3    27 3     1 2     1 3    6.1840252       1.00
   432     3    27 3     1 3     1 2    6.1840252       1.00
   433     3     2 3    28 3    28 2    6.1840252       1.00
   434     3    28 2     2 3    28 3    6.1840252       1.00
   435     3    28 2    28 3     2 3    6.1840252       1.00
   436     3    28 3     2 3    28 2    6.1840252       1.00
   437     3    28 3    28 2     2 3    6.1840252       1.00
   438     3     2 2    28 3     2 3   -6.1840252       1.00
   439     3     2 3     2 2    28 3   -6.1840252       1.00
   440     3     2 3    28 3     2 2   -6.1840252       1.00
   441     3    28 3     2 2     2 3   -6.1840252       1.00
   442     3    28 3     2 3     2 2   -6.1840252       1.00
   443     3     1 3    27 3    27 2   -6.1840252       1.00
   444     3    27 2     1 3    27 3   -6.1840252       1.00
   445     3    27 2    27 3     1 3   -6.1840252       1.00
   446     3    27 3     1 3    27 2   -6.1840252       1.00
   447     3    27 3    27 2     1 3   -6.1840252       1.00
   448     3     2 1    28 3     2 3   -6.1840252       1.00
   449     3     2 3     2 1    28 3   -6.1840252       1.00
   450     3     2 3    28 3     2 1   -6.1840252       1.00
   451     3    28 3     2 1     2 3   -6.1840252       1.00
   452     3    28 3     2 3     2 1   -6.1840252       1.00
   453     3     1 3    27 3    27 1   -6.1840252       1.00
   454     3    27 1     1 3    27 3   -6.1840252       1.00
   455     3    27 1    27 3     1 3   -6.1840252       1.00
   456     3    27 3     1 3    27 1   -6.1840252       1.00
   457     3    27 3    27 1     1 3   -6.1840252       1.00
   458     3     1 2     2 3     1 3   -6.1840252       1.00
   459     3     1 3     1 2     2 3   -6.1840252       1.00
   460     3     1 3     2 3     1 2   -6.1840252       1.00
   461     3     2 3     1 2     1 3   -6.1840252       1.00
   462     3     2 3     1 3     1 2   -6.1840252       1.00
   463     3     1 1     2 3     1 3   -6.1840252       1.00
   464     3     1 3     1 1     2 3   -6.1840252       1.00
   465     3     1 3     2 3     1 1   -6.1840252       1.00
   466     3     2 3     1 1     1 3   -6.1840252       1.00
   467     3     2 3     1 3     1 1   -6.1840252       1.00
   468     3     2 1    32 1     2 3   -6.1840252       1.00
   469     3     2 3     2 1    32 1   -6.1840252       1.00
   470     3     2 3    32 1     2 1   -6.1840252       1.00
   471     3    32 1     2 1     2 3   -6.1840252       1.00
   472     3    32 1     2 3     2 1   -6.1840252       1.00
   473     3     1 1    23 3    23 1   -6.1840252       1.00
   474     3    23 1     1 1    23 3   -6.1840252       1.00
   475     3    23 1    23 3     1 1   -6.1840252       1.00
   476     3    23 3     1 1    23 1   -6.1840252       1.00
   477     3    23 3    23 1     1 1   -6.1840252       1.00
   478     3     1 1    27 1     1 3   -6.1840252       1.00
   479     3     1 3     1 1    27 1   -6.1840252       1.00
   480     3     1 3    27 1     1 1   -6.1840252       1.00
   481     3    27 1     1 1     1 3   -6.1840252       1.00
   482     3    27 1     1 3     1 1   -6.1840252       1.00
   483     3     2 1    28 3    28 1   -6.1840252       1.00
   484     3    28 1     2 1    28 3   -6.1840252       1.00
   485     3    28 1    28 3     2 1   -6.1840252       1.00
   486     3    28 3     2 1    28 1   -6.1840252       1.00
   487     3    28 3    28 1     2 1   -6.1840252       1.00
   488     3     2 1    32 1     2 2    6.1840252       1.00
   489     3     2 2     2 1    32 1    6.1840252       1.00
   490     3     2 2    32 1     2 1    6.1840252       1.00
   491     3    32 1     2 1     2 2    6.1840252       1.00
   492     3    32 1     2 2     2 1    6.1840252       1.00
   493     3     1 1    23 2    23 1    6.1840252       1.00
   494     3    23 1     1 1    23 2    6.1840252       1.00
   495     3    23 1    23 2     1 1    6.1840252       1.00
   496     3    23 2     1 1    23 1    6.1840252       1.00
   497     3    23 2    23 1     1 1    6.1840252       1.00
   498     3     1 1    27 1     1 2    6.1840252       1.00
   499     3     1 2     1 1    27 1    6.1840252       1.00
   500     3     1 2    27 1     1 1    6.1840252       1.00
   501     3    27 1     1 1     1 2    6.1840252       1.00
   502     3    27 1     1 2     1 1    6.1840252       1.00
   503     3     2 1    28 2    28 1    6.1840252       1.00
   504     3    28 1     2 1    28 2    6.1840252       1.00
   505     3    28 1    28 2     2 1    6.1840252       1.00
   506     3    28 2     2 1    28 1    6.1840252       1.00
   507     3    28 2    28 1     2 1    6.1840252       1.00
   508     3     2 2    32 2     2 3   -6.1840252       1.00
   509     3     2 3     2 2    32 2   -6.1840252       1.00
   510     3     2 3    32 2     2 2   -6.1840252       1.00
   511     3    32 2     2 2     2 3   -6.1840252       1.00
   512     3    32 2     2 3     2 2   -6.1840252       1.00
   513     3     1 2    23 3    23 2   -6.1840252       1.00
   514     3    23 2     1 2    23 3   -6.1840252       1.00
   515     3    23 2    23 3     1 2   -6.1840252       1.00
   516     3    23 3     1 2    23 2   -6.1840252       1.00
   517     3    23 3    23 2     1 2   -6.1840252       1.00
   518     3     1 2     2 2     1 3   -6.1840252       1.00
   519     3     1 3     1 2     2 2   -6.1840252       1.00
   520     3     1 3     2 2     1 2   -6.1840252       1.00
   521     3     2 2     1 2     1 3   -6.1840252       1.00
   522     3     2 2     1 3     1 2   -6.1840252       1.00
   523     3     2 1    32 2     2 2   -6.1840252       1.00
   524     3     2 2     2 1    32 2   -6.1840252       1.00
   525     3     2 2    32 2     2 1   -6.1840252       1.00
   526     3    32 2     2 1     2 2   -6.1840252       1.00
   527     3    32 2     2 2     2 1   -6.1840252       1.00
   528     3     1 2    23 2    23 1   -6.1840252       1.00
   529     3    23 1     1 2    23 2   -6.1840252       1.00
   530     3    23 1    23 2     1 2   -6.1840252       1.00
   531     3    23 2     1 2    23 1   -6.1840252       1.00
   532     3    23 2    23 1     1 2   -6.1840252       1.00
   533     3     1 1     2 2     1 2   -6.1840252       1.00
   534     3     1 2     1 1     2 2   -6.1840252       1.00
   535     3     1 2     2 2     1 1   -6.1840252       1.00
   536     3     2 2     1 1     1 2   -6.1840252       1.00
   537     3     2 2     1 2     1 1   -6.1840252       1.00
   538     3     1 2    23 3     1 3   -6.1840252       1.00
   539     3     1 3     1 2    23 3   -6.1840252       1.00
   540     3     1 3    23 3     1 2   -6.1840252       1.00
   541     3    23 3     1 2     1 3   -6.1840252       1.00
   542     3    23 3     1 3     1 2   -6.1840252       1.00
   543     3     2 3    32 3    32 2   -6.1840252       1.00
   544     3    32 2     2 3    32 3   -6.1840252       1.00
   545     3    32 2    32 3     2 3   -6.1840252       1.00
   546     3    32 3     2 3    32 2   -6.1840252       1.00
   547     3    32 3    32 2     2 3   -6.1840252       1.00
   548     3     1 1    23 3     1 3    6.1840252       1.00
   549     3     1 3     1 1    23 3    6.1840252       1.00
   550     3     1 3    23 3     1 1    6.1840252       1.00
   551     3    23 3     1 1     1 3    6.1840252       1.00
   552     3    23 3     1 3     1 1    6.1840252       1.00
   553     3     2 3    32 3    32 1    6.1840252       1.00
   554     3    32 1     2 3    32 3    6.1840252       1.00
   555     3    32 1    32 3     2 3    6.1840252       1.00
   556     3    32 3     2 3    32 1    6.1840252       1.00
   557     3    32 3    32 1     2 3    6.1840252       1.00
   558     3     2 2    43 3     2 3   -6.1840252       1.00
   559     3     2 3     2 2    43 3   -6.1840252       1.00
   560     3     2 3    43 3     2 2   -6.1840252       1.00
   561     3    43 3     2 2     2 3   -6.1840252       1.00
   562     3    43 3     2 3     2 2   -6.1840252       1.00
   563     3     1 3    11 3    11 2   -6.1840252       1.00
   564     3    11 2     1 3    11 3   -6.1840252       1.00
   565     3    11 2    11 3     1 3   -6.1840252       1.00
   566     3    11 3     1 3    11 2   -6.1840252       1.00
   567     3    11 3    11 2     1 3   -6.1840252       1.00
   568     3     2 1    43 3     2 3    6.1840252       1.00
   569     3     2 3     2 1    43 3    6.1840252       1.00
   570     3     2 3    43 3     2 1    6.1840252       1.00
   571     3    43 3     2 1     2 3    6.1840252       1.00
   572     3    43 3     2 3     2 1    6.1840252       1.00
   573     3     1 3    11 3    11 1    6.1840252       1.00
   574     3    11 1     1 3    11 3    6.1840252       1.00
   575     3    11 1    11 3     1 3    6.1840252       1.00
   576     3    11 3     1 3    11 1    6.1840252       1.00
   577     3    11 3    11 1     1 3    6.1840252       1.00
   578     3     1 2    27 2     1 3   -6.1840252       1.00
   579     3     1 3     1 2    27 2   -6.1840252       1.00
   580     3     1 3    27 2     1 2   -6.1840252       1.00
   581     3    27 2     1 2     1 3   -6.1840252       1.00
   582     3    27 2     1 3     1 2   -6.1840252       1.00
   583     3     2 2    28 3    28 2   -6.1840252       1.00
   584     3    28 2     2 2    28 3   -6.1840252       1.00
   585     3    28 2    28 3     2 2   -6.1840252       1.00
   586     3    28 3     2 2    28 2   -6.1840252       1.00
   587     3    28 3    28 2     2 2   -6.1840252       1.00
   588     3     1 1    27 2     1 2    6.1840252       1.00
   589     3     1 2     1 1    27 2    6.1840252       1.00
   590     3     1 2    27 2     1 1    6.1840252       1.00
   591     3    27 2     1 1     1 2    6.1840252       1.00
   592     3    27 2     1 2     1 1    6.1840252       1.00
   593     3     2 2    28 2    28 1    6.1840252       1.00
   594     3    28 1     2 2    28 2    6.1840252       1.00
   595     3    28 1    28 2     2 2    6.1840252       1.00
   596     3    28 2     2 2    28 1    6.1840252       1.00
   597     3    28 2    28 1     2 2    6.1840252       1.00
   598     3     2 2    43 2     2 3   -6.1840252       1.00
   599     3     2 3     2 2    43 2   -6.1840252       1.00
   600     3     2 3    43 2     2 2   -6.1840252       1.00
   601     3    43 2     2 2     2 3   -6.1840252       1.00
   602     3    43 2     2 3     2 2   -6.1840252       1.00
   603     3     1 2    11 3    11 2   -6.1840252       1.00
   604     3    11 2     1 2    11 3   -6.1840252       1.00
   605     3    11 2    11 3     1 2   -6.1840252       1.00
   606     3    11 3     1 2    11 2   -6.1840252       1.00
   607     3    11 3    11 2     1 2   -6.1840252       1.00
   608     3     2 1    43 2     2 2    6.1840252       1.00
   609     3     2 2     2 1    43 2    6.1840252       1.00
   610     3     2 2    43 2     2 1    6.1840252       1.00
   611     3    43 2     2 1     2 2    6.1840252       1.00
   612     3    43 2     2 2     2 1    6.1840252       1.00
   613     3     1 2    11 2    11 1    6.1840252       1.00
   614     3    11 1     1 2    11 2    6.1840252       1.00
   615     3    11 1    11 2     1 2    6.1840252       1.00
   616     3    11 2     1 2    11 1    6.1840252       1.00
   617     3    11 2    11 1     1 2    6.1840252       1.00
   618     3     1 1     2 1     1 3   -6.1840252       1.00
   619     3     1 3     1 1     2 1   -6.1840252       1.00
   620     3     1 3     2 1     1 1   -6.1840252       1.00
   621     3     2 1     1 1     1 3   -6.1840252       1.00
   622     3     2 1     1 3     1 1   -6.1840252       1.00
   623     3     2 1    43 1     2 3   -6.1840252       1.00
   624     3     2 3     2 1    43 1   -6.1840252       1.00
   625     3     2 3    43 1     2 1   -6.1840252       1.00
   626     3    43 1     2 1     2 3   -6.1840252       1.00
   627     3    43 1     2 3     2 1   -6.1840252       1.00
   628     3     1 1    11 3    11 1   -6.1840252       1.00
   629     3    11 1     1 1    11 3   -6.1840252       1.00
   630     3    11 1    11 3     1 1   -6.1840252       1.00
   631     3    11 3     1 1    11 1   -6.1840252       1.00
   632     3    11 3    11 1     1 1   -6.1840252       1.00
   633     3     2 1    43 1     2 2   -6.1840252       1.00
   634     3     2 2     2 1    43 1   -6.1840252       1.00
   635     3     2 2    43 1     2 1   -6.1840252       1.00
   636     3    43 1     2 1     2 2   -6.1840252       1.00
   637     3    43 1     2 2     2 1   -6.1840252       1.00
   638     3     1 1    11 2    11 1   -6.1840252       1.00
   639     3    11 1     1 1    11 2   -6.1840252       1.00
   640     3    11 1    11 2     1 1   -6.1840252       1.00
   641     3    11 2     1 1    11 1   -6.1840252       1.00
   642     3    11 2    11 1     1 1   -6.1840252       1.00
   643     4     1 2     1 2     2 1   -6.1840252       1.00
   644     4     1 2     1 2    11 1   -6.1840252       1.00
   645     4     2 1    43 2    43 2   -6.1840252       1.00
   646     4     1 3     1 3    11 1   -6.1840252       1.00
   647     4     2 1    43 3    43 3   -6.1840252       1.00
   648     4     1 1     2 2     2 2    6.1840252       1.00
   649     4     1 1     2 3     2 3    6.1840252       1.00
   650     4     1 1     1 1    11 2    6.1840252       1.00
   651     4     2 2    43 1    43 1    6.1840252       1.00
   652     4     1 3     1 3    11 2    6.1840252       1.00
   653     4     2 2    43 3    43 3    6.1840252       1.00
   654     4     2 1     2 1    28 2   -6.1840252       1.00
   655     4     1 2    27 1    27 1   -6.1840252       1.00
   656     4     2 3     2 3    28 2   -6.1840252       1.00
   657     4     1 2    27 3    27 3   -6.1840252       1.00
   658     4     1 1     1 1    11 3    6.1840252       1.00
   659     4     2 3    43 1    43 1    6.1840252       1.00
   660     4     1 2     1 2    11 3    6.1840252       1.00
   661     4     2 3    43 2    43 2    6.1840252       1.00
   662     4     2 1     2 1    32 3   -6.1840252       1.00
   663     4     1 3    23 1    23 1   -6.1840252       1.00
   664     4     2 2     2 2    32 3   -6.1840252       1.00
   665     4     1 3    23 2    23 2   -6.1840252       1.00
   666     4     1 2     2 1     2 1    6.1840252       1.00
   667     4     1 1     1 1    23 2   -6.1840252       1.00
   668     4     2 2    32 1    32 1   -6.1840252       1.00
   669     4     1 2     2 3     2 3    6.1840252       1.00
   670     4     1 3     1 3    23 2   -6.1840252       1.00
   671     4     2 2    32 3    32 3   -6.1840252       1.00
   672     4     2 2     2 2    28 1   -6.1840252       1.00
   673     4     1 1    27 2    27 2   -6.1840252       1.00
   674     4     1 2     1 2    23 1    6.1840252       1.00
   675     4     2 1    32 2    32 2    6.1840252       1.00
   676     4     2 3     2 3    28 1   -6.1840252       1.00
   677     4     1 1    27 3    27 3   -6.1840252       1.00
   678     4     1 3     1 3    23 1    6.1840252       1.00
   679     4     2 1    32 3    32 3    6.1840252       1.00
   680     4     1 3     2 1     2 1    6.1840252       1.00
   681     4     1 3     2 2     2 2    6.1840252       1.00
   682     4     1 1     1 1    27 3   -6.1840252       1.00
   683     4     2 3    28 1    28 1   -6.1840252       1.00
   684     4     1 2     1 2    27 3   -6.1840252       1.00
   685     4     2 3    28 2    28 2   -6.1840252       1.00
   686     4     2 2     2 2    28 3    6.1840252       1.00
   687     4     1 3    27 2    27 2    6.1840252       1.00
   688     4     2 1     2 1    28 3    6.1840252       1.00
   689     4     1 3    27 1    27 1    6.1840252       1.00
   690     4     1 2     1 2     2 3   -6.1840252       1.00
   691     4     1 1     1 1     2 3   -6.1840252       1.00
   692     4     2 3     2 3    32 1   -6.1840252       1.00
   693     4     1 1    23 3    23 3   -6.1840252       1.00
   694     4     1 3     1 3    27 1    6.1840252       1.00
   695     4     2 1    28 3    28 3    6.1840252       1.00
   696     4     2 2     2 2    32 1   -6.1840252       1.00
   697     4     1 1    23 2    23 2   -6.1840252       1.00
   698     4     1 2     1 2    27 1    6.1840252       1.00
   699     4     2 1    28 2    28 2    6.1840252       1.00
   700     4     2 3     2 3    32 2    6.1840252       1.00
   701     4     1 2    23 3    23 3    6.1840252       1.00
   702     4     1 3     1 3     2 2   -6.1840252       1.00
   703     4     2 1     2 1    32 2    6.1840252       1.00
   704     4     1 2    23 1    23 1    6.1840252       1.00
   705     4     1 1     1 1     2 2   -6.1840252       1.00
   706     4     1 2     1 2    23 3    6.1840252       1.00
   707     4     2 3    32 2    32 2    6.1840252       1.00
   708     4     1 1     1 1    23 3    6.1840252       1.00
   709     4     2 3    32 1    32 1    6.1840252       1.00
   710     4     2 2     2 2    43 3   -6.1840252       1.00
   711     4     1 3    11 2    11 2   -6.1840252       1.00
   712     4     2 1     2 1    43 3   -6.1840252       1.00
   713     4     1 3    11 1    11 1   -6.1840252       1.00
   714     4     1 3     1 3    27 2    6.1840252       1.00
   715     4     2 2    28 3    28 3    6.1840252       1.00
   716     4     1 1     1 1    27 2    6.1840252       1.00
   717     4     2 2    28 1    28 1    6.1840252       1.00
   718     4     2 3     2 3    43 2   -6.1840252       1.00
   719     4     1 2    11 3    11 3   -6.1840252       1.00
   720     4     2 1     2 1    43 2   -6.1840252       1.00
   721     4     1 2    11 1    11 1   -6.1840252       1.00
   722     4     1 3     1 3     2 1   -6.1840252       1.00
   723     4     2 3     2 3    43 1    6.1840252       1.00
   724     4     1 1    11 3    11 3    6.1840252       1.00
   725     4     2 2     2 2    43 1    6.1840252       1.00
   726     4     1 1    11 2    11 2    6.1840252       1.00
   727     4     1 2     2 1     1 2   -6.1840252       1.00
   728     4     2 1     1 2     1 2   -6.1840252       1.00
   729     4     1 2    11 1     1 2   -6.1840252       1.00
   730     4    11 1     1 2     1 2   -6.1840252       1.00
   731     4    43 2     2 1    43 2   -6.1840252       1.00
   732     4    43 2    43 2     2 1   -6.1840252       1.00
   733     4     1 3    11 1     1 3   -6.1840252       1.00
   734     4    11 1     1 3     1 3   -6.1840252       1.00
   735     4    43 3     2 1    43 3   -6.1840252       1.00
   736     4    43 3    43 3     2 1   -6.1840252       1.00
   737     4     2 2     1 1     2 2    6.1840252       1.00
   738     4     2 2     2 2     1 1    6.1840252       1.00
   739     4     2 3     1 1     2 3    6.1840252       1.00
   740     4     2 3     2 3     1 1    6.1840252       1.00
   741     4     1 1    11 2     1 1    6.1840252       1.00
   742     4    11 2     1 1     1 1    6.1840252       1.00
   743     4    43 1     2 2    43 1    6.1840252       1.00
   744     4    43 1    43 1     2 2    6.1840252       1.00
   745     4     1 3    11 2     1 3    6.1840252       1.00
   746     4    11 2     1 3     1 3    6.1840252       1.00
   747     4    43 3     2 2    43 3    6.1840252       1.00
   748     4    43 3    43 3     2 2    6.1840252       1.00
   749     4     2 1    28 2     2 1   -6.1840252       1.00
   750     4    28 2     2 1     2 1   -6.1840252       1.00
   751     4    27 1     1 2    27 1   -6.1840252       1.00
   752     4    27 1    27 1     1 2   -6.1840252       1.00
   753     4     2 3    28 2     2 3   -6.1840252       1.00
   754     4    28 2     2 3     2 3   -6.1840252       1.00
   755     4    27 3     1 2    27 3   -6.1840252       1.00
   756     4    27 3    27 3     1 2   -6.1840252       1.00
   757     4     1 1    11 3     1 1    6.1840252       1.00
   758     4    11 3     1 1     1 1    6.1840252       1.00
   759     4    43 1     2 3    43 1    6.1840252       1.00
   760     4    43 1    43 1     2 3    6.1840252       1.00
   761     4     1 2    11 3     1 2    6.1840252       1.00
   762     4    11 3     1 2     1 2    6.1840252       1.00
   763     4    43 2     2 3    43 2    6.1840252       1.00
   764     4    43 2    43 2     2 3    6.1840252       1.00
   765     4     2 1    32 3     2 1   -6.1840252       1.00
   766     4    32 3     2 1     2 1   -6.1840252       1.00
   767     4    23 1     1 3    23 1   -6.1840252       1.00
   768     4    23 1    23 1     1 3   -6.1840252       1.00
   769     4     2 2    32 3     2 2   -6.1840252       1.00
   770     4    32 3     2 2     2 2   -6.1840252       1.00
   771     4    23 2     1 3    23 2   -6.1840252       1.00
   772     4    23 2    23 2     1 3   -6.1840252       1.00
   773     4     2 1     1 2     2 1    6.1840252       1.00
   774     4     2 1     2 1     1 2    6.1840252       1.00
   775     4     1 1    23 2     1 1   -6.1840252       1.00
   776     4    23 2     1 1     1 1   -6.1840252       1.00
   777     4    32 1     2 2    32 1   -6.1840252       1.00
   778     4    32 1    32 1     2 2   -6.1840252       1.00
   779     4     2 3     1 2     2 3    6.1840252       1.00
   780     4     2 3     2 3     1 2    6.1840252       1.00
   781     4     1 3    23 2     1 3   -6.1840252       1.00
   782     4    23 2     1 3     1 3   -6.1840252       1.00
   783     4    32 3     2 2    32 3   -6.1840252       1.00
   784     4    32 3    32 3     2 2   -6.1840252       1.00
   785     4     2 2    28 1     2 2   -6.1840252       1.00
   786     4    28 1     2 2     2 2   -6.1840252       1.00
   787     4    27 2     1 1    27 2   -6.1840252       1.00
   788     4    27 2    27 2     1 1   -6.1840252       1.00
   789     4     1 2    23 1     1 2    6.1840252       1.00
   790     4    23 1     1 2     1 2    6.1840252       1.00
   791     4    32 2     2 1    32 2    6.1840252       1.00
   792     4    32 2    32 2     2 1    6.1840252       1.00
   793     4     2 3    28 1     2 3   -6.1840252       1.00
   794     4    28 1     2 3     2 3   -6.1840252       1.00
   795     4    27 3     1 1    27 3   -6.1840252       1.00
   796     4    27 3    27 3     1 1   -6.1840252       1.00
   797     4     1 3    23 1     1 3    6.1840252       1.00
   798     4    23 1     1 3     1 3    6.1840252       1.00
   799     4    32 3     2 1    32 3    6.1840252       1.00
   800     4    32 3    32 3     2 1    6.1840252       1.00
   801     4     2 1     1 3     2 1    6.1840252       1.00
   802     4     2 1     2 1     1 3    6.1840252       1.00
   803     4     2 2     1 3     2 2    6.1840252       1.00
   804     4     2 2     2 2     1 3    6.1840252       1.00
   805     4     1 1    27 3     1 1   -6.1840252       1.00
   806     4    27 3     1 1     1 1   -6.1840252       1.00
   807     4    28 1     2 3    28 1   -6.1840252       1.00
   808     4    28 1    28 1     2 3   -6.1840252       1.00
   809     4     1 2    27 3     1 2   -6.1840252       1.00
   810     4    27 3     1 2     1 2   -6.1840252       1.00
   811     4    28 2     2 3    28 2   -6.1840252       1.00
   812     4    28 2    28 2     2 3   -6.1840252       1.00
   813     4     2 2    28 3     2 2    6.1840252       1.00
   814     4    28 3     2 2     2 2    6.1840252       1.00
   815     4    27 2     1 3    27 2    6.1840252       1.00
   816     4    27 2    27 2     1 3    6.1840252       1.00
   817     4     2 1    28 3     2 1    6.1840252       1.00
   818     4    28 3     2 1     2 1    6.1840252       1.00
   819     4    27 1     1 3    27 1    6.1840252       1.00
   820     4    27 1    27 1     1 3    6.1840252       1.00
   821     4     1 2     2 3     1 2   -6.1840252       1.00
   822     4     2 3     1 2     1 2   -6.1840252       1.00
   823     4     1 1     2 3     1 1   -6.1840252       1.00
   824     4     2 3     1 1     1 1   -6.1840252       1.00
   825     4     2 3    32 1     2 3   -6.1840252       1.00
   826     4    32 1     2 3     2 3   -6.1840252       1.00
   827     4    23 3     1 1    23 3   -6.1840252       1.00
   828     4    23 3    23 3     1 1   -6.1840252       1.00
   829     4     1 3    27 1     1 3    6.1840252       1.00
   830     4    27 1     1 3     1 3    6.1840252       1.00
   831     4    28 3     2 1    28 3    6.1840252       1.00
   832     4    28 3    28 3     2 1    6.1840252       1.00
   833     4     2 2    32 1     2 2   -6.1840252       1.00
   834     4    32 1     2 2     2 2   -6.1840252       1.00
   835     4    23 2     1 1    23 2   -6.1840252       1.00
   836     4    23 2    23 2     1 1   -6.1840252       1.00
   837     4     1 2    27 1     1 2    6.1840252       1.00
   838     4    27 1     1 2     1 2    6.1840252       1.00
   839     4    28 2     2 1    28 2    6.1840252       1.00
   840     4    28 2    28 2     2 1    6.1840252       1.00
   841     4     2 3    32 2     2 3    6.1840252       1.00
   842     4    32 2     2 3     2 3    6.1840252       1.00
   843     4    23 3     1 2    23 3    6.1840252       1.00
   844     4    23 3    23 3     1 2    6.1840252       1.00
   845     4     1 3     2 2     1 3   -6.1840252       1.00
   846     4     2 2     1 3     1 3   -6.1840252       1.00
   847     4     2 1    32 2     2 1    6.1840252       1.00
   848     4    32 2     2 1     2 1    6.1840252       1.00
   849     4    23 1     1 2    23 1    6.1840252       1.00
   850     4    23 1    23 1     1 2    6.1840252       1.00
   851     4     1 1     2 2     1 1   -6.1840252       1.00
   852     4     2 2     1 1     1 1   -6.1840252       1.00
   853     4     1 2    23 3     1 2    6.1840252       1.00
   854     4    23 3     1 2     1 2    6.1840252       1.00
   855     4    32 2     2 3    32 2    6.1840252       1.00
   856     4    32 2    32 2     2 3    6.1840252       1.00
   857     4     1 1    23 3     1 1    6.1840252       1.00
   858     4    23 3     1 1     1 1    6.1840252       1.00
   859     4    32 1     2 3    32 1    6.1840252       1.00
   860     4    32 1    32 1     2 3    6.1840252       1.00
   861     4     2 2    43 3     2 2   -6.1840252       1.00
   862     4    43 3     2 2     2 2   -6.1840252       1.00
   863     4    11 2     1 3    11 2   -6.1840252       1.00
   864     4    11 2    11 2     1 3   -6.1840252       1.00
   865     4     2 1    43 3     2 1   -6.1840252       1.00
   866     4    43 3     2 1     2 1   -6.1840252       1.00
   867     4    11 1     1 3    11 1   -6.1840252       1.00
   868     4    11 1    11 1     1 3   -6.1840252       1.00
   869     4     1 3    27 2     1 3    6.1840252       1.00
   870     4    27 2     1 3     1 3    6.1840252       1.00
   871     4    28 3     2 2    28 3    6.1840252       1.00
   872     4    28 3    28 3     2 2    6.1840252       1.00
   873     4     1 1    27 2     1 1    6.1840252       1.00
   874     4    27 2     1 1     1 1    6.1840252       1.00
   875     4    28 1     2 2    28 1    6.1840252       1.00
   876     4    28 1    28 1     2 2    6.1840252       1.00
   877     4     2 3    43 2     2 3   -6.1840252       1.00
   878     4    43 2     2 3     2 3   -6.1840252       1.00
   879     4    11 3     1 2    11 3   -6.1840252       1.00
   880     4    11 3    11 3     1 2   -6.1840252       1.00
   881     4     2 1    43 2     2 1   -6.1840252       1.00
   882     4    43 2     2 1     2 1   -6.1840252       1.00
   883     4    11 1     1 2    11 1   -6.1840252       1.00
   884     4    11 1    11 1     1 2   -6.1840252       1.00
   885     4     1 3     2 1     1 3   -6.1840252       1.00
   886     4     2 1     1 3     1 3   -6.1840252       1.00
   887     4     2 3    43 1     2 3    6.1840252       1.00
   888     4    43 1     2 3     2 3    6.1840252       1.00
   889     4    11 3     1 1    11 3    6.1840252       1.00
   890     4    11 3    11 3     1 1    6.1840252       1.00
   891     4     2 2    43 1     2 2    6.1840252       1.00
   892     4    43 1     2 2     2 2    6.1840252       1.00
   893     4    11 2     1 1    11 2    6.1840252       1.00
   894     4    11 2    11 2     1 1    6.1840252       1.00
   895     5     1 2     1 3     2 1   -7.8463514       1.00
   896     5     1 2     1 3    11 1   -7.8463514       1.00
   897     5     2 1    43 2    43 3   -7.8463514       1.00
   898     5     1 1     2 2     2 3    7.8463514       1.00
   899     5     1 1     1 3    11 2   -7.8463514       1.00
   900     5     2 2    43 1    43 3   -7.8463514       1.00
   901     5     2 1     2 3    28 2    7.8463514       1.00
   902     5     1 2    27 1    27 3    7.8463514       1.00
   903     5     1 1     1 2    11 3   -7.8463514       1.00
   904     5     2 3    43 1    43 2   -7.8463514       1.00
   905     5     2 1     2 2    32 3    7.8463514       1.00
   906     5     1 3    23 1    23 2    7.8463514       1.00
   907     5     1 2     2 1     2 3    7.8463514       1.00
   908     5     1 1     1 3    23 2   -7.8463514       1.00
   909     5     2 2    32 1    32 3   -7.8463514       1.00
   910     5     2 2     2 3    28 1    7.8463514       1.00
   911     5     1 1    27 2    27 3    7.8463514       1.00
   912     5     1 2     1 3    23 1   -7.8463514       1.00
   913     5     2 1    32 2    32 3   -7.8463514       1.00
   914     5     1 3     2 1     2 2    7.8463514       1.00
   915     5     1 1     1 2    27 3   -7.8463514       1.00
   916     5     2 3    28 1    28 2   -7.8463514       1.00
   917     5     2 1     2 2    28 3    7.8463514       1.00
   918     5     1 3    27 1    27 2    7.8463514       1.00
   919     5     1 1     1 2     2 3   -7.8463514       1.00
   920     5     2 2     2 3    32 1    7.8463514       1.00
   921     5     1 1    23 2    23 3    7.8463514       1.00
   922     5     1 2     1 3    27 1   -7.8463514       1.00
   923     5     2 1    28 2    28 3   -7.8463514       1.00
   924     5     2 1     2 3    32 2    7.8463514       1.00
   925     5     1 2    23 1    23 3    7.8463514       1.00
   926     5     1 1     1 3     2 2   -7.8463514       1.00
   927     5     1 1     1 2    23 3   -7.8463514       1.00
   928     5     2 3    32 1    32 2   -7.8463514       1.00
   929     5     2 1     2 2    43 3    7.8463514       1.00
   930     5     1 3    11 1    11 2    7.8463514       1.00
   931     5     1 1     1 3    27 2   -7.8463514       1.00
   932     5     2 2    28 1    28 3   -7.8463514       1.00
   933     5     2 1     2 3    43 2    7.8463514       1.00
   934     5     1 2    11 1    11 3    7.8463514       1.00
   935     5     2 2     2 3    43 1    7.8463514       1.00
   936     5     1 1    11 2    11 3    7.8463514       1.00
   937     5     1 2     2 1     1 3   -7.8463514       1.00
   938     5     1 3     1 2     2 1   -7.8463514       1.00
   939     5     1 3     2 1     1 2   -7.8463514       1.00
   940     5     2 1     1 2     1 3   -7.8463514       1.00
   941     5     2 1     1 3     1 2   -7.8463514       1.00
   942     5     1 2    11 1     1 3   -7.8463514       1.00
   943     5     1 3     1 2    11 1   -7.8463514       1.00
   944     5     1 3    11 1     1 2   -7.8463514       1.00
   945     5    11 1     1 2     1 3   -7.8463514       1.00
   946     5    11 1     1 3     1 2   -7.8463514       1.00
   947     5     2 1    43 3    43 2   -7.8463514       1.00
   948     5    43 2     2 1    43 3   -7.8463514       1.00
   949     5    43 2    43 3     2 1   -7.8463514       1.00
   950     5    43 3     2 1    43 2   -7.8463514       1.00
   951     5    43 3    43 2     2 1   -7.8463514       1.00
   952     5     1 1     2 3     2 2    7.8463514       1.00
   953     5     2 2     1 1     2 3    7.8463514       1.00
   954     5     2 2     2 3     1 1    7.8463514       1.00
   955     5     2 3     1 1     2 2    7.8463514       1.00
   956     5     2 3     2 2     1 1    7.8463514       1.00
   957     5     1 1    11 2     1 3   -7.8463514       1.00
   958     5     1 3     1 1    11 2   -7.8463514       1.00
   959     5     1 3    11 2     1 1   -7.8463514       1.00
   960     5    11 2     1 1     1 3   -7.8463514       1.00
   961     5    11 2     1 3     1 1   -7.8463514       1.00
   962     5     2 2    43 3    43 1   -7.8463514       1.00
   963     5    43 1     2 2    43 3   -7.8463514       1.00
   964     5    43 1    43 3     2 2   -7.8463514       1.00
   965     5    43 3     2 2    43 1   -7.8463514       1.00
   966     5    43 3    43 1     2 2   -7.8463514       1.00
   967     5     2 1    28 2     2 3    7.8463514       1.00
   968     5     2 3     2 1    28 2    7.8463514       1.00
   969     5     2 3    28 2     2 1    7.8463514       1.00
   970     5    28 2     2 1     2 3    7.8463514       1.00
   971     5    28 2     2 3     2 1    7.8463514       1.00
   972     5     1 2    27 3    27 1    7.8463514       1.00
   973     5    27 1     1 2    27 3    7.8463514       1.00
   974     5    27 1    27 3     1 2    7.8463514       1.00
   975     5    27 3     1 2    27 1    7.8463514       1.00
   976     5    27 3    27 1     1 2    7.8463514       1.00
   977     5     1 1    11 3     1 2   -7.8463514       1.00
   978     5     1 2     1 1    11 3   -7.8463514       1.00
   979     5     1 2    11 3     1 1   -7.8463514       1.00
   980     5    11 3     1 1     1 2   -7.8463514       1.00
   981     5    11 3     1 2     1 1   -7.8463514       1.00
   982     5     2 3    43 2    43 1   -7.8463514       1.00
   983     5    43 1     2 3    43 2   -7.8463514       1.00
   984     5    43 1    43 2     2 3   -7.8463514       1.00
   985     5    43 2     2 3    43 1   -7.8463514       1.00
   986     5    43 2    43 1     2 3   -7.8463514       1.00
   987     5     2 1    32 3     2 2    7.8463514       1.00
   988     5     2 2     2 1    32 3    7.8463514       1.00
   989     5     2 2    32 3     2 1    7.8463514       1.00
   990     5    32 3     2 1     2 2    7.8463514       1.00
   991     5    32 3     2 2     2 1    7.8463514       1.00
   992     5     1 3    23 2    23 1    7.8463514       1.00
   993     5    23 1     1 3    23 2    7.8463514       1.00
   994     5    23 1    23 2     1 3    7.8463514       1.00
   995     5    23 2     1 3    23 1    7.8463514       1.00
   996     5    23 2    23 1     1 3    7.8463514       1.00
   997     5     1 2     2 3     2 1    7.8463514       1.00
   998     5     2 1     1 2     2 3    7.8463514       1.00
   999     5     2 1     2 3     1 2    7.8463514       1.00
  1000     5     2 3     1 2     2 1    7.8463514       1.00
  1001     5     2 3     2 1     1 2    7.8463514       1.00
  1002     5     1 1    23 2     1 3   -7.8463514       1.00
  1003     5     1 3     1 1    23 2   -7.8463514       1.00
  1004     5     1 3    23 2     1 1   -7.8463514       1.00
  1005     5    23 2     1 1     1 3   -7.8463514       1.00
  1006     5    23 2     1 3     1 1   -7.8463514       1.00
  1007     5     2 2    32 3    32 1   -7.8463514       1.00
  1008     5    32 1     2 2    32 3   -7.8463514       1.00
  1009     5    32 1    32 3     2 2   -7.8463514       1.00
  1010     5    32 3     2 2    32 1   -7.8463514       1.00
  1011     5    32 3    32 1     2 2   -7.8463514       1.00
  1012     5     2 2    28 1     2 3    7.8463514       1.00
  1013     5     2 3     2 2    28 1    7.8463514       1.00
  1014     5     2 3    28 1     2 2    7.8463514       1.00
  1015     5    28 1     2 2     2 3    7.8463514       1.00
  1016     5    28 1     2 3     2 2    7.8463514       1.00
  1017     5     1 1    27 3    27 2    7.8463514       1.00
  1018     5    27 2     1 1    27 3    7.8463514       1.00
  1019     5    27 2    27 3     1 1    7.8463514       1.00
  1020     5    27 3     1 1    27 2    7.8463514       1.00
  1021     5    27 3    27 2     1 1    7.8463514       1.00
  1022     5     1 2    23 1     1 3   -7.8463514       1.00
  1023     5     1 3     1 2    23 1   -7.8463514       1.00
  1024     5     1 3    23 1     1 2   -7.8463514       1.00
  1025     5    23 1     1 2     1 3   -7.8463514       1.00
  1026     5    23 1     1 3     1 2   -7.8463514       1.00
  1027     5     2 1    32 3    32 2   -7.8463514       1.00
  1028     5    32 2     2 1    32 3   -7.8463514       1.00
  1029     5    32 2    32 3     2 1   -7.8463514       1.00
  1030     5    32 3     2 1    32 2   -7.8463514       1.00
  1031     5    32 3    32 2     2 1   -7.8463514       1.00
  1032     5     1 3     2 2     2 1    7.8463514       1.00
  1033     5     2 1     1 3     2 2    7.8463514       1.00
  1034     5     2 1     2 2     1 3    7.8463514       1.00
  1035     5     2 2     1 3     2 1    7.8463514       1.00
  1036     5     2 2     2 1     1 3    7.8463514       1.00
  1037     5     1 1    27 3     1 2   -7.8463514       1.00
  1038     5     1 2     1 1    27 3   -7.8463514       1.00
  1039     5     1 2    27 3     1 1   -7.8463514       1.00
  1040     5    27 3     1 1     1 2   -7.8463514       1.00
  1041     5    27 3     1 2     1 1   -7.8463514       1.00
  1042     5     2 3    28 2    28 1   -7.8463514       1.00
  1043     5    28 1     2 3    28 2   -7.8463514       1.00
  1044     5    28 1    28 2     2 3   -7.8463514       1.00
  1045     5    28 2     2 3    28 1   -7.8463514       1.00
  1046     5    28 2    28 1     2 3   -7.8463514       1.00
  1047     5     2 1    28 3     2 2    7.8463514       1.00
  1048     5     2 2     2 1    28 3    7.8463514       1.00
  1049     5     2 2    28 3     2 1    7.8463514       1.00
  1050     5    28 3     2 1     2 2    7.8463514       1.00
  1051     5    28 3     2 2     2 1    7.8463514       1.00
  1052     5     1 3    27 2    27 1    7.8463514       1.00
  1053     5    27 1     1 3    27 2    7.8463514       1.00
  1054     5    27 1    27 2     1 3    7.8463514       1.00
  1055     5    27 2     1 3    27 1    7.8463514       1.00
  1056     5    27 2    27 1     1 3    7.8463514       1.00
  1057     5     1 1     2 3     1 2   -7.8463514       1.00
  1058     5     1 2     1 1     2 3   -7.8463514       1.00
  1059     5     1 2     2 3     1 1   -7.8463514       1.00
  1060     5     2 3     1 1     1 2   -7.8463514       1.00
  1061     5     2 3     1 2     1 1   -7.8463514       1.00
  1062     5     2 2    32 1     2 3    7.8463514       1.00
  1063     5     2 3     2 2    32 1    7.8463514       1.00
  1064     5     2 3    32 1     2 2    7.8463514       1.00
  1065     5    32 1     2 2     2 3    7.8463514       1.00
  1066     5    32 1     2 3     2 2    7.8463514       1.00
  1067     5     1 1    23 3    23 2    7.8463514       1.00
  1068     5    23 2     1 1    23 3    7.8463514       1.00
  1069     5    23 2    23 3     1 1    7.8463514       1.00
  1070     5    23 3     1 1    23 2    7.8463514       1.00
  1071     5    23 3    23 2     1 1    7.8463514       1.00
  1072     5     1 2    27 1     1 3   -7.8463514       1.00
  1073     5     1 3     1 2    27 1   -7.8463514       1.00
  1074     5     1 3    27 1     1 2   -7.8463514       1.00
  1075     5    27 1     1 2     1 3   -7.8463514       1.00
  1076     5    27 1     1 3     1 2   -7.8463514       1.00
  1077     5     2 1    28 3    28 2   -7.8463514       1.00
  1078     5    28 2     2 1    28 3   -7.8463514       1.00
  1079     5    28 2    28 3     2 1   -7.8463514       1.00
  1080     5    28 3     2 1    28 2   -7.8463514       1.00
  1081     5    28 3    28 2     2 1   -7.8463514       1.00
  1082     5     2 1    32 2     2 3    7.8463514       1.00
  1083     5     2 3     2 1    32 2    7.8463514       1.00
  1084     5     2 3    32 2     2 1    7.8463514       1.00
  1085     5    32 2     2 1     2 3    7.8463514       1.00
  1086     5    32 2     2 3     2 1    7.8463514       1.00
  1087     5     1 2    23 3    23 1    7.8463514       1.00
  1088     5    23 1     1 2    23 3    7.8463514       1.00
  1089     5    23 1    23 3     1 2    7.8463514       1.00
  1090     5    23 3     1 2    23 1    7.8463514       1.00
  1091     5    23 3    23 1     1 2    7.8463514       1.00
  1092     5     1 1     2 2     1 3   -7.8463514       1.00
  1093     5     1 3     1 1     2 2   -7.8463514       1.00
  1094     5     1 3     2 2     1 1   -7.8463514       1.00
  1095     5     2 2     1 1     1 3   -7.8463514       1.00
  1096     5     2 2     1 3     1 1   -7.8463514       1.00
  1097     5     1 1    23 3     1 2   -7.8463514       1.00
  1098     5     1 2     1 1    23 3   -7.8463514       1.00
  1099     5     1 2    23 3     1 1   -7.8463514       1.00
  1100     5    23 3     1 1     1 2   -7.8463514       1.00
  1101     5    23 3     1 2     1 1   -7.8463514       1.00
  1102     5     2 3    32 2    32 1   -7.8463514       1.00
  1103     5    32 1     2 3    32 2   -7.8463514       1.00
  1104     5    32 1    32 2     2 3   -7.8463514       1.00
  1105     5    32 2     2 3    32 1   -7.8463514       1.00
  1106     5    32 2    32 1     2 3   -7.8463514       1.00
  1107     5     2 1    43 3     2 2    7.8463514       1.00
  1108     5     2 2     2 1    43 3    7.8463514       1.00
  1109     5     2 2    43 3     2 1    7.8463514       1.00
  1110     5    43 3     2 1     2 2    7.8463514       1.00
  1111     5    43 3     2 2     2 1    7.8463514       1.00
  1112     5     1 3    11 2    11 1    7.8463514       1.00
  1113     5    11 1     1 3    11 2    7.8463514       1.00
  1114     5    11 1    11 2     1 3    7.8463514       1.00
  1115     5    11 2     1 3    11 1    7.8463514       1.00
  1116     5    11 2    11 1     1 3    7.8463514       1.00
  1117     5     1 1    27 2     1 3   -7.8463514       1.00
  1118     5     1 3     1 1    27 2   -7.8463514       1.00
  1119     5     1 3    27 2     1 1   -7.8463514       1.00
  1120     5    27 2     1 1     1 3   -7.8463514       1.00
  1121     5    27 2     1 3     1 1   -7.8463514       1.00
  1122     5     2 2    28 3    28 1   -7.8463514       1.00
  1123     5    28 1     2 2    28 3   -7.8463514       1.00
  1124     5    28 1    28 3     2 2   -7.8463514       1.00
  1125     5    28 3     2 2    28 1   -7.8463514       1.00
  1126     5    28 3    28 1     2 2   -7.8463514       1.00
  1127     5     2 1    43 2     2 3    7.8463514       1.00
  1128     5     2 3     2 1    43 2    7.8463514       1.00
  1129     5     2 3    43 2     2 1    7.8463514       1.00
  1130     5    43 2     2 1     2 3    7.8463514       1.00
  1131     5    43 2     2 3     2 1    7.8463514       1.00
  1132     5     1 2    11 3    11 1    7.8463514       1.00
  1133     5    11 1     1 2    11 3    7.8463514       1.00
  1134     5    11 1    11 3     1 2    7.8463514       1.00
  1135     5    11 3     1 2    11 1    7.8463514       1.00
  1136     5    11 3    11 1     1 2    7.8463514       1.00
  1137     5     2 2    43 1     2 3    7.8463514       1.00
  1138     5     2 3     2 2    43 1    7.8463514       1.00
  1139     5     2 3    43 1     2 2    7.8463514       1.00
  1140     5    43 1     2 2     2 3    7.8463514       1.00
  1141     5    43 1     2 3     2 2    7.8463514       1.00
  1142     5     1 1    11 3    11 2    7.8463514       1.00
  1143     5    11 2     1 1    11 3    7.8463514       1.00
  1144     5    11 2    11 3     1 1    7.8463514       1.00
  1145     5    11 3     1 1    11 2    7.8463514       1.00
  1146     5    11 3    11 2     1 1    7.8463514       1.00
