 # RANK            4  tensors :term,group,(iatom,ixyz)_2 d^nU/dx_{i,alpha}^n
     1     1      1 1      1 1      1 1      1 1   0.66843073E-07  1.0000
     2     1      1 2      1 2      1 2      1 2   0.66843073E-07  1.0000
     3     1      1 3      1 3      1 3      1 3   0.66843073E-07  1.0000
     1     3      1 1      3 1      3 1      3 1   0.29490093E-06  1.0000
     2     3      3 1      1 1      3 1      3 1   0.29490093E-06  1.0000
     3     3      3 1      3 1      1 1      3 1   0.29490093E-06  1.0000
     4     3      3 1      3 1      3 1      1 1   0.29490093E-06  1.0000
     5     3      1 2      4 2      4 2      4 2   0.29490093E-06  1.0000
     6     3      4 2      1 2      4 2      4 2   0.29490093E-06  1.0000
     7     3      4 2      4 2      1 2      4 2   0.29490093E-06  1.0000
     8     3      4 2      4 2      4 2      1 2   0.29490093E-06  1.0000
     9     3      1 3      5 3      5 3      5 3   0.29490093E-06  1.0000
    10     3      5 3      1 3      5 3      5 3   0.29490093E-06  1.0000
    11     3      5 3      5 3      1 3      5 3   0.29490093E-06  1.0000
    12     3      5 3      5 3      5 3      1 3   0.29490093E-06  1.0000
    13     3      1 3     15 3     15 3     15 3   0.29490093E-06  1.0000
    14     3     15 3      1 3     15 3     15 3   0.29490093E-06  1.0000
    15     3     15 3     15 3      1 3     15 3   0.29490093E-06  1.0000
    16     3     15 3     15 3     15 3      1 3   0.29490093E-06  1.0000
    17     3    116 3      5 3      5 3      5 3   0.29490093E-06  1.0000
    18     3      5 3    116 3      5 3      5 3   0.29490093E-06  1.0000
    19     3      5 3      5 3    116 3      5 3   0.29490093E-06  1.0000
    20     3      5 3      5 3      5 3    116 3   0.29490093E-06  1.0000
    21     3      1 2     24 2     24 2     24 2   0.29490093E-06  1.0000
    22     3     24 2      1 2     24 2     24 2   0.29490093E-06  1.0000
    23     3     24 2     24 2      1 2     24 2   0.29490093E-06  1.0000
    24     3     24 2     24 2     24 2      1 2   0.29490093E-06  1.0000
    25     3    110 2      4 2      4 2      4 2   0.29490093E-06  1.0000
    26     3      4 2    110 2      4 2      4 2   0.29490093E-06  1.0000
    27     3      4 2      4 2    110 2      4 2   0.29490093E-06  1.0000
    28     3      4 2      4 2      4 2    110 2   0.29490093E-06  1.0000
    29     3      1 2     29 2     29 2     29 2   0.29490093E-06  1.0000
    30     3     29 2      1 2     29 2     29 2   0.29490093E-06  1.0000
    31     3     29 2     29 2      1 2     29 2   0.29490093E-06  1.0000
    32     3     29 2     29 2     29 2      1 2   0.29490093E-06  1.0000
    33     3    105 2      4 2      4 2      4 2   0.29490093E-06  1.0000
    34     3      4 2    105 2      4 2      4 2   0.29490093E-06  1.0000
    35     3      4 2      4 2    105 2      4 2   0.29490093E-06  1.0000
    36     3      4 2      4 2      4 2    105 2   0.29490093E-06  1.0000
    37     3      1 3     30 3     30 3     30 3   0.29490093E-06  1.0000
    38     3     30 3      1 3     30 3     30 3   0.29490093E-06  1.0000
    39     3     30 3     30 3      1 3     30 3   0.29490093E-06  1.0000
    40     3     30 3     30 3     30 3      1 3   0.29490093E-06  1.0000
    41     3    105 3      5 3      5 3      5 3   0.29490093E-06  1.0000
    42     3      5 3    105 3      5 3      5 3   0.29490093E-06  1.0000
    43     3      5 3      5 3    105 3      5 3   0.29490093E-06  1.0000
    44     3      5 3      5 3      5 3    105 3   0.29490093E-06  1.0000
    45     3      1 1     51 1     51 1     51 1   0.29490093E-06  1.0000
    46     3     51 1      1 1     51 1     51 1   0.29490093E-06  1.0000
    47     3     51 1     51 1      1 1     51 1   0.29490093E-06  1.0000
    48     3     51 1     51 1     51 1      1 1   0.29490093E-06  1.0000
    49     3     84 1      3 1      3 1      3 1   0.29490093E-06  1.0000
    50     3      3 1     84 1      3 1      3 1   0.29490093E-06  1.0000
    51     3      3 1      3 1     84 1      3 1   0.29490093E-06  1.0000
    52     3      3 1      3 1      3 1     84 1   0.29490093E-06  1.0000
    53     3      1 1     56 1     56 1     56 1   0.29490093E-06  1.0000
    54     3     56 1      1 1     56 1     56 1   0.29490093E-06  1.0000
    55     3     56 1     56 1      1 1     56 1   0.29490093E-06  1.0000
    56     3     56 1     56 1     56 1      1 1   0.29490093E-06  1.0000
    57     3     79 1      3 1      3 1      3 1   0.29490093E-06  1.0000
    58     3      3 1     79 1      3 1      3 1   0.29490093E-06  1.0000
    59     3      3 1      3 1     79 1      3 1   0.29490093E-06  1.0000
    60     3      3 1      3 1      3 1     79 1   0.29490093E-06  1.0000
    61     3      1 3     58 3     58 3     58 3   0.29490093E-06  1.0000
    62     3     58 3      1 3     58 3     58 3   0.29490093E-06  1.0000
    63     3     58 3     58 3      1 3     58 3   0.29490093E-06  1.0000
    64     3     58 3     58 3     58 3      1 3   0.29490093E-06  1.0000
    65     3     79 3      5 3      5 3      5 3   0.29490093E-06  1.0000
    66     3      5 3     79 3      5 3      5 3   0.29490093E-06  1.0000
    67     3      5 3      5 3     79 3      5 3   0.29490093E-06  1.0000
    68     3      5 3      5 3      5 3     79 3   0.29490093E-06  1.0000
    69     3      1 1     66 1     66 1     66 1   0.29490093E-06  1.0000
    70     3     66 1      1 1     66 1     66 1   0.29490093E-06  1.0000
    71     3     66 1     66 1      1 1     66 1   0.29490093E-06  1.0000
    72     3     66 1     66 1     66 1      1 1   0.29490093E-06  1.0000
    73     3     69 1      3 1      3 1      3 1   0.29490093E-06  1.0000
    74     3      3 1     69 1      3 1      3 1   0.29490093E-06  1.0000
    75     3      3 1      3 1     69 1      3 1   0.29490093E-06  1.0000
    76     3      3 1      3 1      3 1     69 1   0.29490093E-06  1.0000
    77     3      1 2     67 2     67 2     67 2   0.29490093E-06  1.0000
    78     3     67 2      1 2     67 2     67 2   0.29490093E-06  1.0000
    79     3     67 2     67 2      1 2     67 2   0.29490093E-06  1.0000
    80     3     67 2     67 2     67 2      1 2   0.29490093E-06  1.0000
    81     3     69 2      4 2      4 2      4 2   0.29490093E-06  1.0000
    82     3      4 2     69 2      4 2      4 2   0.29490093E-06  1.0000
    83     3      4 2      4 2     69 2      4 2   0.29490093E-06  1.0000
    84     3      4 2      4 2      4 2     69 2   0.29490093E-06  1.0000
     1     8      1 2      3 2      3 2      3 2   0.47652692E-06  1.0000
     2     8      3 2      1 2      3 2      3 2   0.47652692E-06  1.0000
     3     8      3 2      3 2      1 2      3 2   0.47652692E-06  1.0000
     4     8      3 2      3 2      3 2      1 2   0.47652692E-06  1.0000
     5     8      1 3      3 3      3 3      3 3   0.47652692E-06  1.0000
     6     8      3 3      1 3      3 3      3 3   0.47652692E-06  1.0000
     7     8      3 3      3 3      1 3      3 3   0.47652692E-06  1.0000
     8     8      3 3      3 3      3 3      1 3   0.47652692E-06  1.0000
     9     8      1 1      4 1      4 1      4 1   0.47652692E-06  1.0000
    10     8      4 1      1 1      4 1      4 1   0.47652692E-06  1.0000
    11     8      4 1      4 1      1 1      4 1   0.47652692E-06  1.0000
    12     8      4 1      4 1      4 1      1 1   0.47652692E-06  1.0000
    13     8      1 3      4 3      4 3      4 3   0.47652692E-06  1.0000
    14     8      4 3      1 3      4 3      4 3   0.47652692E-06  1.0000
    15     8      4 3      4 3      1 3      4 3   0.47652692E-06  1.0000
    16     8      4 3      4 3      4 3      1 3   0.47652692E-06  1.0000
    17     8      1 1      5 1      5 1      5 1   0.47652692E-06  1.0000
    18     8      5 1      1 1      5 1      5 1   0.47652692E-06  1.0000
    19     8      5 1      5 1      1 1      5 1   0.47652692E-06  1.0000
    20     8      5 1      5 1      5 1      1 1   0.47652692E-06  1.0000
    21     8      1 2      5 2      5 2      5 2   0.47652692E-06  1.0000
    22     8      5 2      1 2      5 2      5 2   0.47652692E-06  1.0000
    23     8      5 2      5 2      1 2      5 2   0.47652692E-06  1.0000
    24     8      5 2      5 2      5 2      1 2   0.47652692E-06  1.0000
    25     8      1 1     15 1     15 1     15 1   0.47652692E-06  1.0000
    26     8     15 1      1 1     15 1     15 1   0.47652692E-06  1.0000
    27     8     15 1     15 1      1 1     15 1   0.47652692E-06  1.0000
    28     8     15 1     15 1     15 1      1 1   0.47652692E-06  1.0000
    29     8    116 1      5 1      5 1      5 1   0.47652692E-06  1.0000
    30     8      5 1    116 1      5 1      5 1   0.47652692E-06  1.0000
    31     8      5 1      5 1    116 1      5 1   0.47652692E-06  1.0000
    32     8      5 1      5 1      5 1    116 1   0.47652692E-06  1.0000
    33     8      1 2     15 2     15 2     15 2   0.47652692E-06  1.0000
    34     8     15 2      1 2     15 2     15 2   0.47652692E-06  1.0000
    35     8     15 2     15 2      1 2     15 2   0.47652692E-06  1.0000
    36     8     15 2     15 2     15 2      1 2   0.47652692E-06  1.0000
    37     8    116 2      5 2      5 2      5 2   0.47652692E-06  1.0000
    38     8      5 2    116 2      5 2      5 2   0.47652692E-06  1.0000
    39     8      5 2      5 2    116 2      5 2   0.47652692E-06  1.0000
    40     8      5 2      5 2      5 2    116 2   0.47652692E-06  1.0000
    41     8      1 1     24 1     24 1     24 1   0.47652692E-06  1.0000
    42     8     24 1      1 1     24 1     24 1   0.47652692E-06  1.0000
    43     8     24 1     24 1      1 1     24 1   0.47652692E-06  1.0000
    44     8     24 1     24 1     24 1      1 1   0.47652692E-06  1.0000
    45     8    110 1      4 1      4 1      4 1   0.47652692E-06  1.0000
    46     8      4 1    110 1      4 1      4 1   0.47652692E-06  1.0000
    47     8      4 1      4 1    110 1      4 1   0.47652692E-06  1.0000
    48     8      4 1      4 1      4 1    110 1   0.47652692E-06  1.0000
    49     8      1 3     24 3     24 3     24 3   0.47652692E-06  1.0000
    50     8     24 3      1 3     24 3     24 3   0.47652692E-06  1.0000
    51     8     24 3     24 3      1 3     24 3   0.47652692E-06  1.0000
    52     8     24 3     24 3     24 3      1 3   0.47652692E-06  1.0000
    53     8    110 3      4 3      4 3      4 3   0.47652692E-06  1.0000
    54     8      4 3    110 3      4 3      4 3   0.47652692E-06  1.0000
    55     8      4 3      4 3    110 3      4 3   0.47652692E-06  1.0000
    56     8      4 3      4 3      4 3    110 3   0.47652692E-06  1.0000
    57     8      1 1     29 1     29 1     29 1   0.47652692E-06  1.0000
    58     8     29 1      1 1     29 1     29 1   0.47652692E-06  1.0000
    59     8     29 1     29 1      1 1     29 1   0.47652692E-06  1.0000
    60     8     29 1     29 1     29 1      1 1   0.47652692E-06  1.0000
    61     8    105 1      4 1      4 1      4 1   0.47652692E-06  1.0000
    62     8      4 1    105 1      4 1      4 1   0.47652692E-06  1.0000
    63     8      4 1      4 1    105 1      4 1   0.47652692E-06  1.0000
    64     8      4 1      4 1      4 1    105 1   0.47652692E-06  1.0000
    65     8      1 3     29 3     29 3     29 3   0.47652692E-06  1.0000
    66     8     29 3      1 3     29 3     29 3   0.47652692E-06  1.0000
    67     8     29 3     29 3      1 3     29 3   0.47652692E-06  1.0000
    68     8     29 3     29 3     29 3      1 3   0.47652692E-06  1.0000
    69     8    105 3      4 3      4 3      4 3   0.47652692E-06  1.0000
    70     8      4 3    105 3      4 3      4 3   0.47652692E-06  1.0000
    71     8      4 3      4 3    105 3      4 3   0.47652692E-06  1.0000
    72     8      4 3      4 3      4 3    105 3   0.47652692E-06  1.0000
    73     8      1 1     30 1     30 1     30 1   0.47652692E-06  1.0000
    74     8     30 1      1 1     30 1     30 1   0.47652692E-06  1.0000
    75     8     30 1     30 1      1 1     30 1   0.47652692E-06  1.0000
    76     8     30 1     30 1     30 1      1 1   0.47652692E-06  1.0000
    77     8    105 1      5 1      5 1      5 1   0.47652692E-06  1.0000
    78     8      5 1    105 1      5 1      5 1   0.47652692E-06  1.0000
    79     8      5 1      5 1    105 1      5 1   0.47652692E-06  1.0000
    80     8      5 1      5 1      5 1    105 1   0.47652692E-06  1.0000
    81     8      1 2     30 2     30 2     30 2   0.47652692E-06  1.0000
    82     8     30 2      1 2     30 2     30 2   0.47652692E-06  1.0000
    83     8     30 2     30 2      1 2     30 2   0.47652692E-06  1.0000
    84     8     30 2     30 2     30 2      1 2   0.47652692E-06  1.0000
    85     8    105 2      5 2      5 2      5 2   0.47652692E-06  1.0000
    86     8      5 2    105 2      5 2      5 2   0.47652692E-06  1.0000
    87     8      5 2      5 2    105 2      5 2   0.47652692E-06  1.0000
    88     8      5 2      5 2      5 2    105 2   0.47652692E-06  1.0000
    89     8      1 2     51 2     51 2     51 2   0.47652692E-06  1.0000
    90     8     51 2      1 2     51 2     51 2   0.47652692E-06  1.0000
    91     8     51 2     51 2      1 2     51 2   0.47652692E-06  1.0000
    92     8     51 2     51 2     51 2      1 2   0.47652692E-06  1.0000
    93     8     84 2      3 2      3 2      3 2   0.47652692E-06  1.0000
    94     8      3 2     84 2      3 2      3 2   0.47652692E-06  1.0000
    95     8      3 2      3 2     84 2      3 2   0.47652692E-06  1.0000
    96     8      3 2      3 2      3 2     84 2   0.47652692E-06  1.0000
    97     8      1 3     51 3     51 3     51 3   0.47652692E-06  1.0000
    98     8     51 3      1 3     51 3     51 3   0.47652692E-06  1.0000
    99     8     51 3     51 3      1 3     51 3   0.47652692E-06  1.0000
   100     8     51 3     51 3     51 3      1 3   0.47652692E-06  1.0000
   101     8     84 3      3 3      3 3      3 3   0.47652692E-06  1.0000
   102     8      3 3     84 3      3 3      3 3   0.47652692E-06  1.0000
   103     8      3 3      3 3     84 3      3 3   0.47652692E-06  1.0000
   104     8      3 3      3 3      3 3     84 3   0.47652692E-06  1.0000
   105     8      1 2     56 2     56 2     56 2   0.47652692E-06  1.0000
   106     8     56 2      1 2     56 2     56 2   0.47652692E-06  1.0000
   107     8     56 2     56 2      1 2     56 2   0.47652692E-06  1.0000
   108     8     56 2     56 2     56 2      1 2   0.47652692E-06  1.0000
   109     8     79 2      3 2      3 2      3 2   0.47652692E-06  1.0000
   110     8      3 2     79 2      3 2      3 2   0.47652692E-06  1.0000
   111     8      3 2      3 2     79 2      3 2   0.47652692E-06  1.0000
   112     8      3 2      3 2      3 2     79 2   0.47652692E-06  1.0000
   113     8      1 3     56 3     56 3     56 3   0.47652692E-06  1.0000
   114     8     56 3      1 3     56 3     56 3   0.47652692E-06  1.0000
   115     8     56 3     56 3      1 3     56 3   0.47652692E-06  1.0000
   116     8     56 3     56 3     56 3      1 3   0.47652692E-06  1.0000
   117     8     79 3      3 3      3 3      3 3   0.47652692E-06  1.0000
   118     8      3 3     79 3      3 3      3 3   0.47652692E-06  1.0000
   119     8      3 3      3 3     79 3      3 3   0.47652692E-06  1.0000
   120     8      3 3      3 3      3 3     79 3   0.47652692E-06  1.0000
   121     8      1 1     58 1     58 1     58 1   0.47652692E-06  1.0000
   122     8     58 1      1 1     58 1     58 1   0.47652692E-06  1.0000
   123     8     58 1     58 1      1 1     58 1   0.47652692E-06  1.0000
   124     8     58 1     58 1     58 1      1 1   0.47652692E-06  1.0000
   125     8     79 1      5 1      5 1      5 1   0.47652692E-06  1.0000
   126     8      5 1     79 1      5 1      5 1   0.47652692E-06  1.0000
   127     8      5 1      5 1     79 1      5 1   0.47652692E-06  1.0000
   128     8      5 1      5 1      5 1     79 1   0.47652692E-06  1.0000
   129     8      1 2     58 2     58 2     58 2   0.47652692E-06  1.0000
   130     8     58 2      1 2     58 2     58 2   0.47652692E-06  1.0000
   131     8     58 2     58 2      1 2     58 2   0.47652692E-06  1.0000
   132     8     58 2     58 2     58 2      1 2   0.47652692E-06  1.0000
   133     8     79 2      5 2      5 2      5 2   0.47652692E-06  1.0000
   134     8      5 2     79 2      5 2      5 2   0.47652692E-06  1.0000
   135     8      5 2      5 2     79 2      5 2   0.47652692E-06  1.0000
   136     8      5 2      5 2      5 2     79 2   0.47652692E-06  1.0000
   137     8      1 2     66 2     66 2     66 2   0.47652692E-06  1.0000
   138     8     66 2      1 2     66 2     66 2   0.47652692E-06  1.0000
   139     8     66 2     66 2      1 2     66 2   0.47652692E-06  1.0000
   140     8     66 2     66 2     66 2      1 2   0.47652692E-06  1.0000
   141     8     69 2      3 2      3 2      3 2   0.47652692E-06  1.0000
   142     8      3 2     69 2      3 2      3 2   0.47652692E-06  1.0000
   143     8      3 2      3 2     69 2      3 2   0.47652692E-06  1.0000
   144     8      3 2      3 2      3 2     69 2   0.47652692E-06  1.0000
   145     8      1 3     66 3     66 3     66 3   0.47652692E-06  1.0000
   146     8     66 3      1 3     66 3     66 3   0.47652692E-06  1.0000
   147     8     66 3     66 3      1 3     66 3   0.47652692E-06  1.0000
   148     8     66 3     66 3     66 3      1 3   0.47652692E-06  1.0000
   149     8     69 3      3 3      3 3      3 3   0.47652692E-06  1.0000
   150     8      3 3     69 3      3 3      3 3   0.47652692E-06  1.0000
   151     8      3 3      3 3     69 3      3 3   0.47652692E-06  1.0000
   152     8      3 3      3 3      3 3     69 3   0.47652692E-06  1.0000
   153     8      1 1     67 1     67 1     67 1   0.47652692E-06  1.0000
   154     8     67 1      1 1     67 1     67 1   0.47652692E-06  1.0000
   155     8     67 1     67 1      1 1     67 1   0.47652692E-06  1.0000
   156     8     67 1     67 1     67 1      1 1   0.47652692E-06  1.0000
   157     8     69 1      4 1      4 1      4 1   0.47652692E-06  1.0000
   158     8      4 1     69 1      4 1      4 1   0.47652692E-06  1.0000
   159     8      4 1      4 1     69 1      4 1   0.47652692E-06  1.0000
   160     8      4 1      4 1      4 1     69 1   0.47652692E-06  1.0000
   161     8      1 3     67 3     67 3     67 3   0.47652692E-06  1.0000
   162     8     67 3      1 3     67 3     67 3   0.47652692E-06  1.0000
   163     8     67 3     67 3      1 3     67 3   0.47652692E-06  1.0000
   164     8     67 3     67 3     67 3      1 3   0.47652692E-06  1.0000
   165     8     69 3      4 3      4 3      4 3   0.47652692E-06  1.0000
   166     8      4 3     69 3      4 3      4 3   0.47652692E-06  1.0000
   167     8      4 3      4 3     69 3      4 3   0.47652692E-06  1.0000
   168     8      4 3      4 3      4 3     69 3   0.47652692E-06  1.0000
     1     9      1 2      3 3      3 3      3 3   -.45151197E-07  1.0000
     2     9      3 3      1 2      3 3      3 3   -.45151197E-07  1.0000
     3     9      3 3      3 3      1 2      3 3   -.45151197E-07  1.0000
     4     9      3 3      3 3      3 3      1 2   -.45151197E-07  1.0000
     5     9      1 3      3 2      3 2      3 2   -.45151197E-07  1.0000
     6     9      3 2      1 3      3 2      3 2   -.45151197E-07  1.0000
     7     9      3 2      3 2      1 3      3 2   -.45151197E-07  1.0000
     8     9      3 2      3 2      3 2      1 3   -.45151197E-07  1.0000
     9     9      1 1      4 3      4 3      4 3   -.45151197E-07  1.0000
    10     9      4 3      1 1      4 3      4 3   -.45151197E-07  1.0000
    11     9      4 3      4 3      1 1      4 3   -.45151197E-07  1.0000
    12     9      4 3      4 3      4 3      1 1   -.45151197E-07  1.0000
    13     9      1 3      4 1      4 1      4 1   -.45151197E-07  1.0000
    14     9      4 1      1 3      4 1      4 1   -.45151197E-07  1.0000
    15     9      4 1      4 1      1 3      4 1   -.45151197E-07  1.0000
    16     9      4 1      4 1      4 1      1 3   -.45151197E-07  1.0000
    17     9      1 1      5 2      5 2      5 2   -.45151197E-07  1.0000
    18     9      5 2      1 1      5 2      5 2   -.45151197E-07  1.0000
    19     9      5 2      5 2      1 1      5 2   -.45151197E-07  1.0000
    20     9      5 2      5 2      5 2      1 1   -.45151197E-07  1.0000
    21     9      1 2      5 1      5 1      5 1   -.45151197E-07  1.0000
    22     9      5 1      1 2      5 1      5 1   -.45151197E-07  1.0000
    23     9      5 1      5 1      1 2      5 1   -.45151197E-07  1.0000
    24     9      5 1      5 1      5 1      1 2   -.45151197E-07  1.0000
    25     9      1 1     15 2     15 2     15 2   -.45151197E-07  1.0000
    26     9     15 2      1 1     15 2     15 2   -.45151197E-07  1.0000
    27     9     15 2     15 2      1 1     15 2   -.45151197E-07  1.0000
    28     9     15 2     15 2     15 2      1 1   -.45151197E-07  1.0000
    29     9    116 1      5 2      5 2      5 2   -.45151197E-07  1.0000
    30     9      5 2    116 1      5 2      5 2   -.45151197E-07  1.0000
    31     9      5 2      5 2    116 1      5 2   -.45151197E-07  1.0000
    32     9      5 2      5 2      5 2    116 1   -.45151197E-07  1.0000
    33     9      1 2     15 1     15 1     15 1   -.45151197E-07  1.0000
    34     9     15 1      1 2     15 1     15 1   -.45151197E-07  1.0000
    35     9     15 1     15 1      1 2     15 1   -.45151197E-07  1.0000
    36     9     15 1     15 1     15 1      1 2   -.45151197E-07  1.0000
    37     9    116 2      5 1      5 1      5 1   -.45151197E-07  1.0000
    38     9      5 1    116 2      5 1      5 1   -.45151197E-07  1.0000
    39     9      5 1      5 1    116 2      5 1   -.45151197E-07  1.0000
    40     9      5 1      5 1      5 1    116 2   -.45151197E-07  1.0000
    41     9      1 1     24 3     24 3     24 3   -.45151197E-07  1.0000
    42     9     24 3      1 1     24 3     24 3   -.45151197E-07  1.0000
    43     9     24 3     24 3      1 1     24 3   -.45151197E-07  1.0000
    44     9     24 3     24 3     24 3      1 1   -.45151197E-07  1.0000
    45     9    110 1      4 3      4 3      4 3   -.45151197E-07  1.0000
    46     9      4 3    110 1      4 3      4 3   -.45151197E-07  1.0000
    47     9      4 3      4 3    110 1      4 3   -.45151197E-07  1.0000
    48     9      4 3      4 3      4 3    110 1   -.45151197E-07  1.0000
    49     9      1 3     24 1     24 1     24 1   -.45151197E-07  1.0000
    50     9     24 1      1 3     24 1     24 1   -.45151197E-07  1.0000
    51     9     24 1     24 1      1 3     24 1   -.45151197E-07  1.0000
    52     9     24 1     24 1     24 1      1 3   -.45151197E-07  1.0000
    53     9    110 3      4 1      4 1      4 1   -.45151197E-07  1.0000
    54     9      4 1    110 3      4 1      4 1   -.45151197E-07  1.0000
    55     9      4 1      4 1    110 3      4 1   -.45151197E-07  1.0000
    56     9      4 1      4 1      4 1    110 3   -.45151197E-07  1.0000
    57     9      1 1     29 3     29 3     29 3   0.45151197E-07  1.0000
    58     9     29 3      1 1     29 3     29 3   0.45151197E-07  1.0000
    59     9     29 3     29 3      1 1     29 3   0.45151197E-07  1.0000
    60     9     29 3     29 3     29 3      1 1   0.45151197E-07  1.0000
    61     9    105 1      4 3      4 3      4 3   0.45151197E-07  1.0000
    62     9      4 3    105 1      4 3      4 3   0.45151197E-07  1.0000
    63     9      4 3      4 3    105 1      4 3   0.45151197E-07  1.0000
    64     9      4 3      4 3      4 3    105 1   0.45151197E-07  1.0000
    65     9      1 3     29 1     29 1     29 1   0.45151197E-07  1.0000
    66     9     29 1      1 3     29 1     29 1   0.45151197E-07  1.0000
    67     9     29 1     29 1      1 3     29 1   0.45151197E-07  1.0000
    68     9     29 1     29 1     29 1      1 3   0.45151197E-07  1.0000
    69     9    105 3      4 1      4 1      4 1   0.45151197E-07  1.0000
    70     9      4 1    105 3      4 1      4 1   0.45151197E-07  1.0000
    71     9      4 1      4 1    105 3      4 1   0.45151197E-07  1.0000
    72     9      4 1      4 1      4 1    105 3   0.45151197E-07  1.0000
    73     9      1 1     30 2     30 2     30 2   0.45151197E-07  1.0000
    74     9     30 2      1 1     30 2     30 2   0.45151197E-07  1.0000
    75     9     30 2     30 2      1 1     30 2   0.45151197E-07  1.0000
    76     9     30 2     30 2     30 2      1 1   0.45151197E-07  1.0000
    77     9    105 1      5 2      5 2      5 2   0.45151197E-07  1.0000
    78     9      5 2    105 1      5 2      5 2   0.45151197E-07  1.0000
    79     9      5 2      5 2    105 1      5 2   0.45151197E-07  1.0000
    80     9      5 2      5 2      5 2    105 1   0.45151197E-07  1.0000
    81     9      1 2     30 1     30 1     30 1   0.45151197E-07  1.0000
    82     9     30 1      1 2     30 1     30 1   0.45151197E-07  1.0000
    83     9     30 1     30 1      1 2     30 1   0.45151197E-07  1.0000
    84     9     30 1     30 1     30 1      1 2   0.45151197E-07  1.0000
    85     9    105 2      5 1      5 1      5 1   0.45151197E-07  1.0000
    86     9      5 1    105 2      5 1      5 1   0.45151197E-07  1.0000
    87     9      5 1      5 1    105 2      5 1   0.45151197E-07  1.0000
    88     9      5 1      5 1      5 1    105 2   0.45151197E-07  1.0000
    89     9      1 2     51 3     51 3     51 3   -.45151197E-07  1.0000
    90     9     51 3      1 2     51 3     51 3   -.45151197E-07  1.0000
    91     9     51 3     51 3      1 2     51 3   -.45151197E-07  1.0000
    92     9     51 3     51 3     51 3      1 2   -.45151197E-07  1.0000
    93     9     84 2      3 3      3 3      3 3   -.45151197E-07  1.0000
    94     9      3 3     84 2      3 3      3 3   -.45151197E-07  1.0000
    95     9      3 3      3 3     84 2      3 3   -.45151197E-07  1.0000
    96     9      3 3      3 3      3 3     84 2   -.45151197E-07  1.0000
    97     9      1 3     51 2     51 2     51 2   -.45151197E-07  1.0000
    98     9     51 2      1 3     51 2     51 2   -.45151197E-07  1.0000
    99     9     51 2     51 2      1 3     51 2   -.45151197E-07  1.0000
   100     9     51 2     51 2     51 2      1 3   -.45151197E-07  1.0000
   101     9     84 3      3 2      3 2      3 2   -.45151197E-07  1.0000
   102     9      3 2     84 3      3 2      3 2   -.45151197E-07  1.0000
   103     9      3 2      3 2     84 3      3 2   -.45151197E-07  1.0000
   104     9      3 2      3 2      3 2     84 3   -.45151197E-07  1.0000
   105     9      1 2     56 3     56 3     56 3   0.45151197E-07  1.0000
   106     9     56 3      1 2     56 3     56 3   0.45151197E-07  1.0000
   107     9     56 3     56 3      1 2     56 3   0.45151197E-07  1.0000
   108     9     56 3     56 3     56 3      1 2   0.45151197E-07  1.0000
   109     9     79 2      3 3      3 3      3 3   0.45151197E-07  1.0000
   110     9      3 3     79 2      3 3      3 3   0.45151197E-07  1.0000
   111     9      3 3      3 3     79 2      3 3   0.45151197E-07  1.0000
   112     9      3 3      3 3      3 3     79 2   0.45151197E-07  1.0000
   113     9      1 3     56 2     56 2     56 2   0.45151197E-07  1.0000
   114     9     56 2      1 3     56 2     56 2   0.45151197E-07  1.0000
   115     9     56 2     56 2      1 3     56 2   0.45151197E-07  1.0000
   116     9     56 2     56 2     56 2      1 3   0.45151197E-07  1.0000
   117     9     79 3      3 2      3 2      3 2   0.45151197E-07  1.0000
   118     9      3 2     79 3      3 2      3 2   0.45151197E-07  1.0000
   119     9      3 2      3 2     79 3      3 2   0.45151197E-07  1.0000
   120     9      3 2      3 2      3 2     79 3   0.45151197E-07  1.0000
   121     9      1 1     58 2     58 2     58 2   0.45151197E-07  1.0000
   122     9     58 2      1 1     58 2     58 2   0.45151197E-07  1.0000
   123     9     58 2     58 2      1 1     58 2   0.45151197E-07  1.0000
   124     9     58 2     58 2     58 2      1 1   0.45151197E-07  1.0000
   125     9     79 1      5 2      5 2      5 2   0.45151197E-07  1.0000
   126     9      5 2     79 1      5 2      5 2   0.45151197E-07  1.0000
   127     9      5 2      5 2     79 1      5 2   0.45151197E-07  1.0000
   128     9      5 2      5 2      5 2     79 1   0.45151197E-07  1.0000
   129     9      1 2     58 1     58 1     58 1   0.45151197E-07  1.0000
   130     9     58 1      1 2     58 1     58 1   0.45151197E-07  1.0000
   131     9     58 1     58 1      1 2     58 1   0.45151197E-07  1.0000
   132     9     58 1     58 1     58 1      1 2   0.45151197E-07  1.0000
   133     9     79 2      5 1      5 1      5 1   0.45151197E-07  1.0000
   134     9      5 1     79 2      5 1      5 1   0.45151197E-07  1.0000
   135     9      5 1      5 1     79 2      5 1   0.45151197E-07  1.0000
   136     9      5 1      5 1      5 1     79 2   0.45151197E-07  1.0000
   137     9      1 2     66 3     66 3     66 3   0.45151197E-07  1.0000
   138     9     66 3      1 2     66 3     66 3   0.45151197E-07  1.0000
   139     9     66 3     66 3      1 2     66 3   0.45151197E-07  1.0000
   140     9     66 3     66 3     66 3      1 2   0.45151197E-07  1.0000
   141     9     69 2      3 3      3 3      3 3   0.45151197E-07  1.0000
   142     9      3 3     69 2      3 3      3 3   0.45151197E-07  1.0000
   143     9      3 3      3 3     69 2      3 3   0.45151197E-07  1.0000
   144     9      3 3      3 3      3 3     69 2   0.45151197E-07  1.0000
   145     9      1 3     66 2     66 2     66 2   0.45151197E-07  1.0000
   146     9     66 2      1 3     66 2     66 2   0.45151197E-07  1.0000
   147     9     66 2     66 2      1 3     66 2   0.45151197E-07  1.0000
   148     9     66 2     66 2     66 2      1 3   0.45151197E-07  1.0000
   149     9     69 3      3 2      3 2      3 2   0.45151197E-07  1.0000
   150     9      3 2     69 3      3 2      3 2   0.45151197E-07  1.0000
   151     9      3 2      3 2     69 3      3 2   0.45151197E-07  1.0000
   152     9      3 2      3 2      3 2     69 3   0.45151197E-07  1.0000
   153     9      1 1     67 3     67 3     67 3   0.45151197E-07  1.0000
   154     9     67 3      1 1     67 3     67 3   0.45151197E-07  1.0000
   155     9     67 3     67 3      1 1     67 3   0.45151197E-07  1.0000
   156     9     67 3     67 3     67 3      1 1   0.45151197E-07  1.0000
   157     9     69 1      4 3      4 3      4 3   0.45151197E-07  1.0000
   158     9      4 3     69 1      4 3      4 3   0.45151197E-07  1.0000
   159     9      4 3      4 3     69 1      4 3   0.45151197E-07  1.0000
   160     9      4 3      4 3      4 3     69 1   0.45151197E-07  1.0000
   161     9      1 3     67 1     67 1     67 1   0.45151197E-07  1.0000
   162     9     67 1      1 3     67 1     67 1   0.45151197E-07  1.0000
   163     9     67 1     67 1      1 3     67 1   0.45151197E-07  1.0000
   164     9     67 1     67 1     67 1      1 3   0.45151197E-07  1.0000
   165     9     69 3      4 1      4 1      4 1   0.45151197E-07  1.0000
   166     9      4 1     69 3      4 1      4 1   0.45151197E-07  1.0000
   167     9      4 1      4 1     69 3      4 1   0.45151197E-07  1.0000
   168     9      4 1      4 1      4 1     69 3   0.45151197E-07  1.0000
     1    12      2 1      2 1      2 1      2 1    2.8708654      1.0000
     2    12      2 2      2 2      2 2      2 2    2.8708654      1.0000
     3    12      2 3      2 3      2 3      2 3    2.8708654      1.0000
     1    14      2 1      2 1      2 1      3 1   -1.2873349      1.0000
     2    14      2 1      2 1      3 1      2 1   -1.2873349      1.0000
     3    14      2 1      3 1      2 1      2 1   -1.2873349      1.0000
     4    14      3 1      2 1      2 1      2 1   -1.2873349      1.0000
     5    14      2 2      2 2      2 2      4 2   -1.2873349      1.0000
     6    14      2 2      2 2      4 2      2 2   -1.2873349      1.0000
     7    14      2 2      4 2      2 2      2 2   -1.2873349      1.0000
     8    14      4 2      2 2      2 2      2 2   -1.2873349      1.0000
     9    14      2 3      2 3      2 3      5 3   -1.2873349      1.0000
    10    14      2 3      2 3      5 3      2 3   -1.2873349      1.0000
    11    14      2 3      5 3      2 3      2 3   -1.2873349      1.0000
    12    14      5 3      2 3      2 3      2 3   -1.2873349      1.0000
    13    14      2 3      2 3      2 3     73 3   -1.2873349      1.0000
    14    14      2 3      2 3     73 3      2 3   -1.2873349      1.0000
    15    14      2 3     73 3      2 3      2 3   -1.2873349      1.0000
    16    14     73 3      2 3      2 3      2 3   -1.2873349      1.0000
    17    14     65 3     65 3     65 3      5 3   -1.2873349      1.0000
    18    14     65 3     65 3      5 3     65 3   -1.2873349      1.0000
    19    14     65 3      5 3     65 3     65 3   -1.2873349      1.0000
    20    14      5 3     65 3     65 3     65 3   -1.2873349      1.0000
    21    14      2 2      2 2      2 2     82 2   -1.2873349      1.0000
    22    14      2 2      2 2     82 2      2 2   -1.2873349      1.0000
    23    14      2 2     82 2      2 2      2 2   -1.2873349      1.0000
    24    14     82 2      2 2      2 2      2 2   -1.2873349      1.0000
    25    14     55 2     55 2     55 2      4 2   -1.2873349      1.0000
    26    14     55 2     55 2      4 2     55 2   -1.2873349      1.0000
    27    14     55 2      4 2     55 2     55 2   -1.2873349      1.0000
    28    14      4 2     55 2     55 2     55 2   -1.2873349      1.0000
    29    14      2 1      2 1      2 1    107 1   -1.2873349      1.0000
    30    14      2 1      2 1    107 1      2 1   -1.2873349      1.0000
    31    14      2 1    107 1      2 1      2 1   -1.2873349      1.0000
    32    14    107 1      2 1      2 1      2 1   -1.2873349      1.0000
    33    14     27 1     27 1     27 1      3 1   -1.2873349      1.0000
    34    14     27 1     27 1      3 1     27 1   -1.2873349      1.0000
    35    14     27 1      3 1     27 1     27 1   -1.2873349      1.0000
    36    14      3 1     27 1     27 1     27 1   -1.2873349      1.0000
     1    17      2 2      2 2      2 2      3 2   -.74048886E-01  1.0000
     2    17      2 2      2 2      3 2      2 2   -.74048886E-01  1.0000
     3    17      2 2      3 2      2 2      2 2   -.74048886E-01  1.0000
     4    17      3 2      2 2      2 2      2 2   -.74048886E-01  1.0000
     5    17      2 3      2 3      2 3      3 3   -.74048886E-01  1.0000
     6    17      2 3      2 3      3 3      2 3   -.74048886E-01  1.0000
     7    17      2 3      3 3      2 3      2 3   -.74048886E-01  1.0000
     8    17      3 3      2 3      2 3      2 3   -.74048886E-01  1.0000
     9    17      2 1      2 1      2 1      4 1   -.74048886E-01  1.0000
    10    17      2 1      2 1      4 1      2 1   -.74048886E-01  1.0000
    11    17      2 1      4 1      2 1      2 1   -.74048886E-01  1.0000
    12    17      4 1      2 1      2 1      2 1   -.74048886E-01  1.0000
    13    17      2 3      2 3      2 3      4 3   -.74048886E-01  1.0000
    14    17      2 3      2 3      4 3      2 3   -.74048886E-01  1.0000
    15    17      2 3      4 3      2 3      2 3   -.74048886E-01  1.0000
    16    17      4 3      2 3      2 3      2 3   -.74048886E-01  1.0000
    17    17      2 1      2 1      2 1      5 1   -.74048886E-01  1.0000
    18    17      2 1      2 1      5 1      2 1   -.74048886E-01  1.0000
    19    17      2 1      5 1      2 1      2 1   -.74048886E-01  1.0000
    20    17      5 1      2 1      2 1      2 1   -.74048886E-01  1.0000
    21    17      2 2      2 2      2 2      5 2   -.74048886E-01  1.0000
    22    17      2 2      2 2      5 2      2 2   -.74048886E-01  1.0000
    23    17      2 2      5 2      2 2      2 2   -.74048886E-01  1.0000
    24    17      5 2      2 2      2 2      2 2   -.74048886E-01  1.0000
    25    17      2 1      2 1      2 1     73 1   -.74048886E-01  1.0000
    26    17      2 1      2 1     73 1      2 1   -.74048886E-01  1.0000
    27    17      2 1     73 1      2 1      2 1   -.74048886E-01  1.0000
    28    17     73 1      2 1      2 1      2 1   -.74048886E-01  1.0000
    29    17     65 1     65 1     65 1      5 1   -.74048886E-01  1.0000
    30    17     65 1     65 1      5 1     65 1   -.74048886E-01  1.0000
    31    17     65 1      5 1     65 1     65 1   -.74048886E-01  1.0000
    32    17      5 1     65 1     65 1     65 1   -.74048886E-01  1.0000
    33    17      2 2      2 2      2 2     73 2   -.74048886E-01  1.0000
    34    17      2 2      2 2     73 2      2 2   -.74048886E-01  1.0000
    35    17      2 2     73 2      2 2      2 2   -.74048886E-01  1.0000
    36    17     73 2      2 2      2 2      2 2   -.74048886E-01  1.0000
    37    17     65 2     65 2     65 2      5 2   -.74048886E-01  1.0000
    38    17     65 2     65 2      5 2     65 2   -.74048886E-01  1.0000
    39    17     65 2      5 2     65 2     65 2   -.74048886E-01  1.0000
    40    17      5 2     65 2     65 2     65 2   -.74048886E-01  1.0000
    41    17      2 1      2 1      2 1     82 1   -.74048886E-01  1.0000
    42    17      2 1      2 1     82 1      2 1   -.74048886E-01  1.0000
    43    17      2 1     82 1      2 1      2 1   -.74048886E-01  1.0000
    44    17     82 1      2 1      2 1      2 1   -.74048886E-01  1.0000
    45    17     55 1     55 1     55 1      4 1   -.74048886E-01  1.0000
    46    17     55 1     55 1      4 1     55 1   -.74048886E-01  1.0000
    47    17     55 1      4 1     55 1     55 1   -.74048886E-01  1.0000
    48    17      4 1     55 1     55 1     55 1   -.74048886E-01  1.0000
    49    17      2 3      2 3      2 3     82 3   -.74048886E-01  1.0000
    50    17      2 3      2 3     82 3      2 3   -.74048886E-01  1.0000
    51    17      2 3     82 3      2 3      2 3   -.74048886E-01  1.0000
    52    17     82 3      2 3      2 3      2 3   -.74048886E-01  1.0000
    53    17     55 3     55 3     55 3      4 3   -.74048886E-01  1.0000
    54    17     55 3     55 3      4 3     55 3   -.74048886E-01  1.0000
    55    17     55 3      4 3     55 3     55 3   -.74048886E-01  1.0000
    56    17      4 3     55 3     55 3     55 3   -.74048886E-01  1.0000
    57    17      2 2      2 2      2 2    107 2   -.74048886E-01  1.0000
    58    17      2 2      2 2    107 2      2 2   -.74048886E-01  1.0000
    59    17      2 2    107 2      2 2      2 2   -.74048886E-01  1.0000
    60    17    107 2      2 2      2 2      2 2   -.74048886E-01  1.0000
    61    17     27 2     27 2     27 2      3 2   -.74048886E-01  1.0000
    62    17     27 2     27 2      3 2     27 2   -.74048886E-01  1.0000
    63    17     27 2      3 2     27 2     27 2   -.74048886E-01  1.0000
    64    17      3 2     27 2     27 2     27 2   -.74048886E-01  1.0000
    65    17      2 3      2 3      2 3    107 3   -.74048886E-01  1.0000
    66    17      2 3      2 3    107 3      2 3   -.74048886E-01  1.0000
    67    17      2 3    107 3      2 3      2 3   -.74048886E-01  1.0000
    68    17    107 3      2 3      2 3      2 3   -.74048886E-01  1.0000
    69    17     27 3     27 3     27 3      3 3   -.74048886E-01  1.0000
    70    17     27 3     27 3      3 3     27 3   -.74048886E-01  1.0000
    71    17     27 3      3 3     27 3     27 3   -.74048886E-01  1.0000
    72    17      3 3     27 3     27 3     27 3   -.74048886E-01  1.0000
     1    19      2 1      2 1      3 1      3 1    1.2873336      1.0000
     2    19      2 1      3 1      2 1      3 1    1.2873336      1.0000
     3    19      2 1      3 1      3 1      2 1    1.2873336      1.0000
     4    19      3 1      2 1      2 1      3 1    1.2873336      1.0000
     5    19      3 1      2 1      3 1      2 1    1.2873336      1.0000
     6    19      3 1      3 1      2 1      2 1    1.2873336      1.0000
     7    19      2 2      2 2      4 2      4 2    1.2873336      1.0000
     8    19      2 2      4 2      2 2      4 2    1.2873336      1.0000
     9    19      2 2      4 2      4 2      2 2    1.2873336      1.0000
    10    19      4 2      2 2      2 2      4 2    1.2873336      1.0000
    11    19      4 2      2 2      4 2      2 2    1.2873336      1.0000
    12    19      4 2      4 2      2 2      2 2    1.2873336      1.0000
    13    19      2 3      2 3      5 3      5 3    1.2873336      1.0000
    14    19      2 3      5 3      2 3      5 3    1.2873336      1.0000
    15    19      2 3      5 3      5 3      2 3    1.2873336      1.0000
    16    19      5 3      2 3      2 3      5 3    1.2873336      1.0000
    17    19      5 3      2 3      5 3      2 3    1.2873336      1.0000
    18    19      5 3      5 3      2 3      2 3    1.2873336      1.0000
    19    19      2 3      2 3     73 3     73 3    1.2873336      1.0000
    20    19      2 3     73 3      2 3     73 3    1.2873336      1.0000
    21    19      2 3     73 3     73 3      2 3    1.2873336      1.0000
    22    19     73 3      2 3      2 3     73 3    1.2873336      1.0000
    23    19     73 3      2 3     73 3      2 3    1.2873336      1.0000
    24    19     73 3     73 3      2 3      2 3    1.2873336      1.0000
    25    19     65 3     65 3      5 3      5 3    1.2873336      1.0000
    26    19     65 3      5 3     65 3      5 3    1.2873336      1.0000
    27    19     65 3      5 3      5 3     65 3    1.2873336      1.0000
    28    19      5 3     65 3     65 3      5 3    1.2873336      1.0000
    29    19      5 3     65 3      5 3     65 3    1.2873336      1.0000
    30    19      5 3      5 3     65 3     65 3    1.2873336      1.0000
    31    19      2 2      2 2     82 2     82 2    1.2873336      1.0000
    32    19      2 2     82 2      2 2     82 2    1.2873336      1.0000
    33    19      2 2     82 2     82 2      2 2    1.2873336      1.0000
    34    19     82 2      2 2      2 2     82 2    1.2873336      1.0000
    35    19     82 2      2 2     82 2      2 2    1.2873336      1.0000
    36    19     82 2     82 2      2 2      2 2    1.2873336      1.0000
    37    19     55 2     55 2      4 2      4 2    1.2873336      1.0000
    38    19     55 2      4 2     55 2      4 2    1.2873336      1.0000
    39    19     55 2      4 2      4 2     55 2    1.2873336      1.0000
    40    19      4 2     55 2     55 2      4 2    1.2873336      1.0000
    41    19      4 2     55 2      4 2     55 2    1.2873336      1.0000
    42    19      4 2      4 2     55 2     55 2    1.2873336      1.0000
    43    19      2 1      2 1    107 1    107 1    1.2873336      1.0000
    44    19      2 1    107 1      2 1    107 1    1.2873336      1.0000
    45    19      2 1    107 1    107 1      2 1    1.2873336      1.0000
    46    19    107 1      2 1      2 1    107 1    1.2873336      1.0000
    47    19    107 1      2 1    107 1      2 1    1.2873336      1.0000
    48    19    107 1    107 1      2 1      2 1    1.2873336      1.0000
    49    19     27 1     27 1      3 1      3 1    1.2873336      1.0000
    50    19     27 1      3 1     27 1      3 1    1.2873336      1.0000
    51    19     27 1      3 1      3 1     27 1    1.2873336      1.0000
    52    19      3 1     27 1     27 1      3 1    1.2873336      1.0000
    53    19      3 1     27 1      3 1     27 1    1.2873336      1.0000
    54    19      3 1      3 1     27 1     27 1    1.2873336      1.0000
     1    23      2 2      2 2      3 2      3 2   0.74047626E-01  1.0000
     2    23      2 2      3 2      2 2      3 2   0.74047626E-01  1.0000
     3    23      2 2      3 2      3 2      2 2   0.74047626E-01  1.0000
     4    23      3 2      2 2      2 2      3 2   0.74047626E-01  1.0000
     5    23      3 2      2 2      3 2      2 2   0.74047626E-01  1.0000
     6    23      3 2      3 2      2 2      2 2   0.74047626E-01  1.0000
     7    23      2 3      2 3      3 3      3 3   0.74047626E-01  1.0000
     8    23      2 3      3 3      2 3      3 3   0.74047626E-01  1.0000
     9    23      2 3      3 3      3 3      2 3   0.74047626E-01  1.0000
    10    23      3 3      2 3      2 3      3 3   0.74047626E-01  1.0000
    11    23      3 3      2 3      3 3      2 3   0.74047626E-01  1.0000
    12    23      3 3      3 3      2 3      2 3   0.74047626E-01  1.0000
    13    23      2 1      2 1      4 1      4 1   0.74047626E-01  1.0000
    14    23      2 1      4 1      2 1      4 1   0.74047626E-01  1.0000
    15    23      2 1      4 1      4 1      2 1   0.74047626E-01  1.0000
    16    23      4 1      2 1      2 1      4 1   0.74047626E-01  1.0000
    17    23      4 1      2 1      4 1      2 1   0.74047626E-01  1.0000
    18    23      4 1      4 1      2 1      2 1   0.74047626E-01  1.0000
    19    23      2 3      2 3      4 3      4 3   0.74047626E-01  1.0000
    20    23      2 3      4 3      2 3      4 3   0.74047626E-01  1.0000
    21    23      2 3      4 3      4 3      2 3   0.74047626E-01  1.0000
    22    23      4 3      2 3      2 3      4 3   0.74047626E-01  1.0000
    23    23      4 3      2 3      4 3      2 3   0.74047626E-01  1.0000
    24    23      4 3      4 3      2 3      2 3   0.74047626E-01  1.0000
    25    23      2 1      2 1      5 1      5 1   0.74047626E-01  1.0000
    26    23      2 1      5 1      2 1      5 1   0.74047626E-01  1.0000
    27    23      2 1      5 1      5 1      2 1   0.74047626E-01  1.0000
    28    23      5 1      2 1      2 1      5 1   0.74047626E-01  1.0000
    29    23      5 1      2 1      5 1      2 1   0.74047626E-01  1.0000
    30    23      5 1      5 1      2 1      2 1   0.74047626E-01  1.0000
    31    23      2 2      2 2      5 2      5 2   0.74047626E-01  1.0000
    32    23      2 2      5 2      2 2      5 2   0.74047626E-01  1.0000
    33    23      2 2      5 2      5 2      2 2   0.74047626E-01  1.0000
    34    23      5 2      2 2      2 2      5 2   0.74047626E-01  1.0000
    35    23      5 2      2 2      5 2      2 2   0.74047626E-01  1.0000
    36    23      5 2      5 2      2 2      2 2   0.74047626E-01  1.0000
    37    23      2 1      2 1     73 1     73 1   0.74047626E-01  1.0000
    38    23      2 1     73 1      2 1     73 1   0.74047626E-01  1.0000
    39    23      2 1     73 1     73 1      2 1   0.74047626E-01  1.0000
    40    23     73 1      2 1      2 1     73 1   0.74047626E-01  1.0000
    41    23     73 1      2 1     73 1      2 1   0.74047626E-01  1.0000
    42    23     73 1     73 1      2 1      2 1   0.74047626E-01  1.0000
    43    23     65 1     65 1      5 1      5 1   0.74047626E-01  1.0000
    44    23     65 1      5 1     65 1      5 1   0.74047626E-01  1.0000
    45    23     65 1      5 1      5 1     65 1   0.74047626E-01  1.0000
    46    23      5 1     65 1     65 1      5 1   0.74047626E-01  1.0000
    47    23      5 1     65 1      5 1     65 1   0.74047626E-01  1.0000
    48    23      5 1      5 1     65 1     65 1   0.74047626E-01  1.0000
    49    23      2 2      2 2     73 2     73 2   0.74047626E-01  1.0000
    50    23      2 2     73 2      2 2     73 2   0.74047626E-01  1.0000
    51    23      2 2     73 2     73 2      2 2   0.74047626E-01  1.0000
    52    23     73 2      2 2      2 2     73 2   0.74047626E-01  1.0000
    53    23     73 2      2 2     73 2      2 2   0.74047626E-01  1.0000
    54    23     73 2     73 2      2 2      2 2   0.74047626E-01  1.0000
    55    23     65 2     65 2      5 2      5 2   0.74047626E-01  1.0000
    56    23     65 2      5 2     65 2      5 2   0.74047626E-01  1.0000
    57    23     65 2      5 2      5 2     65 2   0.74047626E-01  1.0000
    58    23      5 2     65 2     65 2      5 2   0.74047626E-01  1.0000
    59    23      5 2     65 2      5 2     65 2   0.74047626E-01  1.0000
    60    23      5 2      5 2     65 2     65 2   0.74047626E-01  1.0000
    61    23      2 1      2 1     82 1     82 1   0.74047626E-01  1.0000
    62    23      2 1     82 1      2 1     82 1   0.74047626E-01  1.0000
    63    23      2 1     82 1     82 1      2 1   0.74047626E-01  1.0000
    64    23     82 1      2 1      2 1     82 1   0.74047626E-01  1.0000
    65    23     82 1      2 1     82 1      2 1   0.74047626E-01  1.0000
    66    23     82 1     82 1      2 1      2 1   0.74047626E-01  1.0000
    67    23     55 1     55 1      4 1      4 1   0.74047626E-01  1.0000
    68    23     55 1      4 1     55 1      4 1   0.74047626E-01  1.0000
    69    23     55 1      4 1      4 1     55 1   0.74047626E-01  1.0000
    70    23      4 1     55 1     55 1      4 1   0.74047626E-01  1.0000
    71    23      4 1     55 1      4 1     55 1   0.74047626E-01  1.0000
    72    23      4 1      4 1     55 1     55 1   0.74047626E-01  1.0000
    73    23      2 3      2 3     82 3     82 3   0.74047626E-01  1.0000
    74    23      2 3     82 3      2 3     82 3   0.74047626E-01  1.0000
    75    23      2 3     82 3     82 3      2 3   0.74047626E-01  1.0000
    76    23     82 3      2 3      2 3     82 3   0.74047626E-01  1.0000
    77    23     82 3      2 3     82 3      2 3   0.74047626E-01  1.0000
    78    23     82 3     82 3      2 3      2 3   0.74047626E-01  1.0000
    79    23     55 3     55 3      4 3      4 3   0.74047626E-01  1.0000
    80    23     55 3      4 3     55 3      4 3   0.74047626E-01  1.0000
    81    23     55 3      4 3      4 3     55 3   0.74047626E-01  1.0000
    82    23      4 3     55 3     55 3      4 3   0.74047626E-01  1.0000
    83    23      4 3     55 3      4 3     55 3   0.74047626E-01  1.0000
    84    23      4 3      4 3     55 3     55 3   0.74047626E-01  1.0000
    85    23      2 2      2 2    107 2    107 2   0.74047626E-01  1.0000
    86    23      2 2    107 2      2 2    107 2   0.74047626E-01  1.0000
    87    23      2 2    107 2    107 2      2 2   0.74047626E-01  1.0000
    88    23    107 2      2 2      2 2    107 2   0.74047626E-01  1.0000
    89    23    107 2      2 2    107 2      2 2   0.74047626E-01  1.0000
    90    23    107 2    107 2      2 2      2 2   0.74047626E-01  1.0000
    91    23     27 2     27 2      3 2      3 2   0.74047626E-01  1.0000
    92    23     27 2      3 2     27 2      3 2   0.74047626E-01  1.0000
    93    23     27 2      3 2      3 2     27 2   0.74047626E-01  1.0000
    94    23      3 2     27 2     27 2      3 2   0.74047626E-01  1.0000
    95    23      3 2     27 2      3 2     27 2   0.74047626E-01  1.0000
    96    23      3 2      3 2     27 2     27 2   0.74047626E-01  1.0000
    97    23      2 3      2 3    107 3    107 3   0.74047626E-01  1.0000
    98    23      2 3    107 3      2 3    107 3   0.74047626E-01  1.0000
    99    23      2 3    107 3    107 3      2 3   0.74047626E-01  1.0000
   100    23    107 3      2 3      2 3    107 3   0.74047626E-01  1.0000
   101    23    107 3      2 3    107 3      2 3   0.74047626E-01  1.0000
   102    23    107 3    107 3      2 3      2 3   0.74047626E-01  1.0000
   103    23     27 3     27 3      3 3      3 3   0.74047626E-01  1.0000
   104    23     27 3      3 3     27 3      3 3   0.74047626E-01  1.0000
   105    23     27 3      3 3      3 3     27 3   0.74047626E-01  1.0000
   106    23      3 3     27 3     27 3      3 3   0.74047626E-01  1.0000
   107    23      3 3     27 3      3 3     27 3   0.74047626E-01  1.0000
   108    23      3 3      3 3     27 3     27 3   0.74047626E-01  1.0000
     1    26      2 1      3 1      3 1      3 1   -1.2873323      1.0000
     2    26      3 1      2 1      3 1      3 1   -1.2873323      1.0000
     3    26      3 1      3 1      2 1      3 1   -1.2873323      1.0000
     4    26      3 1      3 1      3 1      2 1   -1.2873323      1.0000
     5    26      2 2      4 2      4 2      4 2   -1.2873323      1.0000
     6    26      4 2      2 2      4 2      4 2   -1.2873323      1.0000
     7    26      4 2      4 2      2 2      4 2   -1.2873323      1.0000
     8    26      4 2      4 2      4 2      2 2   -1.2873323      1.0000
     9    26      2 3      5 3      5 3      5 3   -1.2873323      1.0000
    10    26      5 3      2 3      5 3      5 3   -1.2873323      1.0000
    11    26      5 3      5 3      2 3      5 3   -1.2873323      1.0000
    12    26      5 3      5 3      5 3      2 3   -1.2873323      1.0000
    13    26      2 3     73 3     73 3     73 3   -1.2873323      1.0000
    14    26     73 3      2 3     73 3     73 3   -1.2873323      1.0000
    15    26     73 3     73 3      2 3     73 3   -1.2873323      1.0000
    16    26     73 3     73 3     73 3      2 3   -1.2873323      1.0000
    17    26     65 3      5 3      5 3      5 3   -1.2873323      1.0000
    18    26      5 3     65 3      5 3      5 3   -1.2873323      1.0000
    19    26      5 3      5 3     65 3      5 3   -1.2873323      1.0000
    20    26      5 3      5 3      5 3     65 3   -1.2873323      1.0000
    21    26      2 2     82 2     82 2     82 2   -1.2873323      1.0000
    22    26     82 2      2 2     82 2     82 2   -1.2873323      1.0000
    23    26     82 2     82 2      2 2     82 2   -1.2873323      1.0000
    24    26     82 2     82 2     82 2      2 2   -1.2873323      1.0000
    25    26     55 2      4 2      4 2      4 2   -1.2873323      1.0000
    26    26      4 2     55 2      4 2      4 2   -1.2873323      1.0000
    27    26      4 2      4 2     55 2      4 2   -1.2873323      1.0000
    28    26      4 2      4 2      4 2     55 2   -1.2873323      1.0000
    29    26      2 1    107 1    107 1    107 1   -1.2873323      1.0000
    30    26    107 1      2 1    107 1    107 1   -1.2873323      1.0000
    31    26    107 1    107 1      2 1    107 1   -1.2873323      1.0000
    32    26    107 1    107 1    107 1      2 1   -1.2873323      1.0000
    33    26     27 1      3 1      3 1      3 1   -1.2873323      1.0000
    34    26      3 1     27 1      3 1      3 1   -1.2873323      1.0000
    35    26      3 1      3 1     27 1      3 1   -1.2873323      1.0000
    36    26      3 1      3 1      3 1     27 1   -1.2873323      1.0000
     1    29      2 2      3 2      3 2      3 2   -.74046366E-01  1.0000
     2    29      3 2      2 2      3 2      3 2   -.74046366E-01  1.0000
     3    29      3 2      3 2      2 2      3 2   -.74046366E-01  1.0000
     4    29      3 2      3 2      3 2      2 2   -.74046366E-01  1.0000
     5    29      2 3      3 3      3 3      3 3   -.74046366E-01  1.0000
     6    29      3 3      2 3      3 3      3 3   -.74046366E-01  1.0000
     7    29      3 3      3 3      2 3      3 3   -.74046366E-01  1.0000
     8    29      3 3      3 3      3 3      2 3   -.74046366E-01  1.0000
     9    29      2 1      4 1      4 1      4 1   -.74046366E-01  1.0000
    10    29      4 1      2 1      4 1      4 1   -.74046366E-01  1.0000
    11    29      4 1      4 1      2 1      4 1   -.74046366E-01  1.0000
    12    29      4 1      4 1      4 1      2 1   -.74046366E-01  1.0000
    13    29      2 3      4 3      4 3      4 3   -.74046366E-01  1.0000
    14    29      4 3      2 3      4 3      4 3   -.74046366E-01  1.0000
    15    29      4 3      4 3      2 3      4 3   -.74046366E-01  1.0000
    16    29      4 3      4 3      4 3      2 3   -.74046366E-01  1.0000
    17    29      2 1      5 1      5 1      5 1   -.74046366E-01  1.0000
    18    29      5 1      2 1      5 1      5 1   -.74046366E-01  1.0000
    19    29      5 1      5 1      2 1      5 1   -.74046366E-01  1.0000
    20    29      5 1      5 1      5 1      2 1   -.74046366E-01  1.0000
    21    29      2 2      5 2      5 2      5 2   -.74046366E-01  1.0000
    22    29      5 2      2 2      5 2      5 2   -.74046366E-01  1.0000
    23    29      5 2      5 2      2 2      5 2   -.74046366E-01  1.0000
    24    29      5 2      5 2      5 2      2 2   -.74046366E-01  1.0000
    25    29      2 1     73 1     73 1     73 1   -.74046366E-01  1.0000
    26    29     73 1      2 1     73 1     73 1   -.74046366E-01  1.0000
    27    29     73 1     73 1      2 1     73 1   -.74046366E-01  1.0000
    28    29     73 1     73 1     73 1      2 1   -.74046366E-01  1.0000
    29    29     65 1      5 1      5 1      5 1   -.74046366E-01  1.0000
    30    29      5 1     65 1      5 1      5 1   -.74046366E-01  1.0000
    31    29      5 1      5 1     65 1      5 1   -.74046366E-01  1.0000
    32    29      5 1      5 1      5 1     65 1   -.74046366E-01  1.0000
    33    29      2 2     73 2     73 2     73 2   -.74046366E-01  1.0000
    34    29     73 2      2 2     73 2     73 2   -.74046366E-01  1.0000
    35    29     73 2     73 2      2 2     73 2   -.74046366E-01  1.0000
    36    29     73 2     73 2     73 2      2 2   -.74046366E-01  1.0000
    37    29     65 2      5 2      5 2      5 2   -.74046366E-01  1.0000
    38    29      5 2     65 2      5 2      5 2   -.74046366E-01  1.0000
    39    29      5 2      5 2     65 2      5 2   -.74046366E-01  1.0000
    40    29      5 2      5 2      5 2     65 2   -.74046366E-01  1.0000
    41    29      2 1     82 1     82 1     82 1   -.74046366E-01  1.0000
    42    29     82 1      2 1     82 1     82 1   -.74046366E-01  1.0000
    43    29     82 1     82 1      2 1     82 1   -.74046366E-01  1.0000
    44    29     82 1     82 1     82 1      2 1   -.74046366E-01  1.0000
    45    29     55 1      4 1      4 1      4 1   -.74046366E-01  1.0000
    46    29      4 1     55 1      4 1      4 1   -.74046366E-01  1.0000
    47    29      4 1      4 1     55 1      4 1   -.74046366E-01  1.0000
    48    29      4 1      4 1      4 1     55 1   -.74046366E-01  1.0000
    49    29      2 3     82 3     82 3     82 3   -.74046366E-01  1.0000
    50    29     82 3      2 3     82 3     82 3   -.74046366E-01  1.0000
    51    29     82 3     82 3      2 3     82 3   -.74046366E-01  1.0000
    52    29     82 3     82 3     82 3      2 3   -.74046366E-01  1.0000
    53    29     55 3      4 3      4 3      4 3   -.74046366E-01  1.0000
    54    29      4 3     55 3      4 3      4 3   -.74046366E-01  1.0000
    55    29      4 3      4 3     55 3      4 3   -.74046366E-01  1.0000
    56    29      4 3      4 3      4 3     55 3   -.74046366E-01  1.0000
    57    29      2 2    107 2    107 2    107 2   -.74046366E-01  1.0000
    58    29    107 2      2 2    107 2    107 2   -.74046366E-01  1.0000
    59    29    107 2    107 2      2 2    107 2   -.74046366E-01  1.0000
    60    29    107 2    107 2    107 2      2 2   -.74046366E-01  1.0000
    61    29     27 2      3 2      3 2      3 2   -.74046366E-01  1.0000
    62    29      3 2     27 2      3 2      3 2   -.74046366E-01  1.0000
    63    29      3 2      3 2     27 2      3 2   -.74046366E-01  1.0000
    64    29      3 2      3 2      3 2     27 2   -.74046366E-01  1.0000
    65    29      2 3    107 3    107 3    107 3   -.74046366E-01  1.0000
    66    29    107 3      2 3    107 3    107 3   -.74046366E-01  1.0000
    67    29    107 3    107 3      2 3    107 3   -.74046366E-01  1.0000
    68    29    107 3    107 3    107 3      2 3   -.74046366E-01  1.0000
    69    29     27 3      3 3      3 3      3 3   -.74046366E-01  1.0000
    70    29      3 3     27 3      3 3      3 3   -.74046366E-01  1.0000
    71    29      3 3      3 3     27 3      3 3   -.74046366E-01  1.0000
    72    29      3 3      3 3      3 3     27 3   -.74046366E-01  1.0000
     1    31      3 1      3 1      3 1      3 1    2.5746637      1.0000
     2    31      4 2      4 2      4 2      4 2    2.5746637      1.0000
     3    31      5 3      5 3      5 3      5 3    2.5746637      1.0000
     1    33      3 2      3 2      3 2      3 2   0.14809073      1.0000
     2    33      3 3      3 3      3 3      3 3   0.14809073      1.0000
     3    33      4 1      4 1      4 1      4 1   0.14809073      1.0000
     4    33      4 3      4 3      4 3      4 3   0.14809073      1.0000
     5    33      5 1      5 1      5 1      5 1   0.14809073      1.0000
     6    33      5 2      5 2      5 2      5 2   0.14809073      1.0000
