    1     0.000    0.000    0.000    0.285  19.566      19.566      22.077      22.155      37.727      37.728      73.021      73.021      74.430      74.899      88.160      91.150      157.42      157.42      163.64      163.64      167.84      167.91      186.27      187.81      190.23      190.63      208.29      213.76    
    2     0.015    0.000    0.000    0.270  18.729      20.370      21.116      23.093      35.947      39.469      72.923      73.120      74.120      75.234      88.129      91.490      157.27      157.57      163.26      164.01      167.70      168.06      186.25      187.96      190.11      190.80      208.28      214.48    
    3     0.030    0.000    0.000    0.255  17.860      20.087      21.140      24.033      34.135      41.167      72.825      73.217      73.655      75.696      88.058      91.848      157.13      157.72      162.88      164.38      167.54      168.25      186.19      188.14      189.91      191.04      208.27      215.23    
    4     0.045    0.000    0.000    0.240  16.962      19.031      21.874      24.931      32.299      42.817      72.729      73.168      73.314      76.149      87.978      92.196      157.00      157.87      162.49      164.74      167.39      168.44      186.13      188.33      189.71      191.29      208.29      215.99    
    5     0.060    0.000    0.000    0.225  16.035      17.951      22.571      25.772      30.457      44.412      72.634      72.673      73.408      76.579      87.906      92.515      156.87      158.03      162.11      165.08      167.26      168.63      186.08      188.49      189.54      191.51      208.36      216.73    
    6     0.075    0.000    0.000    0.210  15.081      16.847      23.230      26.475      28.690      45.948      72.174      72.542      73.500      76.983      87.856      92.795      156.76      158.18      161.73      165.42      167.14      168.82      186.05      188.59      189.44      191.71      208.49      217.43    
    7     0.090    0.000    0.000    0.195  14.101      15.722      23.849      26.168      27.870      47.419      71.675      72.454      73.588      77.358      87.836      93.026      156.66      158.33      161.35      165.74      167.03      169.01      186.04      188.59      189.45      191.89      208.69      218.06    
    8     0.105    0.000    0.000    0.180  13.098      14.578      24.427      24.456      28.394      48.819      71.179      72.369      73.673      77.704      87.851      93.204      156.57      158.47      160.99      166.04      166.94      169.19      186.06      188.49      189.55      192.05      208.97      218.62    
    9     0.120    0.000    0.000    0.165  12.072      13.417      22.554      24.964      29.048      50.143      70.689      72.289      73.753      78.021      87.904      93.326      156.49      158.61      160.63      166.32      166.86      169.37      186.10      188.35      189.71      192.18      209.32      219.09    
   10     0.135    0.000    0.000    0.150  11.025      12.240      20.614      25.457      29.681      51.384      70.211      72.214      73.828      78.309      87.997      93.391      156.43      158.74      160.28      166.59      166.80      169.54      186.16      188.20      189.88      192.28      209.74      219.46    
   11     0.150    0.000    0.000    0.135  9.9592      11.049      18.661      25.906      30.269      52.535      69.750      72.144      73.898      78.567      88.128      93.400      156.38      158.86      159.95      166.74      166.83      169.69      186.24      188.06      190.06      192.36      210.24      219.73    
   12     0.165    0.000    0.000    0.120  8.8746      9.8459      16.703      26.311      30.805      53.591      69.312      72.081      73.962      78.795      88.297      93.355      156.35      158.97      159.64      166.70      167.05      169.84      186.32      187.92      190.23      192.42      210.80      219.89    
   13     0.180    0.000    0.000    0.105  7.7726      8.6315      14.751      26.670      31.286      54.544      68.904      72.023      74.019      78.993      88.501      93.260      156.33      159.07      159.35      166.66      167.25      169.97      186.41      187.79      190.41      192.45      211.42      219.94    
   14     0.195    0.000    0.000    0.090  6.6532      7.4071      12.811      26.983      31.707      55.387      68.533      71.973      74.070      79.162      88.733      93.121      156.33      159.07      159.16      166.63      167.42      170.08      186.50      187.68      190.57      192.47      212.09      219.89    
   15     0.210    0.000    0.000    0.075  5.5156      6.1736      10.897      27.248      32.066      56.115      68.205      71.929      74.113      79.300      88.988      92.945      156.34      158.83      159.24      166.61      167.57      170.18      186.59      187.58      190.73      192.47      212.78      219.73    
   16     0.225    0.000    0.000    0.060  4.3556      4.9309      9.0294      27.466      32.363      56.720      67.928      71.894      74.149      79.411      89.254      92.743      156.35      158.62      159.30      166.59      167.70      170.26      186.66      187.49      190.88      192.45      213.48      219.48    
   17     0.240    0.000    0.000    0.045  3.1604      3.6777      7.2490      27.636      32.595      57.197      67.705      71.865      74.177      79.494      89.516      92.532      156.38      158.44      159.35      166.58      167.79      170.33      186.73      187.42      191.00      192.43      214.16      219.16    
   18     0.255    0.000    0.000    0.030  1.8789      2.4060      5.6414      27.758      32.761      57.542      67.543      71.845      74.197      79.553      89.749      92.335      156.40      158.31      159.39      166.57      167.86      170.37      186.79      187.36      191.11      192.40      214.76      218.82    
   19     0.270    0.000    0.000    0.015 0.60127      1.0655      4.4029      27.831      32.861      57.750      67.444      71.833      74.209      79.587      89.917      92.188      156.42      158.22      159.41      166.56      167.90      170.40      186.82      187.32      191.17      192.38      215.21      218.53    
   20     0.285    0.000    0.000    0.000 0.64646      1.2890      3.9035      27.856      32.895      57.820      67.411      71.829      74.213      79.598      89.980      92.133      156.42      158.19      159.42      166.56      167.92      170.41      186.84      187.31      191.19      192.38      215.39      218.40    
   21     0.285    0.000    0.000    0.000 0.64646      1.2890      3.9035      27.856      32.896      57.820      67.411      71.829      74.213      79.657      83.825      92.133      156.42      158.19      159.42      166.56      170.41      174.53      183.23      187.31      191.19      198.68      215.39      217.98    
   22     0.328    0.042   -0.000   -0.000  5.1458      5.3347      8.7810      29.065      33.541      57.078      67.509      72.359      75.367      79.462      81.012      92.215      156.45      158.49      159.45      166.63      170.53      180.06      187.09      191.13      192.13      201.61      212.10      215.26    
   23     0.370    0.085   -0.000   -0.000  7.8496      10.719      17.620      32.386      35.361      55.386      67.797      73.860      78.291      79.074      81.554      92.457      156.54      159.33      159.55      166.83      170.90      179.98      186.43      190.92      191.39      201.07      209.98      214.90    
   24     0.413    0.127   -0.000   -0.000  11.134      16.054      26.239      37.171      38.080      53.544      68.262      76.039      78.493      82.159      82.571      92.859      156.69      159.68      160.62      167.14      171.55      179.86      185.37      190.19      190.55      200.20      206.84      214.33    
   25     0.455    0.170   -0.000   -0.000  14.726      21.308      34.455      41.486      42.814      52.014      68.890      77.804      78.377      84.315      86.423      93.449      156.89      159.83      162.20      167.52      172.49      179.68      183.95      188.60      189.99      199.05      203.20      213.59    
   26     0.498    0.212   -0.000   -0.000  18.500      26.435      41.522      45.958      48.876      50.997      69.665      77.107      80.334      87.018      90.521      94.483      157.13      159.96      163.89      167.91      173.73      179.47      182.26      186.73      189.22      197.66      199.68      212.74    
   27     0.540    0.255   -0.000   -0.000  22.363      31.389      46.224      50.552      52.426      55.046      70.582      76.512      81.843      90.454      93.051      97.146      157.42      160.03      165.55      168.21      175.11      179.23      180.44      184.80      188.23      195.99      196.94      211.82    
   28     0.582    0.297   -0.000   -0.000  26.238      36.119      49.670      50.644      59.552      61.079      71.656      76.145      83.108      94.045      94.170      101.22      157.74      160.01      167.12      168.30      176.12      178.71      178.98      183.35      187.03      194.22      195.21      210.88    
   29     0.625    0.340   -0.000   -0.000  30.063      40.566      51.187      52.626      66.353      66.712      72.957      76.193      84.252      94.655      97.846      105.36      158.09      159.91      168.01      168.61      175.73      177.32      178.71      183.39      185.69      193.12      193.95      209.93    
   30     0.667    0.382   -0.000   -0.000  33.785      44.659      52.063      55.212      71.454      72.139      74.947      77.100      85.319      95.113      101.27      109.16      158.48      159.75      167.22      170.03      174.03      176.49      178.46      184.29      184.84      192.32      193.49      208.96    
   31     0.710    0.425   -0.000   -0.000  37.364      48.315      53.148      57.423      74.429      75.132      79.308      79.715      86.326      95.457      104.27      112.36      158.94      159.62      166.01      170.91      172.46      176.23      178.26      182.99      186.73      191.48      193.97      207.96    
   32     0.752    0.467   -0.000   -0.000  40.762      51.451      54.330      59.220      76.279      77.164      83.382      84.135      87.285      95.697      106.66      114.75      159.49      159.61      164.63      169.27      173.53      176.40      178.18      181.91      188.60      190.79      194.90      206.88    
   33     0.795    0.509   -0.000   -0.000  43.947      54.008      55.511      60.562      78.219      79.325      86.866      88.215      88.273      95.839      108.27      116.15      159.82      160.14      163.33      167.36      175.25      176.84      178.27      181.22      190.23      190.29      195.91      205.69    
   34     0.837    0.552   -0.000   -0.000  46.888      55.985      56.620      61.437      80.574      81.710      89.139      89.799      91.552      95.895      108.98      116.50      160.27      160.85      162.28      165.74      177.17      177.45      178.59      181.03      189.95      191.51      196.76      204.36    
   35     0.880    0.594   -0.000   -0.000  49.565      57.445      57.603      61.866      83.340      84.294      90.081      92.127      93.936      95.878      108.77      115.80      160.88      161.54      161.58      164.50      178.13      179.18      179.26      181.41      189.79      192.38      197.28      202.86    
   36     0.922    0.637   -0.000   -0.000  51.966      58.428      58.482      61.893      86.387      87.022      91.057      93.929      95.462      95.801      107.76      114.19      161.26      161.51      162.09      163.64      178.86      179.96      181.48      182.33      189.83      192.81      197.37      201.18    
   37     0.964    0.679   -0.000   -0.000  54.090      59.078      59.192      61.569      89.492      89.829      92.067      95.414      95.676      96.238      106.08      111.86      161.26      161.99      162.46      163.10      179.60      180.76      183.66      183.75      190.20      192.85      196.99      199.33    
   38     1.007    0.722   -0.000   -0.000  55.948      59.547      59.646      60.944      92.219      92.610      93.086      95.499      96.454      97.038      103.93      109.01      161.47      162.25      162.65      162.82      180.29      181.34      185.21      185.91      190.98      192.62      196.18      197.34    
   39     1.049    0.764   -0.000   -0.000  57.553      59.837      59.891      60.053      93.961      94.057      94.817      95.239      96.762      99.438      101.46      105.83      161.79      162.26      162.71      162.72      180.90      181.53      186.69      187.50      192.18      192.56      195.00      195.30    
   40     1.092    0.807   -0.000   -0.000  58.919      58.920      59.952      59.952      94.807      94.807      94.849      94.849      98.860      98.862      102.54      102.54      162.09      162.09      162.71      162.71      181.35      181.35      187.70      187.70      193.49      193.49      193.59      193.60    
   41     1.092    0.807   -0.000   -0.000  58.919      58.920      59.952      59.952      94.807      94.807      94.849      94.849      98.860      98.862      102.54      102.54      162.09      162.09      162.71      162.71      181.35      181.35      187.70      187.70      193.49      193.49      193.59      193.60    
   42     1.107    0.807   -0.000    0.015  58.922      58.924      59.951      59.951      94.808      94.808      94.850      94.850      98.867      98.869      102.53      102.53      162.09      162.09      162.71      162.71      181.34      181.34      187.67      187.67      193.52      193.52      193.61      193.61    
   43     1.122    0.807   -0.000    0.030  58.931      58.933      59.948      59.948      94.812      94.812      94.854      94.854      98.889      98.891      102.52      102.52      162.09      162.09      162.71      162.71      181.34      181.34      187.56      187.56      193.59      193.59      193.64      193.64    
   44     1.137    0.807   -0.000    0.045  58.946      58.947      59.944      59.944      94.818      94.818      94.860      94.860      98.925      98.927      102.49      102.49      162.09      162.09      162.70      162.70      181.32      181.33      187.38      187.38      193.70      193.70      193.70      193.70    
   45     1.152    0.807   -0.000    0.060  58.966      58.968      59.938      59.938      94.826      94.826      94.868      94.868      98.975      98.977      102.45      102.45      162.10      162.10      162.69      162.69      181.31      181.31      187.15      187.15      193.77      193.78      193.85      193.85    
   46     1.167    0.807   -0.000    0.075  58.992      58.994      59.930      59.930      94.836      94.836      94.878      94.879      99.038      99.040      102.41      102.41      162.10      162.10      162.68      162.68      181.30      181.30      186.88      186.88      193.87      193.87      194.01      194.01    
   47     1.182    0.807   -0.000    0.090  59.023      59.024      59.921      59.921      94.848      94.848      94.890      94.890      99.115      99.117      102.35      102.35      162.11      162.11      162.67      162.67      181.28      181.28      186.57      186.57      193.98      193.98      194.19      194.19    
   48     1.197    0.807   -0.000    0.105  59.057      59.059      59.909      59.909      94.862      94.862      94.903      94.903      99.204      99.206      102.29      102.29      162.12      162.12      162.65      162.65      181.27      181.27      186.24      186.24      194.10      194.10      194.37      194.37    
   49     1.212    0.807   -0.000    0.120  59.096      59.097      59.895      59.896      94.876      94.876      94.916      94.916      99.305      99.306      102.21      102.21      162.13      162.13      162.63      162.63      181.27      181.27      185.89      185.89      194.23      194.23      194.55      194.55    
   50     1.227    0.807   -0.000    0.135  59.137      59.139      59.880      59.880      94.891      94.891      94.930      94.930      99.416      99.417      102.13      102.13      162.14      162.14      162.61      162.61      181.28      181.28      185.53      185.53      194.37      194.37      194.72      194.72    
   51     1.242    0.807   -0.000    0.150  59.181      59.183      59.862      59.862      94.907      94.907      94.943      94.944      99.537      99.538      102.03      102.03      162.15      162.15      162.59      162.59      181.30      181.30      185.17      185.17      194.51      194.51      194.88      194.88    
   52     1.257    0.807   -0.000    0.165  59.227      59.228      59.842      59.842      94.923      94.923      94.956      94.957      99.666      99.667      101.93      101.93      162.17      162.17      162.57      162.57      181.34      181.34      184.80      184.80      194.65      194.65      195.02      195.02    
   53     1.272    0.807   -0.000    0.180  59.274      59.275      59.819      59.820      94.938      94.938      94.969      94.969      99.803      99.804      101.82      101.82      162.19      162.19      162.54      162.54      181.39      181.39      184.45      184.45      194.78      194.79      195.15      195.15    
   54     1.287    0.807   -0.000    0.195  59.322      59.323      59.795      59.795      94.952      94.952      94.980      94.980      99.947      99.947      101.70      101.70      162.21      162.21      162.52      162.52      181.46      181.46      184.10      184.10      194.91      194.92      195.25      195.25    
   55     1.302    0.807   -0.000    0.210  59.370      59.370      59.767      59.768      94.965      94.965      94.989      94.989      100.09      100.10      101.58      101.58      162.23      162.23      162.49      162.49      181.55      181.55      183.77      183.77      195.04      195.04      195.34      195.34    
   56     1.317    0.807   -0.000    0.225  59.417      59.418      59.737      59.738      94.977      94.977      94.996      94.996      100.25      100.25      101.44      101.44      162.25      162.25      162.46      162.46      181.67      181.67      183.45      183.45      195.15      195.15      195.40      195.40    
   57     1.332    0.807   -0.000    0.240  59.463      59.464      59.705      59.706      94.987      94.987      95.002      95.002      100.40      100.40      101.31      101.31      162.27      162.27      162.43      162.43      181.81      181.81      183.15      183.15      195.24      195.24      195.44      195.44    
   58     1.347    0.807   -0.000    0.255  59.508      59.509      59.670      59.671      94.995      94.995      95.005      95.005      100.56      100.56      101.16      101.16      162.30      162.30      162.41      162.41      181.97      181.97      182.87      182.87      195.32      195.32      195.46      195.46    
   59     1.362    0.807   -0.000    0.270  59.552      59.552      59.633      59.633      95.001      95.001      95.006      95.006      100.71      100.71      101.01      101.01      162.32      162.32      162.38      162.38      182.16      182.16      182.61      182.61      195.39      195.39      195.46      195.46    
   60     1.377    0.807   -0.000    0.285  59.594      59.594      59.594      59.594      95.005      95.005      95.005      95.005      100.86      100.86      100.86      100.86      162.35      162.35      162.35      162.35      182.37      182.37      182.37      182.37      195.43      195.43      195.43      195.43    
   61     1.377    0.807   -0.000    0.285  59.594      59.594      59.594      59.594      95.005      95.005      95.005      95.005      100.86      100.86      100.86      100.86      162.35      162.35      162.35      162.35      182.37      182.37      182.37      182.37      195.43      195.43      195.43      195.43    
   62     1.422    0.764   -0.000    0.270  58.679      58.840      60.197      60.204      94.647      94.712      94.783      94.860      98.050      98.282      103.63      103.99      162.03      162.10      162.56      162.60      180.83      181.20      183.37      183.90      193.22      193.23      197.37      197.49    
   63     1.467    0.722   -0.000    0.255  57.450      57.946      60.507      60.635      92.957      93.013      94.226      94.543      96.581      96.737      106.19      107.03      161.66      161.87      162.67      162.77      179.38      179.96      184.10      185.32      190.88      191.00      198.95      199.30    
   64     1.512    0.679   -0.000    0.240  55.896      56.914      60.492      60.876      90.134      90.181      93.564      94.161      95.980      95.999      108.37      109.79      161.30      161.67      162.67      162.91      178.10      178.75      184.39      186.53      188.51      189.08      200.09      200.82    
   65     1.557    0.637   -0.000    0.225  54.006      55.752      60.130      60.875      87.064      87.236      92.778      93.504      95.180      95.398      109.97      112.08      160.91      161.42      162.65      163.17      177.09      177.68      183.93      186.22      187.50      187.87      200.76      202.07    
   66     1.602    0.594   -0.000    0.210  51.776      54.470      59.376      60.572      84.060      84.421      91.806      92.178      93.906      95.006      110.84      113.69      160.43      161.00      162.82      163.79      176.39      176.81      182.77      184.24      187.45      188.05      200.96      203.10    
   67     1.647    0.552   -0.000    0.195  49.213      53.080      58.175      59.908      81.283      81.819      90.033      90.329      92.314      94.824      110.81      114.45      159.87      160.44      163.36      164.86      175.98      176.08      181.49      182.71      187.36      188.18      200.71      203.99    
   68     1.692    0.509   -0.000    0.180  46.336      51.580      56.492      58.836      78.846      79.468      87.141      87.713      90.950      94.724      109.82      114.22      159.37      159.83      164.29      166.39      175.29      175.80      180.41      181.88      187.33      187.87      200.12      204.83    
   69     1.737    0.467   -0.000    0.165  43.169      49.917      54.383      57.343      76.766      77.346      83.644      83.991      89.786      94.625      107.88      112.98      159.04      159.26      165.50      168.28      174.29      175.75      179.66      181.84      187.01      187.43      199.37      205.68    
   70     1.782    0.425   -0.000    0.150  39.748      47.868      52.142      55.464      74.733      75.258      79.566      79.962      88.612      94.481      105.16      110.81      158.78      158.93      166.80      170.35      173.15      175.77      179.32      182.43      185.98      187.46      198.71      206.60    
   71     1.827    0.382   -0.000    0.135  36.104      45.031      50.307      53.264      71.606      72.049      75.678      77.312      87.345      94.258      101.89      107.87      158.37      159.00      167.89      171.19      173.13      175.99      179.33      183.11      185.09      187.63      198.42      207.61    
   72     1.872    0.340   -0.000    0.120  32.274      41.320      49.127      50.815      66.461      66.832      73.643      76.296      85.935      93.929      98.328      104.35      158.01      159.18      168.45      169.96      174.68      176.63      179.60      182.92      185.56      188.06      198.71      208.70    
   73     1.917    0.297   -0.000    0.105  28.300      36.982      47.914      48.748      59.774      61.247      72.265      76.144      84.335      93.436      94.710      100.48      157.68      159.38      168.10      168.79      175.23      177.64      180.12      183.13      186.76      188.91      199.65      209.86    
   74     1.962    0.255   -0.000    0.090  24.232      32.222      44.975      48.545      52.587      55.436      71.107      76.436      82.491      91.270      92.511      96.707      157.39      159.56      166.50      168.34      174.53      178.56      181.08      184.53      188.00      190.31      201.20      211.06    
   75     2.008    0.212   -0.000    0.075  20.137      27.166      41.135      45.600      47.479      51.081      70.088      76.989      80.365      88.230      90.076      94.276      157.12      159.66      164.64      167.87      173.38      179.06      182.52      186.45      189.08      192.20      203.31      212.23    
   76     2.053    0.170   -0.000    0.060  16.093      21.900      34.749      40.754      42.427      51.434      69.199      77.668      78.020      85.735      86.204      93.320      156.88      159.68      162.72      167.41      172.30      179.30      184.07      188.32      189.95      194.26      205.93      213.31    
   77     2.098    0.127   -0.000    0.045  12.186      16.495      26.582      36.980      37.558      53.111      68.456      75.654      78.383      82.045      83.946      92.788      156.68      159.62      160.94      167.03      171.45      179.44      185.42      189.86      190.68      196.11      208.83      214.23    
   78     2.143    0.085   -0.000    0.030  8.5309      11.009      17.885      32.299      35.097      55.157      67.890      73.646      78.189      79.086      82.676      92.427      156.53      159.47      159.54      166.76      170.86      179.52      186.46      190.74      191.47      197.48      211.56      214.92    
   79     2.188    0.042   -0.000    0.015  5.3891      5.4790      8.9395      29.041      33.470      57.013      67.533      72.301      75.359      79.452      81.932      92.207      156.45      158.53      159.45      166.61      170.52      179.56      187.09      191.09      192.14      198.32      213.54      215.30    
   80     2.233    0.000   -0.000    0.000 0.64646      1.2889      3.9034      27.856      32.895      57.820      67.411      71.829      74.213      79.598      81.686      92.133      156.42      158.19      159.42      166.56      170.41      179.58      187.31      191.19      192.38      198.59      214.31      215.39    
   81     2.233    0.000    0.000    0.000 0.64646      1.2890      3.9035      27.856      32.896      57.820      67.411      71.829      74.213      79.657      83.825      92.133      156.42      158.19      159.42      166.56      170.41      174.53      183.23      187.31      191.19      198.68      215.39      217.98    
   82     2.273    0.000    0.037    0.015  4.3595      4.5782      5.7010      28.173      32.962      57.370      67.522      71.840      74.214      79.893      82.727      92.175      156.45      158.17      159.48      166.61      167.80      170.52      180.54      187.51      190.96      201.07      215.41      219.51    
   83     2.313    0.000    0.074    0.030  7.4543      9.3915      10.236      29.090      33.157      56.126      67.852      71.873      74.210      79.889      83.576      92.296      156.54      158.09      159.66      166.75      167.45      170.82      180.36      188.09      190.34      201.36      215.41      218.73    
   84     2.352    0.000    0.111    0.045  10.518      14.078      15.064      30.517      33.486      54.331      68.386      71.926      74.185      79.681      84.979      92.478      156.67      157.96      159.96      166.90      166.99      171.31      180.08      188.80      189.65      201.74      215.18      217.84    
   85     2.392    0.000    0.148    0.060  13.629      18.652      19.774      32.331      33.948      52.252      69.096      71.993      74.119      79.333      86.704      92.697      156.82      157.83      160.34      166.17      167.34      171.94      179.74      188.12      190.51      202.11      214.31      217.43    
   86     2.432    0.000    0.185    0.075  16.721      23.090      24.271      34.409      34.533      50.122      69.944      72.062      73.988      78.948      88.540      92.935      156.91      157.79      160.79      165.31      167.80      172.66      179.37      187.00      192.02      202.41      213.05      217.52    
   87     2.472    0.000    0.222    0.090  19.751      27.365      28.471      35.214      36.640      48.154      70.890      72.115      73.773      78.612      90.337      93.182      156.81      157.95      161.27      164.38      168.35      173.41      179.05      185.90      193.74      202.63      211.91      217.79    
   88     2.512    0.000    0.259    0.105  22.691      31.451      32.251      35.971      38.936      46.548      71.899      72.129      73.462      78.399      91.970      93.451      156.60      158.23      161.73      163.46      168.99      174.10      178.86      184.91      195.56      202.79      211.19      218.09    
   89     2.552    0.000    0.296    0.120  25.517      35.191      35.324      37.061      41.233      45.492      72.074      72.947      73.048      78.372      93.170      93.928      156.36      158.53      162.07      162.71      169.68      174.60      178.93      184.09      197.37      202.97      210.96      218.37    
   90     2.592    0.000    0.333    0.135  28.211      36.395      38.964      39.249      43.489      45.102      71.921      72.535      74.024      78.585      93.583      94.901      156.14      158.73      161.78      162.73      170.38      174.85      179.31      183.49      199.07      203.26      211.20      218.59    
   91     2.632    0.000    0.370    0.150  30.754      36.920      41.462      42.356      45.350      45.679      71.618      71.951      75.141      79.064      93.747      95.776      155.97      158.72      161.45      163.02      171.07      174.90      179.95      183.14      200.61      203.70      211.83      218.75    
   92     2.672    0.000    0.407    0.165  33.131      37.425      43.159      45.489      46.045      47.797      71.063      71.388      76.332      79.806      93.816      96.352      155.88      158.49      161.41      163.24      171.73      174.84      180.73      183.02      201.95      204.27      212.72      218.84    
   93     2.712    0.000    0.444    0.180  35.324      38.084      44.392      46.871      48.358      49.845      70.293      70.800      77.639      80.776      93.792      96.590      155.88      158.18      161.55      163.36      172.34      174.77      181.55      183.10      203.13      204.90      213.77      218.86    
   94     2.752    0.000    0.481    0.195  37.315      38.943      45.317      47.542      50.959      51.838      69.419      70.079      79.091      81.922      93.656      96.482      155.97      157.88      161.75      163.38      172.90      174.72      182.33      183.35      204.18      205.51      214.86      218.83    
   95     2.792    0.000    0.518    0.210  39.079      39.977      46.017      47.928      53.281      53.801      68.472      69.202      80.687      83.189      93.389      96.033      156.16      157.66      161.94      163.28      173.41      174.70      183.04      183.69      205.10      206.06      215.88      218.77    
   96     2.831    0.000    0.555    0.225  40.593      41.130      46.512      48.021      55.333      55.744      67.462      68.171      82.407      84.527      92.974      95.265      156.43      157.51      162.10      163.10      173.87      174.71      183.66      184.05      205.90      206.52      216.78      218.68    
   97     2.871    0.000    0.592    0.240  41.877      42.280      46.810      47.863      57.199      57.592      66.399      66.998      84.212      85.887      92.399      94.206      156.75      157.43      162.21      162.86      174.25      174.74      184.17      184.38      206.54      206.89      217.50      218.60    
   98     2.911    0.000    0.629    0.255  42.976      43.260      46.931      47.523      58.947      59.266      65.296      65.714      86.057      87.222      91.661      92.898      157.05      157.39      162.29      162.61      174.55      174.77      184.55      184.64      207.00      207.16      218.03      218.52    
   99     2.951    0.000    0.666    0.270  43.825      43.934      46.932      47.120      60.530      60.690      64.214      64.400      87.889      88.485      90.773      91.388      157.29      157.38      162.33      162.42      174.74      174.80      184.78      184.81      207.29      207.32      218.35      218.47    
  100     2.991    0.000    0.703    0.285  44.181      44.181      46.909      46.913      61.439      61.439      63.578      63.578      89.437      89.437      89.948      89.948      157.37      157.37      162.34      162.34      174.81      174.81      184.86      184.86      207.37      207.38      218.46      218.46    
  101     2.991    0.000    0.703    0.285  44.181      44.181      46.909      46.913      61.439      61.439      63.578      63.578      89.437      89.437      89.948      89.948      157.37      157.37      162.34      162.34      174.81      174.81      184.86      184.86      207.37      207.38      218.46      218.46    
  102     3.006    0.000    0.703    0.270  44.174      44.174      46.908      46.913      61.438      61.438      63.580      63.580      89.294      89.294      90.097      90.097      157.37      157.37      162.35      162.35      174.80      174.80      184.86      184.86      207.38      207.39      218.46      218.46    
  103     3.021    0.000    0.703    0.255  44.155      44.155      46.906      46.911      61.432      61.432      63.585      63.585      89.037      89.037      90.374      90.374      157.36      157.36      162.35      162.35      174.79      174.79      184.85      184.85      207.39      207.40      218.45      218.45    
  104     3.036    0.000    0.703    0.240  44.123      44.124      46.903      46.908      61.423      61.423      63.594      63.594      88.764      88.765      90.678      90.678      157.35      157.35      162.36      162.36      174.78      174.78      184.84      184.84      207.42      207.43      218.44      218.44    
  105     3.051    0.000    0.703    0.225  44.080      44.081      46.899      46.904      61.412      61.412      63.606      63.606      88.496      88.496      90.989      90.989      157.33      157.33      162.38      162.38      174.76      174.76      184.82      184.82      207.45      207.47      218.43      218.43    
  106     3.066    0.000    0.703    0.210  44.027      44.028      46.895      46.899      61.397      61.397      63.620      63.620      88.238      88.238      91.301      91.301      157.31      157.31      162.40      162.40      174.73      174.73      184.80      184.80      207.50      207.51      218.41      218.41    
  107     3.081    0.000    0.703    0.195  43.964      43.966      46.889      46.893      61.381      61.381      63.637      63.637      87.992      87.992      91.608      91.608      157.29      157.29      162.42      162.42      174.70      174.70      184.77      184.77      207.55      207.57      218.39      218.40    
  108     3.096    0.000    0.703    0.180  43.894      43.896      46.884      46.887      61.363      61.363      63.655      63.655      87.761      87.761      91.908      91.908      157.26      157.26      162.45      162.45      174.67      174.67      184.74      184.74      207.61      207.63      218.37      218.38    
  109     3.111    0.000    0.703    0.165  43.819      43.821      46.878      46.881      61.343      61.343      63.674      63.674      87.545      87.545      92.198      92.198      157.24      157.24      162.47      162.47      174.64      174.64      184.70      184.70      207.67      207.69      218.35      218.35    
  110     3.126    0.000    0.703    0.150  43.740      43.743      46.872      46.875      61.324      61.324      63.694      63.694      87.346      87.346      92.474      92.474      157.21      157.21      162.50      162.50      174.61      174.61      184.66      184.66      207.74      207.76      218.32      218.33    
  111     3.141    0.000    0.703    0.135  43.660      43.663      46.867      46.869      61.304      61.304      63.714      63.714      87.163      87.164      92.734      92.734      157.18      157.18      162.53      162.53      174.57      174.58      184.61      184.62      207.81      207.83      218.30      218.30    
  112     3.156    0.000    0.703    0.120  43.582      43.585      46.862      46.863      61.285      61.285      63.733      63.733      86.999      86.999      92.974      92.974      157.15      157.15      162.55      162.55      174.55      174.55      184.57      184.57      207.89      207.91      218.27      218.28    
  113     3.171    0.000    0.703    0.105  43.506      43.509      46.857      46.858      61.267      61.267      63.751      63.751      86.853      86.853      93.193      93.193      157.13      157.13      162.58      162.58      174.52      174.52      184.52      184.53      207.96      207.97      218.24      218.25    
  114     3.186    0.000    0.703    0.090  43.435      43.438      46.853      46.854      61.250      61.250      63.768      63.768      86.726      86.726      93.388      93.388      157.10      157.10      162.60      162.60      174.50      174.50      184.48      184.48      208.02      208.04      218.22      218.23    
  115     3.201    0.000    0.703    0.075  43.372      43.375      46.850      46.851      61.236      61.236      63.782      63.782      86.618      86.618      93.556      93.556      157.08      157.08      162.62      162.62      174.48      174.48      184.44      184.44      208.08      208.10      218.19      218.20    
  116     3.216    0.000    0.703    0.060  43.318      43.320      46.847      46.848      61.223      61.223      63.795      63.795      86.529      86.529      93.697      93.697      157.06      157.06      162.64      162.64      174.46      174.46      184.40      184.41      208.14      208.15      218.17      218.18    
  117     3.231    0.000    0.703    0.045  43.274      43.276      46.845      46.845      61.213      61.213      63.805      63.805      86.460      86.460      93.808      93.808      157.05      157.05      162.66      162.66      174.45      174.45      184.38      184.38      208.18      208.20      218.15      218.17    
  118     3.246    0.000    0.703    0.030  43.242      43.244      46.844      46.844      61.206      61.206      63.812      63.812      86.410      86.410      93.888      93.888      157.04      157.04      162.67      162.67      174.44      174.44      184.35      184.36      208.21      208.23      218.14      218.16    
  119     3.261    0.000    0.703    0.015  43.222      43.223      46.843      46.843      61.202      61.202      63.816      63.816      86.380      86.381      93.936      93.936      157.03      157.03      162.67      162.67      174.43      174.43      184.34      184.34      208.23      208.25      218.13      218.15    
  120     3.276    0.000    0.703    0.000  43.215      43.217      46.842      46.842      61.200      61.200      63.818      63.818      86.370      86.371      93.953      93.953      157.03      157.03      162.67      162.67      174.43      174.43      184.34      184.34      208.24      208.25      218.13      218.15    
  121     3.276    0.000    0.703   -0.000  43.215      43.217      46.842      46.842      61.200      61.200      63.818      63.818      86.370      86.371      93.953      93.953      157.03      157.03      162.67      162.67      174.43      174.43      184.34      184.34      208.24      208.25      218.13      218.15    
  122     3.313    0.000    0.666   -0.000  42.760      43.524      45.717      47.725      59.740      62.138      62.628      65.331      84.885      87.780      92.349      95.389      156.54      157.51      162.19      163.14      174.41      174.41      184.26      184.28      207.83      208.53      217.30      218.88    
  123     3.350    0.000    0.629   -0.000  42.206      43.638      44.376      48.339      58.241      60.296      64.022      66.675      83.356      89.084      90.630      96.611      156.07      157.97      161.72      163.55      174.32      174.37      184.06      184.09      207.25      208.67      216.37      219.51    
  124     3.387    0.000    0.592   -0.000  41.591      42.866      43.526      48.651      56.674      58.310      65.374      67.853      81.820      88.850      90.258      97.577      155.66      158.36      161.30      163.88      174.14      174.33      183.68      183.84      206.52      208.71      215.33      220.03    
  125     3.424    0.000    0.555   -0.000  40.683      41.505      43.167      48.625      54.964      56.241      66.672      68.866      80.316      87.065      91.281      98.254      155.32      158.68      160.98      164.12      173.87      174.33      183.13      183.58      205.64      208.64      214.21      220.44    
  126     3.461    0.000    0.518   -0.000  38.944      40.918      42.556      48.220      52.941      54.235      67.900      69.721      78.883      85.333      92.137      98.616      155.08      158.91      160.77      164.24      173.49      174.39      182.43      183.34      204.60      208.49      213.04      220.72    
  127     3.498    0.000    0.481   -0.000  36.878      40.690      41.693      47.408      50.513      52.359      69.041      70.426      77.550      83.712      92.815      98.647      154.94      159.03      160.72      164.23      173.02      174.53      181.60      183.19      203.43      208.25      211.88      220.88    
  128     3.535    0.000    0.444   -0.000  34.640      40.580      40.748      46.185      47.772      50.491      70.073      70.998      76.330      82.258      93.308      98.341      154.91      159.05      160.85      164.11      172.46      174.77      180.65      183.15      202.12      207.92      210.84      220.90    
  129     3.572    0.000    0.407   -0.000  32.261      39.211      41.120      44.593      44.784      48.544      70.953      71.480      75.208      81.031      93.619      97.705      154.98      158.97      161.16      163.87      171.82      175.10      179.62      183.27      200.70      207.46      210.06      220.80    
  130     3.609    0.000    0.370   -0.000  29.761      37.528      41.570      41.841      42.747      46.483      71.530      72.023      74.150      80.080      93.751      96.760      155.16      158.79      161.64      163.52      171.14      175.53      178.52      183.56      199.17      206.85      209.66      220.58    
  131     3.646    0.000    0.333   -0.000  27.154      35.426      38.140      40.842      42.918      44.298      71.801      72.639      73.122      79.433      93.694      95.560      155.43      158.54      162.28      163.08      170.43      176.04      177.38      184.03      197.57      206.21      209.64      220.25    
  132     3.683    0.000    0.296   -0.000  24.455      32.800      34.501      39.082      42.002      44.336      71.936      72.112      73.173      79.080      93.273      94.337      155.77      158.24      162.57      163.05      169.71      176.23      176.62      184.68      195.92      205.62      210.00      219.82    
  133     3.720    0.000    0.259   -0.000  21.677      29.647      30.664      37.567      39.624      46.057      71.136      71.992      73.587      78.975      91.931      93.719      156.16      157.91      162.03      163.88      169.03      175.10      177.22      185.48      194.27      205.07      210.75      219.34    
  134     3.757    0.000    0.222   -0.000  18.835      26.058      26.644      36.298      37.219      48.020      70.223      71.997      73.884      79.058      90.086      93.372      156.58      157.57      161.47      164.75      168.40      174.02      177.84      186.40      192.68      204.54      211.84      218.86    
  135     3.794    0.000    0.185   -0.000  15.948      22.137      22.458      34.861      35.248      50.140      69.404      71.971      74.075      79.263      88.078      93.055      157.00      157.25      160.93      165.60      167.85      173.02      178.44      187.42      191.20      204.00      213.14      218.44    
  136     3.831    0.000    0.148   -0.000  13.040      17.969      18.127      32.650      34.399      52.306      68.706      71.931      74.179      79.531      86.036      92.758      156.97      157.39      160.43      166.36      167.38      172.14      178.98      188.47      189.89      203.43      214.38      218.26    
  137     3.868    0.000    0.111   -0.000  10.154      13.617      13.673      30.712      33.742      54.373      68.147      71.890      74.221      79.805      84.091      92.501      156.73      157.72      160.01      167.01      167.02      171.41      179.44      188.80      189.49      202.85      215.17      218.55    
  138     3.905    0.000    0.074   -0.000  7.3854      9.1152      9.1337      29.183      33.273      56.144      67.740      71.857      74.226      80.039      82.423      92.302      156.56      157.98      159.69      166.76      167.50      170.87      179.80      187.98      190.36      202.32      215.41      219.23    
  139     3.942    0.000    0.037   -0.000  4.4345      4.5528      5.0102      28.197      32.992      57.374      67.493      71.836      74.218      80.194      81.261      92.176      156.46      158.14      159.49      166.61      167.81      170.53      180.02      187.48      190.97      201.94      215.41      219.85    
  140     3.979    0.000    0.000   -0.000 0.64646      1.2890      3.9034      27.856      32.898      57.820      67.411      71.829      74.213      80.249      80.839      92.133      156.42      158.19      159.42      166.56      167.92      170.41      180.09      187.31      191.19      201.79      215.39      220.09    
  141     3.979    0.000    0.000    0.000 0.64646      1.2890      3.9035      27.856      32.896      57.820      67.411      71.829      74.213      79.657      83.825      92.133      156.42      158.19      159.42      166.56      170.41      174.53      183.23      187.31      191.19      198.68      215.39      217.98    
  142     4.037    0.042    0.037    0.015  4.5152      6.2760      11.452      29.271      33.573      56.647      67.613      72.303      75.261      79.598      82.031      92.295      156.48      158.47      159.51      166.65      170.64      178.25      181.76      187.36      190.90      201.00      215.17      216.39    
  143     4.096    0.085    0.074    0.030  9.1997      10.704      22.663      31.852      36.579      54.086      68.196      73.741      77.204      79.071      83.998      92.737      156.68      159.18      159.80      166.90      171.30      177.56      181.16      187.50      190.09      200.66      213.04      215.43    
  144     4.154    0.127    0.111    0.045  13.876      15.635      31.824      35.298      42.182      51.537      69.104      75.903      78.261      78.997      87.137      93.332      157.01      159.96      160.40      167.28      172.30      176.40      180.39      187.65      188.99      199.89      209.29      214.99    
  145     4.212    0.170    0.148    0.060  18.513      20.725      34.485      44.434      47.311      50.967      70.282      77.525      78.470      80.627      90.564      93.914      157.46      160.46      161.37      167.74      173.40      174.99      179.57      187.17      188.44      198.50      205.72      214.36    
  146     4.270    0.212    0.185    0.075  23.066      25.766      36.361      47.328      53.514      56.110      71.752      77.249      80.790      82.663      93.329      94.553      157.99      160.85      162.25      168.20      173.02      174.95      178.77      185.85      188.78      196.58      203.10      213.41    
  147     4.329    0.255    0.222    0.090  27.494      30.592      38.364      47.121      60.844      61.445      73.751      77.957      82.641      85.304      93.778      96.352      158.54      161.13      162.84      168.43      171.83      175.60      178.16      184.51      189.24      194.76      201.30      212.06    
  148     4.387    0.297    0.259    0.105  31.759      35.077      40.530      47.554      64.902      65.617      76.892      80.425      84.291      88.136      93.183      97.767      159.04      161.28      163.07      168.02      171.23      175.45      178.04      183.29      189.53      193.54      199.97      210.27    
  149     4.445    0.340    0.296    0.120  35.819      39.129      42.815      48.487      66.772      67.377      81.076      84.417      85.935      90.665      92.237      98.288      159.46      161.29      162.99      166.93      171.11      174.64      178.21      182.22      189.54      192.76      198.94      208.02    
  150     4.504    0.382    0.333    0.135  39.628      42.659      45.174      49.710      67.202      68.028      84.829      87.502      88.652      90.458      93.703      98.095      159.77      161.08      162.75      165.52      171.00      173.62      178.21      181.24      189.30      191.93      198.11      205.36    
  151     4.562    0.425    0.370    0.150  43.132      45.580      47.601      51.051      66.947      68.229      86.134      87.516      90.794      93.054      95.745      97.915      159.93      160.60      162.54      164.06      170.68      172.56      177.85      180.23      188.80      190.81      197.24      202.36    
  152     4.620    0.467    0.407    0.165  46.273      47.918      50.028      52.389      66.480      68.140      84.123      86.414      93.912      95.055      97.495      99.035      159.67      160.07      162.36      162.82      170.14      171.52      177.05      179.07      187.91      189.49      196.06      199.16    
  153     4.678    0.509    0.444    0.180  48.983      49.876      52.283      53.647      65.981      67.919      81.096      84.311      95.805      96.624      99.401      100.84      158.84      159.68      161.64      162.44      169.44      170.53      175.79      177.63      186.62      188.14      194.38      195.96    
  154     4.737    0.552    0.481    0.195  51.159      51.698      54.227      54.775      65.567      67.673      77.892      81.244      96.757      98.422      101.06      102.46      157.96      159.04      160.89      162.19      168.72      169.63      174.20      175.91      185.06      186.78      192.01      193.10    
  155     4.795    0.594    0.518    0.210  52.837      53.450      55.746      55.765      65.342      67.457      74.777      77.785      97.810      99.536      102.48      103.65      157.12      158.28      160.10      161.60      168.14      168.88      172.53      174.01      183.49      185.38      189.20      190.56    
  156     4.853    0.637    0.555    0.225  54.289      54.933      56.553      56.842      65.370      67.278      71.960      74.373      98.930      100.27      103.55      104.39      156.40      157.50      159.06      160.45      167.82      168.35      171.11      172.20      182.11      183.97      186.54      188.01    
  157     4.911    0.679    0.592    0.240  55.586      56.103      57.187      57.493      65.618      67.114      69.610      71.331      100.10      100.92      104.16      104.69      155.83      156.73      157.78      158.83      167.79      168.10      170.13      170.75      181.08      182.58      184.26      185.52    
  158     4.970    0.722    0.629    0.255  56.681      56.976      57.636      57.829      65.966      66.942      67.855      68.903      101.28      101.66      104.32      104.59      155.42      156.03      156.49      157.13      167.97      168.11      169.51      169.76      180.46      181.34      182.52      183.29    
  159     5.028    0.764    0.666    0.270  57.475      57.559      57.882      57.946      66.296      66.724      66.835      67.273      102.41      102.50      104.04      104.11      155.22      155.46      155.58      155.83      168.30      168.34      169.08      169.14      180.30      180.56      181.33      181.56    
  160     5.086    0.807    0.703    0.285  57.868      57.868      57.868      57.868      66.562      66.562      66.562      66.562      103.37      103.37      103.37      103.37      155.25      155.25      155.25      155.25      168.69      168.69      168.69      168.69      180.60      180.60      180.60      180.60    
