 # nk,dk(nk),kp(:,nk),gruneisen(la,nk).la=1,ndyn)
       1  0.000      0.000      0.000     0.2853     -2.011     -2.025      2.550      2.817      2.790      2.767     0.2458     0.2442     -.9065     -.9694     0.8099     0.7481      2.510      2.510      1.860      1.860      1.989      1.991      1.188      1.217      1.197      1.184      1.176      1.091    
       2 0.1501E-01  0.000      0.000     0.2702     -2.056     -1.988      2.637      2.750      2.782      2.764     0.2340     0.2561     -.9596     -.9217     0.8075     0.7449      2.510      2.509      1.879      1.842      2.024      1.956      1.188      1.220      1.196      1.184      1.175      1.082    
       3 0.3003E-01  0.000      0.000     0.2552     -2.103      2.614     -1.964      2.841      2.761      2.744     0.2230     0.2671     -1.009     -.8795     0.8016     0.7451      2.510      2.508      1.898      1.825      2.058      1.919      1.190      1.221      1.196      1.184      1.173      1.073    
       4 0.4504E-01  0.000      0.000     0.2402     -2.163      2.600     -1.946      2.998      2.682      2.723     0.2123     -1.053     0.2780     -.8435     0.7936     0.7474      2.510      2.507      1.917      1.808      2.092      1.883      1.192      1.223      1.196      1.184      1.170      1.064    
       5 0.6005E-01  0.000      0.000     0.2252     -2.239      2.597     -1.932      3.326      2.441      2.702     0.2017     -1.094     0.2886     -.8113     0.7842     0.7508      2.509      2.505      1.936      1.792      2.124      1.848      1.194      1.227      1.195      1.185      1.166      1.056    
       6 0.7507E-01  0.000      0.000     0.2102     -2.335      2.604     -1.921      4.344      1.515      2.683     -1.133     0.1915     0.2990     -.7830     0.7739     0.7551      2.507      2.503      1.956      1.777      2.155      1.812      1.196      1.231      1.194      1.186      1.161      1.048    
       7 0.9008E-01  0.000      0.000     0.1952     -2.458      2.623     -1.913      5.534     0.4228      2.667     -1.168     0.1816     0.3090     -.7589     0.7627     0.7602      2.505      2.501      1.975      1.762      2.185      1.778      1.197      1.234      1.194      1.186      1.156      1.040    
       8 0.1051      0.000      0.000     0.1802     -2.616      2.656     -1.907      4.487      1.573      2.654     -1.199     0.1722     0.3187     -.7398     0.7511     0.7661      2.503      2.499      1.995      1.749      2.213      1.745      1.197      1.235      1.197      1.187      1.150      1.032    
       9 0.1201      0.000      0.000     0.1651     -2.825      2.708      4.210     -1.903      1.959      2.645     -1.227     0.1633     0.3278     -.7258     0.7392     0.7729      2.500      2.497      2.014      1.736      2.240      1.712      1.197      1.237      1.199      1.188      1.145      1.026    
      10 0.1351      0.000      0.000     0.1501     -3.104      2.784      4.144     -1.901      2.142      2.639     -1.250     0.1549     0.3364     -.7173     0.7269     0.7809      2.497      2.496      2.032      1.725      2.265      1.682      1.196      1.240      1.201      1.188      1.138      1.019    
      11 0.1501      0.000      0.000     0.1351     -3.488      2.896      4.159     -1.899      2.251      2.637     -1.270     0.1472     0.3443     -.7137     0.7143     0.7902      2.494      2.494      2.049      2.288      1.714      1.654      1.194      1.245      1.202      1.189      1.132      1.013    
      12 0.1651      0.000      0.000     0.1201     -4.033      3.059      4.220     -1.899      2.326      2.637     -1.286     0.1401     0.3516     -.7148     0.7008     0.8013      2.491      2.492      2.066      2.308      1.704      1.628      1.191      1.250      1.204      1.189      1.126      1.008    
      13 0.1802      0.000      0.000     0.1051     -4.840      3.307      4.319     -1.899      2.381      2.641     -1.299     0.1338     0.3582     -.7194     0.6859     0.8147      2.487      2.490      2.081      2.327      1.696      1.604      1.187      1.256      1.205      1.189      1.121      1.003    
      14 0.1952      0.000      0.000     0.9008E-01 -6.109      3.697      4.463     -1.899      2.425      2.646     -1.309     0.1282     0.3640     -.7267     0.6686     0.8310      2.484      2.094      2.488      2.344      1.688      1.583      1.182      1.263      1.207      1.189      1.116     0.9982    
      15 0.2102      0.000      0.000     0.7507E-01 -8.275      4.356      4.673     -1.900      2.459      2.653     -1.317     0.1234     0.3690     -.7355     0.6479     0.8512      2.482      2.105      2.487      2.358      1.682      1.565      1.176      1.271      1.209      1.188      1.113     0.9932    
      16 0.2252      0.000      0.000     0.6005E-01 -12.46      5.590      5.001     -1.901      2.485      2.660     -1.323     0.1194     0.3731     -.7445     0.6224     0.8763      2.481      2.114      2.486      2.369      1.677      1.550      1.167      1.280      1.211      1.188      1.112     0.9874    
      17 0.2402      0.000      0.000     0.4504E-01 -22.47      8.316      5.555     -1.901      2.506      2.667     -1.327     0.1163     0.3764     -.7529     0.5911     0.9073      2.480      2.120      2.485      2.378      1.673      1.538      1.157      1.291      1.213      1.187      1.113     0.9798    
      18 0.2552      0.000      0.000     0.3003E-01 -61.13      16.54      6.547     -1.902      2.520      2.673     -1.330     0.1140     0.3787     -.7596     0.5549     0.9434      2.481      2.124      2.484      2.385      1.670      1.529      1.146      1.303      1.215      1.185      1.120     0.9695    
      19 0.2702      0.000      0.000     0.1501E-01 -582.7      75.51      8.144     -1.902      2.528      2.676     -1.332     0.1127     0.3801     -.7639     0.5209     0.9773      2.481      2.126      2.484      2.389      1.668      1.524      1.136      1.313      1.216      1.184      1.130     0.9571    
      20 0.2853      0.000      0.000     0.1501E-09  197.1     -125.8      9.252     -1.902      2.531      2.678     -1.332     0.1122     0.3806     -.7654     0.5057     0.9924      2.482      2.127      2.484      2.390      1.668      1.522      1.131      1.318      1.217      1.184      1.136     0.9503    
      21 0.2853      0.000      0.000      0.000      197.1     -125.8      9.252     -1.902      2.531      2.678     -1.332     0.1122     0.3806     -.7171     0.6121     0.9924      2.482      2.127      2.484      2.390      1.523      1.455      1.199      1.318      1.217      1.149      1.136     0.9513    
      22 0.3277     0.4245E-01 -.2599E-17 -.2599E-17  3.733      3.059     -1.512     -1.596      2.442      2.605     -1.323     0.1494     0.4658     -.7557     0.7152     0.9839      2.475      2.115      2.476      2.387      1.521      1.168      1.318      1.223      1.187      1.143      1.047      1.136    
      23 0.3702     0.8491E-01 -.5199E-17 -.5199E-17 -.2469     0.9538     0.5479     -.9331      2.203      2.496     -1.296     0.2525     0.6094     -.7270     0.6739     0.9577      2.454      2.081      2.453      2.377      1.519      1.184      1.319      1.239      1.198      1.152      1.075      1.138    
      24 0.4126     0.1274     -.7798E-17 -.7798E-17 -1.385     0.6362      1.014     -.2918      1.854      2.434     -1.251     0.4008     -.6797     0.7232     0.6046     0.9106      2.422      2.414      2.026      2.361      1.520      1.211      1.320      1.215      1.265      1.167      1.119      1.142    
      25 0.4551     0.1698     -.1040E-16 -.1040E-16 -1.564     0.5639      1.401      1.348     0.1829      2.404     -1.189     -.6131     0.5510     0.5288     0.8225     0.8300      2.379      2.362      1.950      2.340      1.529      1.248      1.320      1.236      1.298      1.187      1.178      1.149    
      26 0.4975     0.2123     -.1300E-16 -.1300E-16 -1.442     0.5471      2.037     0.5495     0.4948      2.376     -1.109     -.5241     0.6246     0.5119     0.9669     0.6750      2.330      2.299      1.855      2.314      1.553      1.295      1.319      1.260      1.335      1.214      1.246      1.158    
      27 0.5400     0.2547     -.1560E-16 -.1560E-16 -1.243     0.5407      2.058      2.329     0.3659     0.6788     -1.009     -.4053     0.6131     0.5582      1.020     0.5954      2.276      2.227      1.749      2.284      1.599      1.351      1.317      1.276      1.374      1.270      1.292      1.171    
      28 0.5824     0.2972     -.1820E-16 -.1820E-16 -1.043     0.5291      1.788      2.256     0.4725     0.7570     -.8788     -.2402     0.5682     0.9128     0.6190     0.6707      2.220      2.151      1.641      2.248      1.670      1.319      1.411      1.278      1.412      1.354      1.310      1.188    
      29 0.6249     0.3396     -.2080E-16 -.2080E-16 -.8653     0.5045      2.157      1.573     0.4827     0.7146     -.6808     0.1443E-01 0.5170     0.8304     0.6725     0.7220      2.164      2.077      2.200      1.533      1.729      1.328      1.477      1.301      1.445      1.387      1.370      1.208    
      30 0.6673     0.3821     -.2340E-16 -.2340E-16 -.7152     0.4622      2.038      1.384     0.4555     0.1122     -.1096     0.4740     0.4692     0.7655     0.7149     0.7631      2.111      2.009      2.138      1.413      1.803      1.354      1.539      1.472      1.336      1.354      1.481      1.231    
      31 0.7098     0.4245     -.2599E-16 -.2599E-16 -.5907     0.4017      1.908      1.197     0.1707     -.3579     0.5726     0.9576     0.4290     0.7114     0.7479     0.8065      2.060      1.952      2.080      1.346      1.860      1.381      1.593      1.492      1.346      1.370      1.526      1.254    
      32 0.7522     0.4670     -.2859E-16 -.2859E-16 -.4884     0.3307      1.772      1.000     0.2896     -.1820      1.034     0.6221     0.3984     0.6664     0.7760     0.8585      2.014      1.908      2.044      1.724      1.502      1.392      1.634      1.501      1.340      1.395      1.546      1.275    
      33 0.7947     0.5094     -.3119E-16 -.3119E-16 -.4042     0.2675      1.634     0.8023     0.5126     0.5303E-01 0.9914     0.3784     0.6121     0.6300     0.8046     0.9210      1.875      1.975      2.032      1.856      1.407      1.385      1.655      1.497      1.326      1.420      1.557      1.293    
      34 0.8371     0.5519     -.3379E-16 -.3379E-16 -.3337     0.2338      1.497     0.6195     0.7185     0.2786     0.3684     0.9319     0.5922     0.6021     0.8375     0.9914      1.856      1.949      2.035      1.947      1.362      1.364      1.651      1.479      1.446      1.309      1.563      1.308    
      35 0.8796     0.5943     -.3639E-16 -.3639E-16 -.2727     0.2425      1.362     0.4632     0.8756     0.4716     0.3673     0.8787     0.5708     0.5827     0.8748      1.063      1.851      1.940      2.044      2.015      1.336      1.616      1.339      1.449      1.479      1.290      1.570      1.317    
      36 0.9220     0.6368     -.3899E-16 -.3899E-16 -.2169      1.229     0.2926     0.3359     0.9711     0.6228     0.3730     0.8478     0.5532     0.5712     0.9127      1.129      2.051      1.863      1.948      2.061      1.306      1.548      1.332      1.414      1.522      1.272      1.580      1.321    
      37 0.9645     0.6792     -.4159E-16 -.4159E-16 -.1629      1.098     0.3745     0.2332     0.9860     0.7280     0.3831     0.8678     0.5674     0.5457     0.9461      1.184      2.052      1.889      1.969      2.085      1.279      1.453      1.381      1.338      1.575      1.254      1.593      1.319    
      38  1.007     0.7217     -.4419E-16 -.4419E-16 -.1082     0.9680     0.4772     0.1483     0.8766     0.7686     0.3950     0.5714     0.5716     0.9916     0.9704      1.224      2.044      1.925      1.996      2.089      1.258      1.357      1.357      1.355      1.622      1.237      1.609      1.309    
      39  1.049     0.7642     -.4679E-16 -.4679E-16 -.5118E-01 0.8401     0.5924     0.7511E-01 0.7054     0.4060     0.5683     0.5854     0.8111      1.162     0.9826      1.245      2.026      1.963      2.026      2.077      1.248      1.288      1.349      1.373      1.645      1.227      1.628      1.289    
      40  1.092     0.8066     -.4939E-16 -.4939E-16 0.1488E-02 0.1749E-01 0.6989     0.7299     0.6056     0.6322     0.4159     0.4183     0.9785     0.9762      1.228      1.243      1.998      1.999      2.055      2.055      1.257      1.253      1.361      1.360      1.265      1.246      1.643      1.644    
      41  1.092     0.8066     -.4939E-16 -.4939E-16 0.1488E-02 0.1749E-01 0.6989     0.7299     0.6055     0.6324     0.4159     0.4183     0.9785     0.9762      1.224      1.248      1.998      1.999      2.055      2.055      1.257      1.253      1.361      1.360      1.265      1.246      1.643      1.644    
      42  1.107     0.8066     -.4939E-16 0.1501E-01 0.2956E-02 0.1892E-01 0.7207     0.7061     0.6136     0.6238     0.4166     0.4188     0.9786     0.9764      1.233      1.237      1.998      1.999      2.055      2.054      1.257      1.253      1.360      1.359      1.257      1.257      1.642      1.643    
      43  1.122     0.8066     -.4939E-16 0.3003E-01 0.7348E-02 0.2319E-01 0.7199     0.7009     0.6175     0.6184     0.4188     0.4206     0.9792     0.9769      1.232      1.235      1.998      1.999      2.055      2.054      1.258      1.254      1.356      1.355      1.261      1.263      1.639      1.640    
      44  1.137     0.8066     -.4939E-16 0.4504E-01 0.1462E-01 0.3025E-01 0.7152     0.6957     0.6175     0.6161     0.4223     0.4235     0.9801     0.9778      1.230      1.233      1.999      2.000      2.055      2.053      1.259      1.256      1.351      1.350      1.635      1.633      1.268      1.273    
      45  1.152     0.8066     -.4939E-16 0.6005E-01 0.2468E-01 0.4003E-01 0.7081     0.6889     0.6162     0.6141     0.4270     0.4274     0.9815     0.9792      1.227      1.229      2.000      2.001      2.055      2.053      1.260      1.258      1.345      1.344      1.629      1.630      1.278      1.279    
      46  1.167     0.8066     -.4939E-16 0.7507E-01 0.3744E-01 0.5240E-01 0.6989     0.6803     0.6143     0.6118     0.4328     0.4324     0.9834     0.9811      1.222      1.225      2.002      2.003      2.054      2.053      1.262      1.260      1.338      1.337      1.622      1.623      1.288      1.289    
      47  1.182     0.8066     -.4939E-16 0.9008E-01 0.5275E-01 0.6725E-01 0.6878     0.6699     0.6120     0.6091     0.4395     0.4383     0.9859     0.9836      1.217      1.220      2.004      2.005      2.053      2.052      1.264      1.263      1.331      1.330      1.614      1.615      1.300      1.300    
      48  1.197     0.8066     -.4939E-16 0.1051     0.7046E-01 0.8441E-01 0.6746     0.6577     0.6092     0.6061     0.4469     0.4449     0.9890     0.9868      1.211      1.214      2.006      2.007      2.053      2.052      1.266      1.266      1.325      1.324      1.605      1.606      1.311      1.311    
      49  1.212     0.8066     -.4939E-16 0.1201     0.9040E-01 0.1037     0.6596     0.6437     0.6059     0.6026     0.4550     0.4522     0.9929     0.9907      1.204      1.207      2.008      2.009      2.052      2.051      1.269      1.268      1.319      1.318      1.595      1.596      1.323      1.323    
      50  1.227     0.8066     -.4939E-16 0.1351     0.1123     0.1249     0.6427     0.6280     0.6023     0.5987     0.4635     0.4601     0.9976     0.9955      1.197      1.199      2.011      2.011      2.051      2.050      1.271      1.271      1.314      1.313      1.584      1.585      1.335      1.334    
      51  1.242     0.8066     -.4939E-16 0.1501     0.1361     0.1479     0.6240     0.6106     0.5983     0.5945     0.4722     0.4682      1.003      1.001      1.188      1.190      2.013      2.014      2.050      2.050      1.273      1.273      1.309      1.308      1.572      1.573      1.347      1.346    
      52  1.257     0.8066     -.4939E-16 0.1651     0.1615     0.1723     0.6037     0.5917     0.5940     0.5899     0.4811     0.4767      1.010      1.008      1.179      1.181      2.016      2.017      2.049      2.049      1.275      1.276      1.305      1.304      1.560      1.561      1.359      1.358    
      53  1.272     0.8066     -.4939E-16 0.1802     0.1882     0.1980     0.5818     0.5712     0.5893     0.5849     0.4901     0.4852      1.017      1.015      1.169      1.171      2.018      2.019      2.047      2.048      1.277      1.277      1.302      1.301      1.548      1.549      1.371      1.371    
      54  1.287     0.8066     -.4939E-16 0.1952     0.2161     0.2248     0.5584     0.5494     0.5843     0.5797     0.4989     0.4937      1.025      1.024      1.159      1.160      2.021      2.022      2.046      2.047      1.279      1.279      1.299      1.298      1.536      1.536      1.383      1.383    
      55  1.302     0.8066     -.4939E-16 0.2102     0.2448     0.2524     0.5336     0.5261     0.5789     0.5741     0.5076     0.5022      1.034      1.033      1.148      1.149      2.024      2.025      2.044      2.045      1.280      1.281      1.296      1.295      1.523      1.524      1.396      1.395    
      56  1.317     0.8066     -.4939E-16 0.2252     0.2742     0.2806     0.5075     0.5017     0.5732     0.5682     0.5161     0.5105      1.044      1.043      1.136      1.137      2.026      2.027      2.043      2.044      1.282      1.282      1.294      1.293      1.510      1.511      1.408      1.408    
      57  1.332     0.8066     -.4939E-16 0.2402     0.3041     0.3091     0.4804     0.4762     0.5672     0.5620     0.5243     0.5187      1.055      1.053      1.125      1.125      2.029      2.030      2.041      2.042      1.283      1.283      1.292      1.291      1.497      1.498      1.421      1.420    
      58  1.347     0.8066     -.4939E-16 0.2552     0.3341     0.3378     0.4523     0.4498     0.5609     0.5555     0.5323     0.5265      1.066      1.065      1.113      1.113      2.031      2.032      2.040      2.040      1.284      1.284      1.290      1.289      1.484      1.485      1.433      1.433    
      59  1.362     0.8066     -.4939E-16 0.2702     0.3642     0.3664     0.4235     0.4225     0.5542     0.5488     0.5399     0.5341      1.077      1.076      1.101      1.101      2.034      2.034      2.038      2.039      1.286      1.286      1.288      1.288      1.471      1.472      1.446      1.446    
      60  1.377     0.8066     -.4939E-16 0.2853     0.3788     0.4310     0.3796     0.3881     0.5443     0.5527     0.5433     0.5374      1.086      1.101      1.080      1.087      2.036      2.035      2.037      2.036      1.288      1.283      1.289      1.287      1.459      1.460      1.457      1.459    
      61  1.377     0.8066     -.4939E-16 0.2853     0.3788     0.4310     0.3795     0.3881     0.5443     0.5527     0.5433     0.5374      1.086      1.101      1.080      1.087      2.036      2.035      2.037      2.036      1.288      1.283      1.289      1.287      1.459      1.460      1.457      1.459    
      62  1.422     0.7642     -.4679E-16 0.2702     0.4316     0.4959     0.3070     0.3563     0.6045     0.5530     0.5871     0.5627     0.9885      1.018      1.084      1.104      2.048      2.051      2.012      2.018      1.295      1.296      1.283      1.288      1.491      1.463      1.456      1.433    
      63  1.467     0.7217     -.4419E-16 0.2552     0.4569     0.6169     0.3152     0.2447     0.8300     0.8183     0.5160     0.5594     0.7374     0.7996      1.055      1.096      2.045      2.045      1.989      2.006      1.316      1.311      1.283      1.296      1.467      1.529      1.454      1.412    
      64  1.512     0.6792     -.4159E-16 0.2402     0.4722     0.7510     0.2768     0.2137     0.9007     0.8307     0.5126     0.5905     0.6510     0.6921      1.013      1.070      2.018      2.009      1.976      2.011      1.350      1.332      1.293      1.313      1.467      1.563      1.452      1.396    
      65  1.557     0.6368     -.3899E-16 0.2252     0.4767     0.8951     0.2517     0.2202     0.8615     0.7380     0.5195     0.6706     0.6331     0.6324     0.9612      1.030      1.966      1.954      1.982      2.024      1.391      1.357      1.352      1.504      1.301      1.552      1.450      1.381    
      66  1.602     0.5943     -.3639E-16 0.2102     0.4691      1.045     0.2526     0.2719     0.7642     0.5894     0.5526     0.7737     0.6122     0.5891     0.9056     0.9792      1.916      1.918      1.990      2.010      1.429      1.383      1.441      1.512      1.510      1.322      1.447      1.366    
      67  1.647     0.5519     -.3379E-16 0.1952     0.4477      1.193     0.2949     0.3738     0.6174     0.3947     0.8589     0.6470     0.5397     0.5868     0.8524     0.9226      1.895      1.917      1.981      1.958      1.457      1.408      1.505      1.529      1.489      1.337      1.443      1.349    
      68  1.692     0.5094     -.3119E-16 0.1802     0.4104      1.321     0.3986     0.5234     0.4287     0.1653     0.9321     0.7248     0.4855     0.6085     0.8065     0.8665      1.904      1.940      1.966      1.881      1.443      1.468      1.542      1.538      1.484      1.354      1.434      1.328    
      69  1.737     0.4670     -.2859E-16 0.1651     0.3542      1.375     0.6042     0.7082     0.2267     -.7150E-01 0.9811     0.7338     0.4889     0.6441     0.7688     0.8159      1.929      1.979      1.965      1.781      1.508      1.463      1.553      1.526      1.398      1.459      1.418      1.303    
      70  1.782     0.4245     -.2599E-16 0.1501     0.2766      1.247     0.9974     0.9120     0.1346     -.2215     0.6383     0.9006     0.5110     0.6906     0.7344     0.7726      2.027      1.967      1.995      1.615      1.655      1.443      1.535      1.494      1.390      1.483      1.394      1.276    
      71  1.827     0.3821     -.2340E-16 0.1351     0.1760     0.9740      1.517      1.125     0.4278     0.1867     -.9796E-02 0.4292     0.5436     0.7474     0.6954     0.7344      2.081      2.017      2.058      1.364      1.911      1.409      1.493      1.422      1.420      1.479      1.361      1.248    
      72  1.872     0.3396     -.2080E-16 0.1201     0.5264E-01 0.7979      1.893      1.356     0.5108     0.6871     -.5633     -.1140E-01 0.5841     0.8159     0.6454     0.6956      2.140      2.077      2.114      1.546      1.783      1.381      1.434      1.333      1.442      1.460      1.322      1.221    
      73  1.917     0.2972     -.1820E-16 0.1051     -.9018E-01 0.7235      1.679      2.048     0.5183     0.7448     -.8016     -.2574     0.6261     0.9021     0.5845     0.6453      2.202      2.146      1.814      2.010      1.717      1.383      1.362      1.294      1.409      1.425      1.281      1.197    
      74  1.962     0.2547     -.1560E-16 0.9008E-01 -.2438     0.6888      1.902      2.214     0.4112     0.7413     -.9575     -.4162     0.6524     0.5279      1.004     0.5783      2.264      2.219      1.752      2.218      1.647      1.380      1.306      1.281      1.369      1.377      1.239      1.177    
      75  2.008     0.2123     -.1300E-16 0.7507E-01 -.3866     0.6705      2.153     0.3500      1.240      1.622     -1.075     -.5297     0.6313     0.5023     0.9464     0.6663      2.324      2.293      1.841      2.270      1.591      1.339      1.295      1.263      1.329      1.320      1.195      1.161    
      76  2.053     0.1698     -.1040E-16 0.6005E-01 -.4636     0.6718      1.506      1.178     0.2778      2.322     -1.167     -.5792     0.5052     0.5547     0.7844     0.8185      2.378      2.359      1.934      2.308      1.555      1.288      1.302      1.242      1.290      1.267      1.147      1.149    
      77  2.098     0.1274     -.7798E-17 0.4504E-01 -.3300     0.7312      1.024     -.2598      1.797      2.421     -1.238     0.3999     -.6743     0.7117     0.5901     0.9027      2.423      2.413      2.014      2.340      1.535      1.245      1.309      1.230      1.248      1.224      1.099      1.140    
      78  2.143     0.8491E-01 -.5199E-17 0.3003E-01 0.4404      1.028     0.5721     -.9273      2.188      2.495     -1.290     0.2566     0.5060     -.6256     0.6549     0.9537      2.455      2.150      2.377      2.366      1.526      1.212      1.314      1.232      1.204      1.196      1.059      1.134    
      79  2.188     0.4245E-01 -.2599E-17 0.1501E-01  3.096      3.038     -1.165     -1.596      2.439      2.604     -1.322     0.1511     0.4637     -.7534     0.6999     0.9828      2.475      2.114      2.476      2.384      1.523      1.192      1.317      1.222      1.188      1.180      1.030      1.131    
      80  2.233     0.4245E-09 -.2599E-25 0.1501E-09  197.1     -125.8      9.253     -1.902      2.531      2.678     -1.332     0.1122     0.3806     -.7654     0.7156     0.9924      2.482      2.127      2.484      2.390      1.522      1.185      1.318      1.217      1.184      1.175      1.015      1.136    
      81  2.233      0.000      0.000      0.000      197.1     -125.8      9.252     -1.902      2.531      2.678     -1.332     0.1122     0.3806     -.7171     0.6121     0.9924      2.482      2.127      2.484      2.390      1.523      1.455      1.199      1.318      1.217      1.149      1.136     0.9513    
      82  2.273      0.000     0.3699E-01 0.1501E-01  6.562     -8.345      4.418     -1.789      2.553      2.639     -1.323     0.1284     0.3804     -.6485     0.5961     0.9925      2.478      2.127      2.480      2.372      1.671      1.531      1.166      1.313      1.216      1.143      1.131     0.9231    
      83  2.313      0.000     0.7397E-01 0.3003E-01  2.953     -.8198      2.268     -1.484      2.615      2.544     -1.296     0.1747     0.3810     -.7107     0.7714     0.9937      2.468      2.130      2.466      2.324      1.680      1.564      1.175      1.297      1.217      1.146      1.113     0.9422    
      84  2.352      0.000     0.1110     0.4504E-01  1.831     0.5045      1.835     -1.068      2.709      2.431     -1.252     0.2459     0.3856     -.6967     0.8975     0.9975      2.445      2.139      2.444      1.694      2.255      1.605      1.191      1.250      1.241      1.148      1.066     0.9923    
      85  2.392      0.000     0.1479     0.6005E-01  1.402     0.9842      1.663     -.6236      2.823      2.327     -1.193     0.3347     0.3972     -.6428     0.9836      1.006      2.399      2.167      2.416      1.715      2.178      1.644      1.213      1.214      1.251      1.148      1.005      1.056    
      86  2.432      0.000     0.1849     0.7507E-01  1.227      1.225      1.552     -.2082      2.946      2.245     -1.123     0.4338     0.4185     -.5728      1.042      1.020      2.301      2.240      2.384      1.741      2.098      1.671      1.242      1.217      1.221      1.143     0.9859      1.078    
      87  2.472      0.000     0.2219     0.9008E-01  1.166      1.371      1.429      3.077     0.1502      2.197     -1.046     0.5362     0.4512     -.4917      1.073      1.046      2.201      2.307      2.348      1.774      2.022      1.681      1.281      1.224      1.188      1.133     0.9874      1.079    
      88  2.512      0.000     0.2589     0.1051      1.162      1.468      1.210      3.260     0.4449      2.195     -.9600     0.6347     0.4967     -.4006      1.057      1.102      2.155      2.316      2.304      1.820      1.949      1.667      1.335      1.233      1.155      1.117     0.9938      1.072    
      89  2.552      0.000     0.2959     0.1201      1.191     0.9576      1.534      3.400     0.6800      2.251     0.7204     -.8635     0.5594     -.3014     0.9334      1.251      2.133      2.289      2.179      1.958      1.882      1.627      1.405      1.246      1.123      1.098     0.9988      1.064    
      90  2.592      0.000     0.3329     0.1351      1.241      1.631      1.575      2.550     0.8645      2.346     0.7738     0.6547     -.7503     -.1987     0.9542      1.242      2.120      2.236      1.960      2.209      1.820      1.578      1.473      1.263      1.093      1.077      1.000      1.054    
      91  2.632      0.000     0.3699     0.1501      1.306      1.770      2.234      1.592      2.409      1.008     0.7250     0.8500     -.6143     -.9786E-01 0.9860      1.208      2.112      2.163      2.017      2.202      1.763      1.548      1.514      1.285      1.063      1.055     0.9977      1.043    
      92  2.672      0.000     0.4069     0.1651      1.386      1.704      2.192      1.583      2.369      1.122     0.6166      1.102     -.4547     -.8299E-03  1.000      1.179      2.107      2.105      2.079      2.177      1.714      1.539      1.525      1.311      1.035      1.034     0.9925      1.031    
      93  2.712      0.000     0.4438     0.1802      1.484      1.607      2.223      2.255      1.541      1.218     0.6856      1.175     -.2784     0.9516E-01  1.003      1.148      2.104      2.082      2.106      2.153      1.674      1.543      1.514      1.340      1.009      1.012     0.9860      1.019    
      94  2.752      0.000     0.4808     0.1952      1.606      1.512      2.222      2.138      1.452      1.315     0.7797      1.223     -.9661E-01 0.1937     0.9974      1.111      2.104      2.082      2.109      2.131      1.642      1.553      1.493      1.369     0.9860     0.9914     0.9793      1.007    
      95  2.792      0.000     0.5178     0.2102      1.751      1.429      2.172      2.038      1.299      1.430     0.8811      1.270     0.8070E-01 0.2955     0.9822      1.069      2.106      2.090      2.102      2.112      1.621      1.564      1.469      1.394     0.9658     0.9719     0.9733     0.9944    
      96  2.831      0.000     0.5548     0.2252      1.865      1.412      2.082      1.949      1.165      1.480     0.9950      1.318     0.2467     0.3985     0.9571      1.021      2.110      2.101      2.092      2.096      1.607      1.574      1.447      1.412     0.9488     0.9547     0.9683     0.9827    
      97  2.871      0.000     0.5918     0.2402      1.873      1.541      1.965      1.865      1.112      1.394      1.131      1.374     0.3976     0.4996     0.9212     0.9651      2.115      2.111      2.081      2.083      1.600      1.583      1.433      1.421     0.9353     0.9403     0.9646     0.9724    
      98  2.911      0.000     0.6288     0.2552      1.863      1.722      1.831      1.779      1.053      1.227      1.308      1.456     0.5320     0.5962     0.8737     0.9004      2.120      2.119      2.072      2.073      1.597      1.589      1.426      1.423     0.9255     0.9294     0.9620     0.9642    
      99  2.951      0.000     0.6658     0.2702      1.893      1.880      1.702      1.691     0.9001     0.9500      1.586      1.625     0.6516     0.6887     0.8117     0.8233      2.125      2.125      2.066      2.067      1.596      1.593      1.423      1.422     0.9198     0.9225     0.9605     0.9590    
     100  2.991      0.000     0.7028     0.2853      1.946      1.930      1.632      1.649     0.6042     0.6042      1.929      1.929     0.7964     0.7868     0.7045     0.7121      2.127      2.127      2.064      2.064      1.596      1.594      1.422      1.422     0.9208     0.9173     0.9587     0.9585    
     101  2.991      0.000     0.7028     0.2853      1.946      1.930      1.632      1.649     0.6039     0.6045      1.927      1.931     0.7964     0.7868     0.7045     0.7121      2.127      2.126      2.064      2.064      1.596      1.594      1.422      1.422     0.9208     0.9173     0.9587     0.9585    
     102  3.006      0.000     0.7028     0.2702      1.948      1.930      1.628      1.645     0.6047     0.6049      1.929      1.928     0.7734     0.7645     0.7379     0.7255      2.127      2.127      2.064      2.063      1.596      1.594      1.422      1.422     0.9206     0.9171     0.9580     0.9595    
     103  3.021      0.000     0.7028     0.2552      1.952      1.934      1.617      1.634     0.6068     0.6068      1.927      1.926     0.7522     0.7450     0.7606     0.7480      2.127      2.128      2.063      2.063      1.595      1.594      1.423      1.422     0.9200     0.9165     0.9584     0.9599    
     104  3.036      0.000     0.7028     0.2402      1.957      1.940      1.598      1.615     0.6095     0.6103      1.923      1.923     0.7380     0.7328     0.7776     0.7650      2.129      2.128      2.062      2.062      1.595      1.593      1.424      1.423     0.9189     0.9155     0.9591     0.9606    
     105  3.051      0.000     0.7028     0.2252      1.965      1.948      1.573      1.590     0.6139     0.6142      1.919      1.918     0.7272     0.7239     0.7925     0.7799      2.130      2.130      2.060      2.061      1.594      1.592      1.425      1.425     0.9175     0.9142     0.9601     0.9615    
     106  3.066      0.000     0.7028     0.2102      1.975      1.958      1.543      1.559     0.6187     0.6192      1.914      1.913     0.7186     0.7171     0.8065     0.7939      2.132      2.132      2.059      2.059      1.592      1.591      1.427      1.426     0.9158     0.9126     0.9613     0.9626    
     107  3.081      0.000     0.7028     0.1952      1.985      1.968      1.508      1.523     0.6237     0.6248      1.908      1.907     0.7117     0.7117     0.8199     0.8074      2.134      2.134      2.057      2.057      1.591      1.590      1.429      1.428     0.9139     0.9108     0.9627     0.9638    
     108  3.096      0.000     0.7028     0.1802      1.995      1.980      1.470      1.485     0.6298     0.6301      1.902      1.901     0.7064     0.7074     0.8328     0.8205      2.137      2.137      2.055      2.054      1.590      1.589      1.431      1.430     0.9118     0.9088     0.9642     0.9653    
     109  3.111      0.000     0.7028     0.1651      2.006      1.991      1.430      1.444     0.6357     0.6356      1.896      1.894     0.7023     0.7042     0.8451     0.8330      2.139      2.139      2.052      2.052      1.588      1.587      1.433      1.432     0.9095     0.9068     0.9659     0.9668    
     110  3.126      0.000     0.7028     0.1501      2.017      2.002      1.388      1.402     0.6420     0.6404      1.890      1.888     0.6992     0.7019     0.8569     0.8449      2.142      2.142      2.050      2.050      1.587      1.586      1.435      1.434     0.9072     0.9047     0.9676     0.9684    
     111  3.141      0.000     0.7028     0.1351      2.026      2.012      1.347      1.360     0.6469     0.6461      1.884      1.882     0.6972     0.7003     0.8678     0.8562      2.144      2.144      2.048      2.048      1.585      1.585      1.436      1.436     0.9049     0.9027     0.9694     0.9701    
     112  3.156      0.000     0.7028     0.1201      2.035      2.022      1.308      1.320     0.6509     0.6518      1.878      1.877     0.6959     0.6993     0.8780     0.8665      2.147      2.147      2.045      2.045      1.584      1.584      1.438      1.438     0.9027     0.9007     0.9712     0.9717    
     113  3.171      0.000     0.7028     0.1051      2.043      2.030      1.270      1.282     0.6556     0.6559      1.873      1.872     0.6952     0.6988     0.8873     0.8759      2.149      2.149      2.043      2.043      1.583      1.583      1.439      1.439     0.9006     0.8989     0.9729     0.9733    
     114  3.186      0.000     0.7028     0.9008E-01  2.050      2.037      1.236      1.247     0.6595     0.6597      1.869      1.868     0.6950     0.6988     0.8955     0.8842      2.151      2.151      2.041      2.041      1.582      1.582      1.441      1.440     0.8986     0.8973     0.9745     0.9747    
     115  3.201      0.000     0.7028     0.7507E-01  2.056      2.044      1.206      1.215     0.6624     0.6634      1.865      1.864     0.6951     0.6989     0.9028     0.8913      2.153      2.153      2.040      2.040      1.581      1.581      1.442      1.441     0.8969     0.8959     0.9759     0.9761    
     116  3.216      0.000     0.7028     0.6005E-01  2.060      2.049      1.181      1.188     0.6651     0.6660      1.862      1.861     0.6954     0.6992     0.9091     0.8969      2.155      2.155      2.038      2.038      1.581      1.581      1.442      1.442     0.8954     0.8947     0.9771     0.9772    
     117  3.231      0.000     0.7028     0.4504E-01  2.063      2.053      1.161      1.166     0.6672     0.6681      1.859      1.859     0.6958     0.6996     0.9144     0.9010      2.156      2.156      2.037      2.037      1.580      1.580      1.443      1.443     0.8942     0.8938     0.9781     0.9781    
     118  3.246      0.000     0.7028     0.3003E-01  2.066      2.056      1.147      1.150     0.6688     0.6695      1.858      1.857     0.6961     0.6999     0.9191     0.9031      2.157      2.157      2.036      2.036      1.580      1.580      1.443      1.443     0.8933     0.8932     0.9789     0.9788    
     119  3.261      0.000     0.7028     0.1501E-01  2.067      2.058      1.139      1.139     0.6697     0.6704      1.857      1.856     0.6964     0.7001     0.9240     0.9023      2.157      2.158      2.036      2.035      1.580      1.580      1.444      1.444     0.8927     0.8928     0.9793     0.9792    
     120  3.276      0.000     0.7028     0.1501E-09  2.067      2.059      1.136      1.136     0.6644     0.6762      1.857      1.854     0.6965     0.7001     0.9296     0.8980      2.157      2.158      2.036      2.035      1.580      1.580      1.444      1.444     0.8925     0.8927     0.9795     0.9794    
     121  3.276      0.000     0.7028     -.4303E-16  2.067      2.059      1.136      1.136     0.6712     0.6694      1.852      1.859     0.6965     0.7001     0.9296     0.8980      2.158      2.157      2.035      2.036      1.580      1.580      1.444      1.444     0.8925     0.8927     0.9795     0.9794    
     122  3.313      0.000     0.6658     -.4077E-16  2.079      2.070     0.9406      1.321     0.6927      1.905     0.6478      1.801     0.5888     0.7871     0.8373     0.9834      2.154      2.163      2.028      2.043      1.596      1.562      1.423      1.466     0.8948     0.8954     0.9745     0.9853    
     123  3.350      0.000     0.6288     -.3850E-16  2.135      2.095     0.7199      1.502     0.7169      1.946     0.6250      1.741     0.4578     0.8571     0.7537      1.046      2.150      2.168      2.020      2.053      1.612      1.543      1.495      1.398     0.9022     0.9031     0.9711     0.9920    
     124  3.387      0.000     0.5918     -.3624E-16  2.265     0.4367      2.129      1.684     0.7572      1.961     0.6014      1.676     0.3056     0.6632     0.9102      1.103      2.147      2.176      2.010      2.064      1.629      1.521      1.533      1.365     0.9145     0.9149     0.9693     0.9991    
     125  3.424      0.000     0.5548     -.3397E-16  1.883     0.6762      2.164      1.870     0.8874      1.874     0.5762      1.607     0.1343     0.5666     0.9488      1.153      2.145      2.185      1.997      2.079      1.649      1.497      1.564      1.342     0.9316     0.9304     0.9695      1.007    
     126  3.461      0.000     0.5178     -.3171E-16 0.9272      1.501      2.186      2.065      1.233      1.554     0.5479      1.532     -.5135E-01 0.4656     0.9749      1.197      2.145      2.197      1.980      2.097      1.671      1.472      1.594      1.321     0.9528     0.9488     0.9715      1.014    
     127  3.498      0.000     0.4808     -.2944E-16 0.5981      1.711      2.178      2.275      1.543      1.247     0.5144      1.455     -.2435     0.3615     0.9902      1.235      2.145      2.212      1.959      2.118      1.698      1.444      1.620      1.303     0.9777     0.9695     0.9747      1.022    
     128  3.535      0.000     0.4438     -.2718E-16 0.4026      2.116      1.804      2.505      1.682      1.084     0.4743      1.374     -.4314     0.2547     0.9963      1.267      2.146      2.230      1.933      2.144      1.731      1.415      1.644      1.287      1.005     0.9919     0.9785      1.030    
     129  3.572      0.000     0.4069     -.2491E-16 0.2550      1.991      1.857      2.765      1.733     0.9746     0.4636      1.255     -.6028     0.1429     0.9934      1.293      2.148      2.251      1.904      2.173      1.770      1.385      1.664      1.272      1.036      1.015     0.9826      1.039    
     130  3.609      0.000     0.3699     -.2265E-16 0.1366      1.792      1.740      1.904      3.047     0.8685     0.7020     0.8777     -.7476     0.2242E-01 0.9800      1.317      2.150      2.275      1.872      2.206      1.816      1.356      1.679      1.259      1.067      1.036     0.9874      1.047    
     131  3.646      0.000     0.3329     -.2038E-16 0.4296E-01  1.584      1.718      3.288      1.951     0.7409     0.8012     0.6330     -.8627     -.1068     0.9505      1.343      2.150      2.302      1.840      2.241      1.869      1.327      1.687      1.248      1.100      1.056     0.9907      1.056    
     132  3.683      0.000     0.2959     -.1812E-16 -.2374E-01  1.471      1.674      3.389     0.5763      2.004     0.7465     -.9543     0.5382     -.2383     0.9472      1.330      2.150      2.330      2.278      1.808      1.928      1.685      1.302      1.238      1.133      1.076     0.9897      1.065    
     133  3.720      0.000     0.2589     -.1585E-16 -.5658E-01  1.474      1.606      3.338     0.3625      2.064     -1.032     0.6513     0.4837     -.3632      1.101      1.145      2.148      2.359      2.316      1.778      1.993      1.683      1.271      1.230      1.166      1.096     0.9845      1.073    
     134  3.757      0.000     0.2219     -.1359E-16 -.4124E-01  1.538      1.507      3.204     0.8914E-01  2.134     -1.101     0.5440     0.4455     -.4754      1.128      1.073      2.145      2.387      2.353      1.750      2.063      1.669      1.246      1.224      1.199      1.113     0.9783      1.079    
     135  3.794      0.000     0.1849     -.1132E-16 0.5115E-01  1.629      1.359     -.2491      3.042      2.217     -1.165     0.4356     0.4179     -.5720      1.097      1.041      2.141      2.414      2.388      1.726      2.135      1.647      1.223      1.219      1.230      1.126     0.9780      1.077    
     136  3.831      0.000     0.1479     -.9059E-17 0.2839      1.754      1.111     -.6470      2.881      2.314     -1.221     0.3335     0.3990     -.6519      1.035      1.022      2.437      2.137      2.420      1.705      2.208      1.618      1.203      1.216      1.258      1.135     0.9992      1.053    
     137  3.868      0.000     0.1110     -.6794E-17 0.8144      1.971     0.6099     -1.079      2.738      2.425     -1.268     0.2439     0.3878     -.7147     0.9502      1.009      2.456      2.133      2.447      1.689      2.277      1.585      1.186      1.283      1.215      1.140      1.055     0.9955    
     138  3.905      0.000     0.7397E-01 -.4530E-17  2.091     -.7893      2.536     -1.487      2.626      2.541     -1.303     0.1734     0.3825     -.7600     0.8518     0.9995      2.470      2.129      2.467      2.335      1.677      1.552      1.173      1.302      1.215      1.141      1.105     0.9436    
     139  3.942      0.000     0.3699E-01 -.2265E-17 -8.805      5.556      5.339     -1.790      2.555      2.638     -1.325     0.1280     0.3808     -.7873     0.7649     0.9942      2.479      2.127      2.479      2.376      1.670      1.528      1.165      1.314      1.216      1.141      1.129     0.9193    
     140  3.979      0.000     0.3699E-09 -.2265E-25  197.1     -125.8      9.253     -1.902      2.531      2.678     -1.332     0.1122     0.3806     -.7965     0.7286     0.9924      2.482      2.127      2.484      2.390      1.668      1.518      1.163      1.318      1.217      1.140      1.136     0.9126    
     141  3.979      0.000      0.000      0.000      197.1     -125.8      9.252     -1.902      2.531      2.678     -1.332     0.1122     0.3806     -.7171     0.6121     0.9924      2.482      2.127      2.484      2.390      1.523      1.455      1.199      1.318      1.217      1.149      1.136     0.9513    
     142  4.037     0.4245E-01 0.3699E-01 0.1501E-01 -.7171      2.491     0.5065     -1.443      2.409      2.576     -1.314     0.1608     0.4558     -.7327     0.7216     0.9837      2.472      2.115      2.471      2.369      1.531      1.333      1.264      1.312      1.222      1.147      1.113     0.9897    
     143  4.096     0.8491E-01 0.7397E-01 0.3003E-01 -.6372     0.2560      1.239     -.8072E-01  1.597      2.431     -1.261     0.2694     0.5291     -.6719     0.7986     0.9594      2.445      2.092      2.426      2.312      1.550      1.394      1.265      1.294      1.238      1.158      1.013      1.116    
     144  4.154     0.1274     0.1110     0.4504E-01 -.5565     -.1234      1.583     0.4619      1.286      2.318     -1.177     0.3842     -.5716     0.5717     0.8637     0.9211      2.404      2.210      2.206      2.234      1.565      1.491      1.275      1.267      1.266      1.172      1.043      1.125    
     145  4.212     0.1698     0.1479     0.6005E-01 -.4789     -.8483E-01  1.199     0.9714      1.760      1.823     -1.059     -.4424     0.4476     0.6407     0.9233     0.8608      2.355      2.249      2.049      2.148      1.502      1.678      1.303      1.272      1.263      1.184      1.089      1.127    
     146  4.270     0.2123     0.1849     0.7507E-01 -.4100     0.5095E-01  1.004      2.155     0.9085      1.439     -.8653     -.2859     0.5497     0.6736      1.026     0.7337      2.305      2.190      1.993      2.057      1.505      1.801      1.346      1.313      1.226      1.199      1.132      1.130    
     147  4.329     0.2547     0.2219     0.9008E-01 -.3477     0.1908     0.8067      2.063     0.6757      1.215     -.4461     0.3245E-01 0.6055     0.6835     0.9046     0.8097      2.261      2.119      1.970      1.952      1.672      1.752      1.411      1.351      1.199      1.221      1.162      1.135    
     148  4.387     0.2972     0.2589     0.1051     -.2914     0.2991     0.6262      1.929     0.6622     0.2541     0.2941     0.4908     0.6370     0.6826     0.8245     0.8204      2.226      2.051      1.978      1.856      1.799      1.691      1.506      1.387      1.186      1.247      1.186      1.143    
     149  4.445     0.3396     0.2959     0.1201     -.2432     0.3515     0.4987      1.780     0.1813     -.5664E-01 0.8559     0.8750     0.6550     0.7060     0.7260     0.7858      2.202      1.992      2.013      1.852      1.835      1.674      1.543      1.422      1.193      1.272      1.212      1.153    
     150  4.504     0.3821     0.3329     0.1351     -.2065     0.3210     0.4639      1.626     -.2151     -.3478E-01  1.044     0.8103     0.9095     0.8096     0.6368     0.7075      2.183      1.953      2.062      1.907      1.820      1.691      1.534      1.458      1.218      1.297      1.247      1.167    
     151  4.562     0.4245     0.3699     0.1501     -.1855     0.2215     0.5181      1.464     -.3161     -.1131     0.8460     0.7444     0.9833      1.091     0.6767     0.5703      2.154      1.972      2.088      1.988      1.796      1.717      1.517      1.491      1.259      1.329      1.288      1.186    
     152  4.620     0.4670     0.4069     0.1651     -.1873     0.1779     0.5428      1.291     -.3480     -.1870     0.6314     0.7343      1.108     0.8874     0.8140     0.5259      2.027      2.120      2.082      2.094      1.780      1.743      1.511      1.521      1.314      1.368      1.334      1.213    
     153  4.678     0.5094     0.4438     0.1802     -.2261     0.2486     0.4847      1.107     -.3709     -.2421     0.4971     0.6312     0.8215     0.9546     0.8284     0.5923      2.050      2.127      2.154      2.120      1.783      1.765      1.528      1.551      1.377      1.414      1.372      1.261    
     154  4.737     0.5519     0.4808     0.1952     -.2184     0.2991     0.3855     0.9181     -.3992     -.2827     0.3409     0.4789     0.6887     0.8909     0.7960     0.6021      2.105      2.129      2.206      2.129      1.809      1.788      1.574      1.592      1.435      1.467      1.368      1.364    
     155  4.795     0.5943     0.5178     0.2102     -.4900E-01 0.1771     0.6021     0.4114     -.4375     -.3158     0.1510     0.2898     0.6201     0.7811     0.7305     0.5583      2.155      2.152      2.217      2.141      1.854      1.817      1.652      1.654      1.484      1.519      1.387      1.451    
     156  4.853     0.6368     0.5548     0.2252     0.4566E-01 0.1118     0.5200     0.2276     -.4859     -.3531     -.6277E-01 0.7488E-01 0.5602     0.6770     0.6166     0.4970      2.195      2.175      2.219      2.155      1.905      1.859      1.754      1.740      1.523      1.562      1.434      1.503    
     157  4.911     0.6792     0.5918     0.2402     0.8341E-01 0.9216E-01 0.3473     0.1778     -.5384     -.4076     -.2741     -.1481     0.4992     0.5688     0.4906     0.4328      2.223      2.196      2.227      2.180      1.950      1.917      1.857      1.844      1.552      1.591      1.482      1.537    
     158  4.970     0.7217     0.6288     0.2552     0.9607E-01 0.9279E-01 0.2181     0.1461     -.5837     -.4849     -.4460     -.3526     0.4361     0.4620     0.3912     0.3730      2.242      2.214      2.248      2.216      1.988      1.976      1.941      1.940      1.570      1.598      1.523      1.556    
     159  5.028     0.7642     0.6658     0.2702     0.1011     0.1032     0.1415     0.1275     -.6071     -.5990     -.5161     -.5091     0.3780     0.3761     0.3403     0.3325      2.253      2.232      2.270      2.248      2.019      2.019      2.001      2.004      1.577      1.586      1.555      1.565    
     160  5.086     0.8066     0.7028     0.2853     0.1171     0.1063     0.1086     0.1189     -.5911     -.5962     -.5923     -.5877     0.3393     0.3405     0.3278     0.3334      2.257      2.261      2.261      2.258      2.029      2.029      2.028      2.029      1.572      1.573      1.572      1.571    
