 0.3500E-01          1  0.000      0.000      0.000      0.000      0.000      0.000      0.000      0.000      0.000      0.000      0.000      0.000      0.000      0.000      0.000      0.000      0.000      0.000      0.000      0.000      0.000      0.000      0.000      0.000      0.000      0.000    
  1.206              2 0.4010E-05 0.3437E-05  0.000      0.000      0.000      0.000      0.000      0.000      0.000      0.000      0.000      0.000      0.000      0.000      0.000      0.000      0.000      0.000      0.000      0.000      0.000      0.000      0.000      0.000      0.000     0.3437E-05
  2.376              3 0.5104E-04 0.4031E-04  0.000      0.000      0.000      0.000      0.000      0.000      0.000      0.000      0.000      0.000      0.000      0.000      0.000      0.000      0.000      0.000      0.000      0.000      0.000      0.000      0.000      0.000     0.7419E-05 0.3289E-04
  3.547              4 0.1963E-03 0.1245E-03  0.000      0.000      0.000      0.000      0.000      0.000      0.000      0.000      0.000      0.000      0.000      0.000      0.000      0.000      0.000      0.000      0.000      0.000      0.000      0.000      0.000      0.000     0.3200E-04 0.9248E-04
  4.717              5 0.4971E-03 0.2579E-03  0.000      0.000      0.000      0.000      0.000      0.000      0.000      0.000      0.000      0.000      0.000      0.000      0.000      0.000      0.000      0.000      0.000      0.000      0.000      0.000      0.000     0.1888E-05 0.7378E-04 0.1822E-03
  5.888              6 0.1017E-02 0.4460E-03  0.000      0.000      0.000      0.000      0.000      0.000      0.000      0.000      0.000      0.000      0.000      0.000      0.000      0.000      0.000      0.000      0.000      0.000      0.000      0.000      0.000     0.1122E-04 0.1328E-03 0.3020E-03
  7.058              7 0.1822E-02 0.6893E-03  0.000      0.000      0.000      0.000      0.000      0.000      0.000      0.000      0.000      0.000      0.000      0.000      0.000      0.000      0.000      0.000      0.000      0.000      0.000      0.000      0.000     0.2837E-04 0.2089E-03 0.4520E-03
  8.229              8 0.2974E-02 0.9878E-03  0.000      0.000      0.000      0.000      0.000      0.000      0.000      0.000      0.000      0.000      0.000      0.000      0.000      0.000      0.000      0.000      0.000      0.000      0.000      0.000      0.000     0.5333E-04 0.3023E-03 0.6321E-03
  9.400              9 0.4539E-02 0.1341E-02  0.000      0.000      0.000      0.000      0.000      0.000      0.000      0.000      0.000      0.000      0.000      0.000      0.000      0.000      0.000      0.000      0.000      0.000      0.000      0.000      0.000     0.8609E-04 0.4129E-03 0.8423E-03
  10.57             10 0.6581E-02 0.1751E-02  0.000      0.000      0.000      0.000      0.000      0.000      0.000      0.000      0.000      0.000      0.000      0.000      0.000      0.000      0.000      0.000      0.000      0.000      0.000      0.000      0.000     0.1267E-03 0.5407E-03 0.1083E-02
  11.74             11 0.9311E-02 0.2339E-02  0.000      0.000      0.000      0.000      0.000      0.000      0.000      0.000      0.000      0.000      0.000      0.000      0.000      0.000      0.000      0.000      0.000      0.000      0.000      0.000      0.000     0.1751E-03 0.6860E-03 0.1478E-02
  12.91             12 0.1352E-01 0.3606E-02  0.000      0.000      0.000      0.000      0.000      0.000      0.000      0.000      0.000      0.000      0.000      0.000      0.000      0.000      0.000      0.000      0.000      0.000      0.000      0.000      0.000     0.2313E-03 0.8966E-03 0.2478E-02
  14.08             13 0.1935E-01 0.4999E-02  0.000      0.000      0.000      0.000      0.000      0.000      0.000      0.000      0.000      0.000      0.000      0.000      0.000      0.000      0.000      0.000      0.000      0.000      0.000      0.000      0.000     0.2953E-03 0.1208E-02 0.3495E-02
  15.25             14 0.2673E-01 0.6322E-02  0.000      0.000      0.000      0.000      0.000      0.000      0.000      0.000      0.000      0.000      0.000      0.000      0.000      0.000      0.000      0.000      0.000      0.000      0.000      0.000      0.000     0.3671E-03 0.1620E-02 0.4334E-02
  16.42             15 0.3571E-01 0.7702E-02  0.000      0.000      0.000      0.000      0.000      0.000      0.000      0.000      0.000      0.000      0.000      0.000      0.000      0.000      0.000      0.000      0.000      0.000      0.000      0.000      0.000     0.4467E-03 0.2133E-02 0.5122E-02
  17.59             16 0.4767E-01 0.1025E-01  0.000      0.000      0.000      0.000      0.000      0.000      0.000      0.000      0.000      0.000      0.000      0.000      0.000      0.000      0.000      0.000      0.000      0.000      0.000      0.000      0.000     0.5359E-03 0.3851E-02 0.5866E-02
  18.76             17 0.6126E-01 0.1165E-01  0.000      0.000      0.000      0.000      0.000      0.000      0.000      0.000      0.000      0.000      0.000      0.000      0.000      0.000      0.000      0.000      0.000      0.000      0.000      0.000      0.000     0.6630E-03 0.4308E-02 0.6675E-02
  19.93             18 0.7710E-01 0.1358E-01  0.000      0.000      0.000      0.000      0.000      0.000      0.000      0.000      0.000      0.000      0.000      0.000      0.000      0.000      0.000      0.000      0.000      0.000      0.000      0.000      0.000     0.8439E-03 0.4996E-02 0.7739E-02
  21.11             19 0.9559E-01 0.1584E-01  0.000      0.000      0.000      0.000      0.000      0.000      0.000      0.000      0.000      0.000      0.000      0.000      0.000      0.000      0.000      0.000      0.000      0.000      0.000      0.000      0.000     0.1209E-02 0.5868E-02 0.8768E-02
  22.28             20 0.1170     0.1836E-01  0.000      0.000      0.000      0.000      0.000      0.000      0.000      0.000      0.000      0.000      0.000      0.000      0.000      0.000      0.000      0.000      0.000      0.000      0.000      0.000     0.1046E-05 0.1808E-02 0.6836E-02 0.9714E-02
  23.45             21 0.1416     0.2107E-01  0.000      0.000      0.000      0.000      0.000      0.000      0.000      0.000      0.000      0.000      0.000      0.000      0.000      0.000      0.000      0.000      0.000      0.000      0.000      0.000     0.1204E-03 0.2518E-02 0.7926E-02 0.1051E-01
  24.62             22 0.1697     0.2409E-01  0.000      0.000      0.000      0.000      0.000      0.000      0.000      0.000      0.000      0.000      0.000      0.000      0.000      0.000      0.000      0.000      0.000      0.000      0.000      0.000     0.4378E-03 0.3272E-02 0.8714E-02 0.1166E-01
  25.79             23 0.2003     0.2624E-01  0.000      0.000      0.000      0.000      0.000      0.000      0.000      0.000      0.000      0.000      0.000      0.000      0.000      0.000      0.000      0.000      0.000      0.000      0.000      0.000     0.9478E-03 0.4068E-02 0.8936E-02 0.1229E-01
  26.96             24 0.2337     0.2862E-01  0.000      0.000      0.000      0.000      0.000      0.000      0.000      0.000      0.000      0.000      0.000      0.000      0.000      0.000      0.000      0.000      0.000      0.000      0.000      0.000     0.1583E-02 0.4866E-02 0.9410E-02 0.1276E-01
  28.13             25 0.2706     0.3164E-01  0.000      0.000      0.000      0.000      0.000      0.000      0.000      0.000      0.000      0.000      0.000      0.000      0.000      0.000      0.000      0.000      0.000      0.000      0.000      0.000     0.2406E-02 0.5720E-02 0.1027E-01 0.1324E-01
  29.30             26 0.3114     0.3495E-01  0.000      0.000      0.000      0.000      0.000      0.000      0.000      0.000      0.000      0.000      0.000      0.000      0.000      0.000      0.000      0.000      0.000      0.000      0.000      0.000     0.3250E-02 0.6471E-02 0.1142E-01 0.1381E-01
  30.47             27 0.3564     0.3860E-01  0.000      0.000      0.000      0.000      0.000      0.000      0.000      0.000      0.000      0.000      0.000      0.000      0.000      0.000      0.000      0.000      0.000      0.000      0.000     0.9304E-04 0.4042E-02 0.6860E-02 0.1297E-01 0.1464E-01
  31.64             28 0.4073     0.4361E-01  0.000      0.000      0.000      0.000      0.000      0.000      0.000      0.000      0.000      0.000      0.000      0.000      0.000      0.000      0.000      0.000      0.000      0.000      0.000     0.1046E-02 0.4817E-02 0.7854E-02 0.1428E-01 0.1561E-01
  32.81             29 0.4669     0.5106E-01  0.000      0.000      0.000      0.000      0.000      0.000      0.000      0.000      0.000      0.000      0.000      0.000      0.000      0.000      0.000      0.000      0.000      0.000      0.000     0.2462E-02 0.5621E-02 0.1107E-01 0.1524E-01 0.1666E-01
  33.98             30 0.5340     0.5759E-01  0.000      0.000      0.000      0.000      0.000      0.000      0.000      0.000      0.000      0.000      0.000      0.000      0.000      0.000      0.000      0.000      0.000      0.000      0.000     0.3639E-02 0.6500E-02 0.1329E-01 0.1599E-01 0.1818E-01
  35.15             31 0.6084     0.6374E-01  0.000      0.000      0.000      0.000      0.000      0.000      0.000      0.000      0.000      0.000      0.000      0.000      0.000      0.000      0.000      0.000      0.000      0.000      0.000     0.4347E-02 0.7706E-02 0.1417E-01 0.1743E-01 0.2009E-01
  36.32             32 0.6910     0.7082E-01  0.000      0.000      0.000      0.000      0.000      0.000      0.000      0.000      0.000      0.000      0.000      0.000      0.000      0.000      0.000      0.000      0.000      0.000      0.000     0.5054E-02 0.9227E-02 0.1577E-01 0.1971E-01 0.2106E-01
  37.49             33 0.7812     0.7731E-01  0.000      0.000      0.000      0.000      0.000      0.000      0.000      0.000      0.000      0.000      0.000      0.000      0.000      0.000      0.000      0.000      0.000      0.000      0.000     0.5968E-02 0.1053E-01 0.1737E-01 0.2119E-01 0.2226E-01
  38.66             34 0.8802     0.8488E-01  0.000      0.000      0.000      0.000      0.000      0.000      0.000      0.000      0.000      0.000      0.000      0.000      0.000      0.000      0.000      0.000      0.000      0.000     0.1616E-03 0.6639E-02 0.1234E-01 0.1912E-01 0.2298E-01 0.2364E-01
  39.83             35 0.9891     0.9333E-01  0.000      0.000      0.000      0.000      0.000      0.000      0.000      0.000      0.000      0.000      0.000      0.000      0.000      0.000      0.000      0.000      0.000      0.000     0.7391E-03 0.6602E-02 0.1422E-01 0.2189E-01 0.2482E-01 0.2506E-01
  41.00             36  1.112     0.1057      0.000      0.000      0.000      0.000      0.000      0.000      0.000      0.000      0.000      0.000      0.000      0.000      0.000      0.000      0.000      0.000      0.000      0.000     0.1325E-02 0.6856E-02 0.1613E-01 0.2527E-01 0.2739E-01 0.2868E-01
  42.18             37  1.278     0.1423      0.000      0.000      0.000      0.000      0.000      0.000      0.000      0.000      0.000      0.000      0.000      0.000      0.000      0.000      0.000      0.000      0.000      0.000     0.2044E-02 0.6989E-02 0.1942E-01 0.2882E-01 0.3940E-01 0.4561E-01
  43.35             38  1.478     0.1709      0.000      0.000      0.000      0.000      0.000      0.000      0.000      0.000      0.000      0.000      0.000      0.000      0.000      0.000      0.000      0.000      0.000      0.000     0.2878E-02 0.7085E-02 0.3004E-01 0.3179E-01 0.5047E-01 0.4865E-01
  44.52             39  1.657     0.1537      0.000      0.000      0.000      0.000      0.000      0.000      0.000      0.000      0.000      0.000      0.000      0.000      0.000      0.000      0.000      0.000      0.000      0.000     0.3755E-02 0.7427E-02 0.3732E-01 0.3584E-01 0.3654E-01 0.3286E-01
  45.69             40  1.846     0.1622      0.000      0.000      0.000      0.000      0.000      0.000      0.000      0.000      0.000      0.000      0.000      0.000      0.000      0.000      0.000      0.000      0.000      0.000     0.5286E-02 0.7905E-02 0.4476E-01 0.4363E-01 0.3208E-01 0.2856E-01
  46.86             41  2.123     0.2367      0.000      0.000      0.000      0.000      0.000      0.000      0.000      0.000      0.000      0.000      0.000      0.000      0.000      0.000      0.000      0.000      0.000      0.000     0.8321E-02 0.8318E-02 0.1077     0.5543E-01 0.3035E-01 0.2660E-01
  48.03             42  2.298     0.1504      0.000      0.000      0.000      0.000      0.000      0.000      0.000      0.000      0.000      0.000      0.000      0.000      0.000      0.000      0.000      0.000      0.000      0.000     0.1108E-01 0.8648E-02 0.4460E-01 0.3128E-01 0.2798E-01 0.2685E-01
  49.20             43  2.468     0.1455      0.000      0.000      0.000      0.000      0.000      0.000      0.000      0.000      0.000      0.000      0.000      0.000      0.000      0.000      0.000      0.000      0.000      0.000     0.1319E-01 0.8985E-02 0.3601E-01 0.3042E-01 0.2793E-01 0.2892E-01
  50.37             44  2.646     0.1526      0.000      0.000      0.000      0.000      0.000      0.000      0.000      0.000      0.000      0.000      0.000      0.000      0.000      0.000      0.000      0.000      0.000      0.000     0.1991E-01 0.9378E-02 0.3388E-01 0.2846E-01 0.2771E-01 0.3326E-01
  51.54             45  2.827     0.1551      0.000      0.000      0.000      0.000      0.000      0.000      0.000      0.000      0.000      0.000      0.000      0.000      0.000      0.000      0.000      0.000      0.000      0.000     0.1935E-01 0.9827E-02 0.3213E-01 0.2874E-01 0.2912E-01 0.3594E-01
  52.71             46  3.008     0.1557      0.000      0.000      0.000      0.000      0.000      0.000      0.000      0.000      0.000      0.000      0.000      0.000      0.000      0.000      0.000      0.000      0.000      0.000     0.1537E-01 0.1031E-01 0.3153E-01 0.2957E-01 0.3178E-01 0.3711E-01
  53.88             47  3.208     0.1713      0.000      0.000      0.000      0.000      0.000      0.000      0.000      0.000      0.000      0.000      0.000      0.000      0.000      0.000      0.000      0.000      0.000      0.000     0.1473E-01 0.1081E-01 0.3173E-01 0.3105E-01 0.3735E-01 0.4560E-01
  55.05             48  3.442     0.2004      0.000      0.000      0.000      0.000      0.000      0.000      0.000      0.000      0.000      0.000      0.000      0.000      0.000      0.000      0.000      0.000      0.000      0.000     0.1443E-01 0.1130E-01 0.3503E-01 0.3880E-01 0.5187E-01 0.4896E-01
  56.22             49  3.688     0.2105      0.000      0.000      0.000      0.000      0.000      0.000      0.000      0.000      0.000      0.000      0.000      0.000      0.000      0.000      0.000      0.000      0.000      0.000     0.1457E-01 0.1445E-01 0.3717E-01 0.4281E-01 0.6154E-01 0.4000E-01
  57.39             50  3.937     0.2138      0.000      0.000      0.000      0.000      0.000      0.000      0.000      0.000      0.000      0.000      0.000      0.000      0.000      0.000      0.000      0.000      0.000      0.000     0.1759E-01 0.1636E-01 0.4655E-01 0.5742E-01 0.5064E-01 0.2523E-01
  58.56             51  4.246     0.2647      0.000      0.000      0.000      0.000      0.000      0.000      0.000      0.000      0.000      0.000      0.000      0.000      0.000      0.000      0.000      0.000      0.000      0.000     0.1880E-01 0.1783E-01 0.8478E-01 0.8993E-01 0.4308E-01 0.1031E-01
  59.73             52  4.525     0.2394      0.000      0.000      0.000      0.000      0.000      0.000      0.000      0.000      0.000      0.000      0.000      0.000      0.000      0.000      0.000      0.000      0.000      0.000     0.2002E-01 0.1961E-01 0.9667E-01 0.1031      0.000      0.000    
  60.90             53  4.618     0.7955E-01  0.000      0.000      0.000      0.000      0.000      0.000      0.000      0.000      0.000      0.000      0.000      0.000      0.000      0.000      0.000      0.000      0.000      0.000     0.2244E-01 0.2266E-01 0.3445E-01  0.000      0.000      0.000    
  62.08             54  4.673     0.4683E-01  0.000      0.000      0.000      0.000      0.000      0.000      0.000      0.000      0.000      0.000      0.000      0.000      0.000      0.000      0.000      0.000      0.000      0.000     0.2344E-01 0.2339E-01  0.000      0.000      0.000      0.000    
  63.25             55  4.729     0.4838E-01  0.000      0.000      0.000      0.000      0.000      0.000      0.000      0.000      0.000      0.000      0.000      0.000      0.000      0.000      0.000      0.000      0.000      0.000     0.2232E-01 0.2606E-01  0.000      0.000      0.000      0.000    
  64.42             56  4.856     0.1090      0.000      0.000      0.000      0.000      0.000      0.000      0.000      0.000      0.000      0.000      0.000      0.000      0.000      0.000      0.000      0.000     0.2269E-02 0.3121E-02 0.2387E-01 0.7978E-01  0.000      0.000      0.000      0.000    
  65.59             57  5.036     0.1541      0.000      0.000      0.000      0.000      0.000      0.000      0.000      0.000      0.000      0.000      0.000      0.000      0.000      0.000      0.000      0.000     0.5973E-02 0.8281E-02 0.4883E-01 0.9100E-01  0.000      0.000      0.000      0.000    
  66.76             58  5.245     0.1792      0.000      0.000      0.000      0.000      0.000      0.000      0.000      0.000      0.000      0.000      0.000      0.000      0.000      0.000      0.000      0.000     0.8391E-02 0.1076E-01 0.7834E-01 0.8170E-01  0.000      0.000      0.000      0.000    
  67.93             59  5.470     0.1922      0.000      0.000      0.000      0.000      0.000      0.000      0.000      0.000      0.000      0.000      0.000      0.000      0.000      0.000      0.000      0.000     0.1241E-01 0.1638E-01 0.1145     0.4889E-01  0.000      0.000      0.000      0.000    
  69.10             60  5.620     0.1286      0.000      0.000      0.000      0.000      0.000      0.000      0.000      0.000      0.000      0.000      0.000      0.000      0.000      0.000      0.000      0.000     0.1834E-01 0.3094E-01 0.4809E-01 0.3126E-01  0.000      0.000      0.000      0.000    
  70.27             61  5.794     0.1493      0.000      0.000      0.000      0.000      0.000      0.000      0.000      0.000      0.000      0.000      0.000      0.000      0.000      0.000      0.000      0.000     0.2780E-01 0.6189E-01 0.3461E-01 0.2501E-01  0.000      0.000      0.000      0.000    
  71.44             62  5.967     0.1489      0.000      0.000      0.000      0.000      0.000      0.000      0.000      0.000      0.000      0.000      0.000      0.000      0.000      0.000      0.000      0.000     0.3230E-01 0.7107E-01 0.2523E-01 0.2026E-01  0.000      0.000      0.000      0.000    
  72.61             63  6.173     0.1766      0.000      0.000      0.000      0.000      0.000      0.000      0.000      0.000      0.000      0.000      0.000      0.000      0.000      0.000      0.000      0.000     0.5159E-01 0.8315E-01 0.2178E-01 0.2005E-01  0.000      0.000      0.000      0.000    
  73.78             64  6.380     0.1772      0.000      0.000      0.000      0.000      0.000      0.000      0.000      0.000      0.000      0.000      0.000      0.000      0.000      0.000      0.000     0.5871E-02 0.5911E-01 0.7223E-01 0.2072E-01 0.1929E-01  0.000      0.000      0.000      0.000    
  74.95             65  6.586     0.1761      0.000      0.000      0.000      0.000      0.000      0.000      0.000      0.000      0.000      0.000      0.000      0.000      0.000      0.000     0.1105E-04 0.2444E-01 0.5999E-01 0.5576E-01 0.1874E-01 0.1722E-01  0.000      0.000      0.000      0.000    
  76.12             66  6.795     0.1795      0.000      0.000      0.000      0.000      0.000      0.000      0.000      0.000      0.000      0.000      0.000      0.000      0.000      0.000     0.4030E-02 0.3456E-01 0.6591E-01 0.4347E-01 0.1669E-01 0.1480E-01  0.000      0.000      0.000      0.000    
  77.29             67  6.982     0.1606      0.000      0.000      0.000      0.000      0.000      0.000      0.000      0.000      0.000      0.000      0.000      0.000      0.000      0.000     0.1459E-01 0.3038E-01 0.5020E-01 0.3813E-01 0.1416E-01 0.1316E-01  0.000      0.000      0.000      0.000    
  78.46             68  7.190     0.1778      0.000      0.000      0.000      0.000      0.000      0.000      0.000      0.000      0.000      0.000      0.000      0.000      0.000      0.000     0.4939E-01 0.2479E-01 0.4361E-01 0.3477E-01 0.1314E-01 0.1207E-01  0.000      0.000      0.000      0.000    
  79.63             69  7.363     0.1485      0.000      0.000      0.000      0.000      0.000      0.000      0.000      0.000      0.000      0.000      0.000      0.000      0.000      0.000     0.2816E-01 0.2562E-01 0.3963E-01 0.3197E-01 0.1212E-01 0.1098E-01  0.000      0.000      0.000      0.000    
  80.80             70  7.526     0.1401      0.000      0.000      0.000      0.000      0.000      0.000      0.000      0.000      0.000      0.000      0.000      0.000      0.000      0.000     0.2465E-01 0.2729E-01 0.3700E-01 0.2997E-01 0.1110E-01 0.1006E-01  0.000      0.000      0.000      0.000    
  81.97             71  7.687     0.1372      0.000      0.000      0.000      0.000      0.000      0.000      0.000      0.000      0.000      0.000      0.000      0.000      0.000      0.000     0.2190E-01 0.3031E-01 0.3542E-01 0.3008E-01 0.1020E-01 0.9309E-02  0.000      0.000      0.000      0.000    
  83.15             72  7.853     0.1426      0.000      0.000      0.000      0.000      0.000      0.000      0.000      0.000      0.000      0.000      0.000      0.000      0.000     0.6221E-04 0.2386E-01 0.3481E-01 0.3441E-01 0.3159E-01 0.9250E-02 0.8611E-02  0.000      0.000      0.000      0.000    
  84.32             73  8.030     0.1514      0.000      0.000      0.000      0.000      0.000      0.000      0.000      0.000      0.000      0.000      0.000      0.000      0.000     0.1403E-02 0.2749E-01 0.3859E-01 0.3411E-01 0.3352E-01 0.8338E-02 0.7955E-02  0.000      0.000      0.000      0.000    
  85.49             74  8.221     0.1637      0.000      0.000      0.000      0.000      0.000      0.000      0.000      0.000      0.000      0.000      0.000      0.000      0.000     0.3161E-02 0.3229E-01 0.4454E-01 0.3483E-01 0.3347E-01 0.7866E-02 0.7560E-02  0.000      0.000      0.000      0.000    
  86.66             75  8.458     0.2035      0.000      0.000      0.000      0.000      0.000      0.000      0.000      0.000      0.000      0.000      0.000      0.000      0.000     0.5386E-02 0.7546E-01 0.4315E-01 0.3744E-01 0.2754E-01 0.7395E-02 0.7166E-02  0.000      0.000      0.000      0.000    
  87.83             76  8.637     0.1530      0.000      0.000      0.000      0.000      0.000      0.000      0.000      0.000      0.000      0.000      0.000      0.000      0.000     0.1110E-01 0.3829E-01 0.3658E-01 0.3112E-01 0.2222E-01 0.6924E-02 0.6772E-02  0.000      0.000      0.000      0.000    
  89.00             77  8.805     0.1441      0.000      0.000      0.000      0.000      0.000      0.000      0.000      0.000      0.000      0.000      0.000      0.000      0.000     0.1833E-01 0.3244E-01 0.3324E-01 0.2496E-01 0.2226E-01 0.6453E-02 0.6377E-02  0.000      0.000      0.000      0.000    
  90.17             78  9.016     0.1810      0.000      0.000      0.000      0.000      0.000      0.000      0.000      0.000      0.000      0.000      0.000      0.000     0.2923E-02 0.5726E-01 0.3330E-01 0.3008E-01 0.2384E-01 0.2190E-01 0.5927E-02 0.5758E-02  0.000      0.000      0.000      0.000    
  91.34             79  9.301     0.2444      0.000      0.000      0.000      0.000      0.000      0.000      0.000      0.000      0.000      0.000      0.000      0.000     0.2790E-01 0.9976E-01 0.3175E-01 0.2971E-01 0.2598E-01 0.2037E-01 0.4504E-02 0.4374E-02  0.000      0.000      0.000      0.000    
  92.51             80  9.650     0.2992      0.000      0.000      0.000      0.000      0.000      0.000      0.000      0.000      0.000      0.000      0.000      0.000     0.8524E-01 0.1097     0.3411E-01 0.3004E-01 0.2197E-01 0.1213E-01 0.3025E-02 0.2939E-02  0.000      0.000      0.000      0.000    
  93.68             81  9.951     0.2578      0.000      0.000      0.000      0.000      0.000      0.000      0.000      0.000      0.000      0.000      0.000      0.000     0.1096     0.5548E-01 0.3770E-01 0.2966E-01 0.1624E-01 0.6165E-02 0.1546E-02 0.1502E-02  0.000      0.000      0.000      0.000    
  94.85             82  10.18     0.1940      0.000      0.000      0.000      0.000      0.000      0.000      0.000      0.000      0.000      0.000      0.000      0.000     0.8297E-01 0.2569E-01 0.4763E-01 0.3141E-01 0.5673E-02 0.4749E-03 0.7301E-04 0.7165E-04  0.000      0.000      0.000      0.000    
  96.02             83  10.36     0.1527      0.000      0.000      0.000      0.000      0.000      0.000      0.000      0.000      0.000      0.000      0.000      0.000     0.6180E-01 0.2413E-01 0.3279E-01 0.3395E-01  0.000      0.000      0.000      0.000      0.000      0.000      0.000      0.000    
  97.19             84  10.51     0.1337      0.000      0.000      0.000      0.000      0.000      0.000      0.000      0.000      0.000      0.000      0.000      0.000     0.4094E-01 0.2285E-01 0.3407E-01 0.3581E-01  0.000      0.000      0.000      0.000      0.000      0.000      0.000      0.000    
  98.36             85  10.65     0.1217      0.000      0.000      0.000      0.000      0.000      0.000      0.000      0.000      0.000      0.000      0.000      0.000     0.2281E-01 0.2236E-01 0.3798E-01 0.3857E-01  0.000      0.000      0.000      0.000      0.000      0.000      0.000      0.000    
  99.53             86  10.81     0.1316      0.000      0.000      0.000      0.000      0.000      0.000      0.000      0.000      0.000      0.000      0.000      0.000     0.2210E-01 0.2301E-01 0.4376E-01 0.4274E-01  0.000      0.000      0.000      0.000      0.000      0.000      0.000      0.000    
  100.7             87  10.96     0.1346      0.000      0.000      0.000      0.000      0.000      0.000      0.000      0.000      0.000      0.000      0.000      0.000     0.2325E-01 0.2631E-01 0.4674E-01 0.3828E-01  0.000      0.000      0.000      0.000      0.000      0.000      0.000      0.000    
  101.9             88  11.12     0.1333      0.000      0.000      0.000      0.000      0.000      0.000      0.000      0.000      0.000      0.000      0.000      0.000     0.2581E-01 0.2958E-01 0.4306E-01 0.3485E-01  0.000      0.000      0.000      0.000      0.000      0.000      0.000      0.000    
  103.0             89  11.28     0.1336      0.000      0.000      0.000      0.000      0.000      0.000      0.000      0.000      0.000      0.000      0.000      0.000     0.3040E-01 0.3524E-01 0.3935E-01 0.2863E-01  0.000      0.000      0.000      0.000      0.000      0.000      0.000      0.000    
  104.2             90  11.46     0.1571      0.000      0.000      0.000      0.000      0.000      0.000      0.000      0.000      0.000      0.000      0.000      0.000     0.4493E-01 0.6143E-01 0.3617E-01 0.1453E-01  0.000      0.000      0.000      0.000      0.000      0.000      0.000      0.000    
  105.4             91  11.64     0.1591      0.000      0.000      0.000      0.000      0.000      0.000      0.000      0.000      0.000      0.000      0.000      0.000     0.6964E-01 0.8947E-01  0.000      0.000      0.000      0.000      0.000      0.000      0.000      0.000      0.000      0.000    
  106.6             92  11.80     0.1358      0.000      0.000      0.000      0.000      0.000      0.000      0.000      0.000      0.000      0.000      0.000      0.000     0.7487E-01 0.6091E-01  0.000      0.000      0.000      0.000      0.000      0.000      0.000      0.000      0.000      0.000    
  107.7             93  11.88     0.6784E-01  0.000      0.000      0.000      0.000      0.000      0.000      0.000      0.000      0.000      0.000      0.000      0.000     0.3445E-01 0.3340E-01  0.000      0.000      0.000      0.000      0.000      0.000      0.000      0.000      0.000      0.000    
  108.9             94  11.93     0.4283E-01  0.000      0.000      0.000      0.000      0.000      0.000      0.000      0.000      0.000      0.000      0.000      0.000     0.2543E-01 0.1740E-01  0.000      0.000      0.000      0.000      0.000      0.000      0.000      0.000      0.000      0.000    
  110.1             95  11.97     0.2953E-01  0.000      0.000      0.000      0.000      0.000      0.000      0.000      0.000      0.000      0.000      0.000      0.000     0.2312E-01 0.6408E-02  0.000      0.000      0.000      0.000      0.000      0.000      0.000      0.000      0.000      0.000    
  111.2             96  11.99     0.2225E-01  0.000      0.000      0.000      0.000      0.000      0.000      0.000      0.000      0.000      0.000      0.000      0.000     0.2064E-01 0.1610E-02  0.000      0.000      0.000      0.000      0.000      0.000      0.000      0.000      0.000      0.000    
  112.4             97  12.01     0.1591E-01  0.000      0.000      0.000      0.000      0.000      0.000      0.000      0.000      0.000      0.000      0.000      0.000     0.1591E-01 0.1753E-05  0.000      0.000      0.000      0.000      0.000      0.000      0.000      0.000      0.000      0.000    
  113.6             98  12.02     0.9497E-02  0.000      0.000      0.000      0.000      0.000      0.000      0.000      0.000      0.000      0.000      0.000      0.000     0.9497E-02  0.000      0.000      0.000      0.000      0.000      0.000      0.000      0.000      0.000      0.000      0.000    
  114.8             99  12.03     0.3959E-02  0.000      0.000      0.000      0.000      0.000      0.000      0.000      0.000      0.000      0.000      0.000      0.000     0.3959E-02  0.000      0.000      0.000      0.000      0.000      0.000      0.000      0.000      0.000      0.000      0.000    
  115.9            100  12.03     0.4576E-03  0.000      0.000      0.000      0.000      0.000      0.000      0.000      0.000      0.000      0.000      0.000      0.000     0.4576E-03  0.000      0.000      0.000      0.000      0.000      0.000      0.000      0.000      0.000      0.000      0.000    
  117.1            101  12.03      0.000      0.000      0.000      0.000      0.000      0.000      0.000      0.000      0.000      0.000      0.000      0.000      0.000      0.000      0.000      0.000      0.000      0.000      0.000      0.000      0.000      0.000      0.000      0.000      0.000    
  118.3            102  12.03      0.000      0.000      0.000      0.000      0.000      0.000      0.000      0.000      0.000      0.000      0.000      0.000      0.000      0.000      0.000      0.000      0.000      0.000      0.000      0.000      0.000      0.000      0.000      0.000      0.000    
  119.4            103  12.03      0.000      0.000      0.000      0.000      0.000      0.000      0.000      0.000      0.000      0.000      0.000      0.000      0.000      0.000      0.000      0.000      0.000      0.000      0.000      0.000      0.000      0.000      0.000      0.000      0.000    
  120.6            104  12.03      0.000      0.000      0.000      0.000      0.000      0.000      0.000      0.000      0.000      0.000      0.000      0.000      0.000      0.000      0.000      0.000      0.000      0.000      0.000      0.000      0.000      0.000      0.000      0.000      0.000    
  121.8            105  12.03      0.000      0.000      0.000      0.000      0.000      0.000      0.000      0.000      0.000      0.000      0.000      0.000      0.000      0.000      0.000      0.000      0.000      0.000      0.000      0.000      0.000      0.000      0.000      0.000      0.000    
  122.9            106  12.03      0.000      0.000      0.000      0.000      0.000      0.000      0.000      0.000      0.000      0.000      0.000      0.000      0.000      0.000      0.000      0.000      0.000      0.000      0.000      0.000      0.000      0.000      0.000      0.000      0.000    
  124.1            107  12.03      0.000      0.000      0.000      0.000      0.000      0.000      0.000      0.000      0.000      0.000      0.000      0.000      0.000      0.000      0.000      0.000      0.000      0.000      0.000      0.000      0.000      0.000      0.000      0.000      0.000    
  125.3            108  12.03      0.000      0.000      0.000      0.000      0.000      0.000      0.000      0.000      0.000      0.000      0.000      0.000      0.000      0.000      0.000      0.000      0.000      0.000      0.000      0.000      0.000      0.000      0.000      0.000      0.000    
  126.5            109  12.03      0.000      0.000      0.000      0.000      0.000      0.000      0.000      0.000      0.000      0.000      0.000      0.000      0.000      0.000      0.000      0.000      0.000      0.000      0.000      0.000      0.000      0.000      0.000      0.000      0.000    
  127.6            110  12.03      0.000      0.000      0.000      0.000      0.000      0.000      0.000      0.000      0.000      0.000      0.000      0.000      0.000      0.000      0.000      0.000      0.000      0.000      0.000      0.000      0.000      0.000      0.000      0.000      0.000    
  128.8            111  12.03      0.000      0.000      0.000      0.000      0.000      0.000      0.000      0.000      0.000      0.000      0.000      0.000      0.000      0.000      0.000      0.000      0.000      0.000      0.000      0.000      0.000      0.000      0.000      0.000      0.000    
  130.0            112  12.03      0.000      0.000      0.000      0.000      0.000      0.000      0.000      0.000      0.000      0.000      0.000      0.000      0.000      0.000      0.000      0.000      0.000      0.000      0.000      0.000      0.000      0.000      0.000      0.000      0.000    
  131.1            113  12.03      0.000      0.000      0.000      0.000      0.000      0.000      0.000      0.000      0.000      0.000      0.000      0.000      0.000      0.000      0.000      0.000      0.000      0.000      0.000      0.000      0.000      0.000      0.000      0.000      0.000    
  132.3            114  12.03      0.000      0.000      0.000      0.000      0.000      0.000      0.000      0.000      0.000      0.000      0.000      0.000      0.000      0.000      0.000      0.000      0.000      0.000      0.000      0.000      0.000      0.000      0.000      0.000      0.000    
  133.5            115  12.03      0.000      0.000      0.000      0.000      0.000      0.000      0.000      0.000      0.000      0.000      0.000      0.000      0.000      0.000      0.000      0.000      0.000      0.000      0.000      0.000      0.000      0.000      0.000      0.000      0.000    
  134.7            116  12.03      0.000      0.000      0.000      0.000      0.000      0.000      0.000      0.000      0.000      0.000      0.000      0.000      0.000      0.000      0.000      0.000      0.000      0.000      0.000      0.000      0.000      0.000      0.000      0.000      0.000    
  135.8            117  12.03      0.000      0.000      0.000      0.000      0.000      0.000      0.000      0.000      0.000      0.000      0.000      0.000      0.000      0.000      0.000      0.000      0.000      0.000      0.000      0.000      0.000      0.000      0.000      0.000      0.000    
  137.0            118  12.03      0.000      0.000      0.000      0.000      0.000      0.000      0.000      0.000      0.000      0.000      0.000      0.000      0.000      0.000      0.000      0.000      0.000      0.000      0.000      0.000      0.000      0.000      0.000      0.000      0.000    
  138.2            119  12.03      0.000      0.000      0.000      0.000      0.000      0.000      0.000      0.000      0.000      0.000      0.000      0.000      0.000      0.000      0.000      0.000      0.000      0.000      0.000      0.000      0.000      0.000      0.000      0.000      0.000    
  139.3            120  12.03      0.000      0.000      0.000      0.000      0.000      0.000      0.000      0.000      0.000      0.000      0.000      0.000      0.000      0.000      0.000      0.000      0.000      0.000      0.000      0.000      0.000      0.000      0.000      0.000      0.000    
  140.5            121  12.03      0.000      0.000      0.000      0.000      0.000      0.000      0.000      0.000      0.000      0.000      0.000      0.000      0.000      0.000      0.000      0.000      0.000      0.000      0.000      0.000      0.000      0.000      0.000      0.000      0.000    
  141.7            122  12.03      0.000      0.000      0.000      0.000      0.000      0.000      0.000      0.000      0.000      0.000      0.000      0.000      0.000      0.000      0.000      0.000      0.000      0.000      0.000      0.000      0.000      0.000      0.000      0.000      0.000    
  142.8            123  12.03      0.000      0.000      0.000      0.000      0.000      0.000      0.000      0.000      0.000      0.000      0.000      0.000      0.000      0.000      0.000      0.000      0.000      0.000      0.000      0.000      0.000      0.000      0.000      0.000      0.000    
  144.0            124  12.03      0.000      0.000      0.000      0.000      0.000      0.000      0.000      0.000      0.000      0.000      0.000      0.000      0.000      0.000      0.000      0.000      0.000      0.000      0.000      0.000      0.000      0.000      0.000      0.000      0.000    
  145.2            125  12.03      0.000      0.000      0.000      0.000      0.000      0.000      0.000      0.000      0.000      0.000      0.000      0.000      0.000      0.000      0.000      0.000      0.000      0.000      0.000      0.000      0.000      0.000      0.000      0.000      0.000    
  146.4            126  12.03      0.000      0.000      0.000      0.000      0.000      0.000      0.000      0.000      0.000      0.000      0.000      0.000      0.000      0.000      0.000      0.000      0.000      0.000      0.000      0.000      0.000      0.000      0.000      0.000      0.000    
  147.5            127  12.03      0.000      0.000      0.000      0.000      0.000      0.000      0.000      0.000      0.000      0.000      0.000      0.000      0.000      0.000      0.000      0.000      0.000      0.000      0.000      0.000      0.000      0.000      0.000      0.000      0.000    
  148.7            128  12.03      0.000      0.000      0.000      0.000      0.000      0.000      0.000      0.000      0.000      0.000      0.000      0.000      0.000      0.000      0.000      0.000      0.000      0.000      0.000      0.000      0.000      0.000      0.000      0.000      0.000    
  149.9            129  12.03      0.000      0.000      0.000      0.000      0.000      0.000      0.000      0.000      0.000      0.000      0.000      0.000      0.000      0.000      0.000      0.000      0.000      0.000      0.000      0.000      0.000      0.000      0.000      0.000      0.000    
  151.0            130  12.03      0.000      0.000      0.000      0.000      0.000      0.000      0.000      0.000      0.000      0.000      0.000      0.000      0.000      0.000      0.000      0.000      0.000      0.000      0.000      0.000      0.000      0.000      0.000      0.000      0.000    
  152.2            131  12.03      0.000      0.000      0.000      0.000      0.000      0.000      0.000      0.000      0.000      0.000      0.000      0.000      0.000      0.000      0.000      0.000      0.000      0.000      0.000      0.000      0.000      0.000      0.000      0.000      0.000    
  153.4            132  12.03      0.000      0.000      0.000      0.000      0.000      0.000      0.000      0.000      0.000      0.000      0.000      0.000      0.000      0.000      0.000      0.000      0.000      0.000      0.000      0.000      0.000      0.000      0.000      0.000      0.000    
  154.6            133  12.05     0.2100E-01  0.000      0.000      0.000      0.000      0.000      0.000      0.000      0.000      0.000      0.000     0.8117E-02 0.1288E-01  0.000      0.000      0.000      0.000      0.000      0.000      0.000      0.000      0.000      0.000      0.000      0.000    
  155.7            134  12.17     0.9823E-01  0.000      0.000      0.000      0.000      0.000      0.000      0.000      0.000     0.4263E-03 0.5009E-03 0.2251E-01 0.7479E-01  0.000      0.000      0.000      0.000      0.000      0.000      0.000      0.000      0.000      0.000      0.000      0.000    
  156.9            135  12.47     0.2607      0.000      0.000      0.000      0.000      0.000      0.000      0.000      0.000     0.5097E-02 0.6037E-02 0.3370E-01 0.2158      0.000      0.000      0.000      0.000      0.000      0.000      0.000      0.000      0.000      0.000      0.000      0.000    
  158.1            136  13.04     0.4882      0.000      0.000      0.000      0.000      0.000      0.000      0.000      0.000     0.1430E-01 0.2273E-01 0.2083     0.2429      0.000      0.000      0.000      0.000      0.000      0.000      0.000      0.000      0.000      0.000      0.000      0.000    
  159.2            137  13.65     0.5242      0.000      0.000      0.000      0.000      0.000      0.000      0.000      0.000     0.2242E-01 0.4727E-01 0.2705     0.1840      0.000      0.000      0.000      0.000      0.000      0.000      0.000      0.000      0.000      0.000      0.000      0.000    
  160.4            138  14.23     0.4960      0.000      0.000      0.000      0.000      0.000      0.000      0.000      0.000     0.3899E-01 0.8937E-01 0.2514     0.1163      0.000      0.000      0.000      0.000      0.000      0.000      0.000      0.000      0.000      0.000      0.000      0.000    
  161.6            139  14.71     0.4122      0.000      0.000      0.000      0.000      0.000      0.000      0.000      0.000     0.1027     0.1978     0.7517E-01 0.3654E-01  0.000      0.000      0.000      0.000      0.000      0.000      0.000      0.000      0.000      0.000      0.000      0.000    
  162.7            140  15.36     0.5537      0.000      0.000      0.000      0.000      0.000      0.000      0.000      0.000     0.2205     0.3332      0.000      0.000      0.000      0.000      0.000      0.000      0.000      0.000      0.000      0.000      0.000      0.000      0.000      0.000    
  163.9            141  15.70     0.2981      0.000      0.000      0.000      0.000      0.000      0.000      0.000      0.000     0.2395     0.5855E-01  0.000      0.000      0.000      0.000      0.000      0.000      0.000      0.000      0.000      0.000      0.000      0.000      0.000      0.000    
  165.1            142  15.82     0.9837E-01  0.000      0.000      0.000      0.000      0.000      0.000      0.000      0.000     0.6203E-01 0.3635E-01  0.000      0.000      0.000      0.000      0.000      0.000      0.000      0.000      0.000      0.000      0.000      0.000      0.000      0.000    
  166.3            143  15.96     0.1214      0.000      0.000      0.000      0.000      0.000      0.000     0.1209E-01 0.2530E-01 0.5442E-01 0.2961E-01  0.000      0.000      0.000      0.000      0.000      0.000      0.000      0.000      0.000      0.000      0.000      0.000      0.000      0.000    
  167.4            144  16.17     0.1787      0.000      0.000      0.000      0.000      0.000      0.000     0.4723E-01 0.6100E-01 0.5362E-01 0.1682E-01  0.000      0.000      0.000      0.000      0.000      0.000      0.000      0.000      0.000      0.000      0.000      0.000      0.000      0.000    
  168.6            145  16.39     0.1892      0.000      0.000      0.000      0.000      0.000      0.000     0.5271E-01 0.8267E-01 0.4540E-01 0.8377E-02  0.000      0.000      0.000      0.000      0.000      0.000      0.000      0.000      0.000      0.000      0.000      0.000      0.000      0.000    
  169.8            146  16.63     0.2092      0.000      0.000      0.000      0.000     0.7256E-02 0.8797E-02 0.5942E-01 0.1019     0.3044E-01 0.1414E-02  0.000      0.000      0.000      0.000      0.000      0.000      0.000      0.000      0.000      0.000      0.000      0.000      0.000      0.000    
  170.9            147  16.97     0.2916      0.000      0.000      0.000      0.000     0.2582E-01 0.4617E-01 0.6709E-01 0.1487     0.3865E-02  0.000      0.000      0.000      0.000      0.000      0.000      0.000      0.000      0.000      0.000      0.000      0.000      0.000      0.000      0.000    
  172.1            148  17.32     0.2930      0.000      0.000      0.000      0.000     0.2492E-01 0.2898E-01 0.9239E-01 0.1468      0.000      0.000      0.000      0.000      0.000      0.000      0.000      0.000      0.000      0.000      0.000      0.000      0.000      0.000      0.000      0.000    
  173.3            149  17.70     0.3305      0.000      0.000      0.000      0.000     0.2636E-01 0.3213E-01 0.1371     0.1349      0.000      0.000      0.000      0.000      0.000      0.000      0.000      0.000      0.000      0.000      0.000      0.000      0.000      0.000      0.000      0.000    
  174.4            150  18.08     0.3236      0.000      0.000     0.1143E-03 0.1474E-03 0.2752E-01 0.3248E-01 0.2015     0.6182E-01  0.000      0.000      0.000      0.000      0.000      0.000      0.000      0.000      0.000      0.000      0.000      0.000      0.000      0.000      0.000      0.000    
  175.6            151  18.30     0.1913      0.000      0.000     0.1239E-02 0.1597E-02 0.2908E-01 0.3536E-01 0.9361E-01 0.3042E-01  0.000      0.000      0.000      0.000      0.000      0.000      0.000      0.000      0.000      0.000      0.000      0.000      0.000      0.000      0.000      0.000    
  176.8            152  18.48     0.1520      0.000      0.000     0.3584E-02 0.4655E-02 0.3194E-01 0.4736E-01 0.4036E-01 0.2411E-01  0.000      0.000      0.000      0.000      0.000      0.000      0.000      0.000      0.000      0.000      0.000      0.000      0.000      0.000      0.000      0.000    
  178.0            153  18.71     0.2006      0.000      0.000     0.6733E-02 0.1063E-01 0.3805E-01 0.1023     0.2509E-01 0.1777E-01  0.000      0.000      0.000      0.000      0.000      0.000      0.000      0.000      0.000      0.000      0.000      0.000      0.000      0.000      0.000      0.000    
  179.1            154  18.98     0.2310      0.000      0.000     0.9214E-02 0.1188E-01 0.4938E-01 0.1257     0.2100E-01 0.1379E-01  0.000      0.000      0.000      0.000      0.000      0.000      0.000      0.000      0.000      0.000      0.000      0.000      0.000      0.000      0.000      0.000    
  180.3            155  19.27     0.2499      0.000      0.000     0.1213E-01 0.1578E-01 0.7069E-01 0.1285     0.1522E-01 0.7558E-02  0.000      0.000      0.000      0.000      0.000      0.000      0.000      0.000      0.000      0.000      0.000      0.000      0.000      0.000      0.000      0.000    
  181.5            156  19.59     0.2735     0.3475E-03 0.3700E-03 0.1625E-01 0.1946E-01 0.1207     0.1139     0.1498E-02 0.9718E-03  0.000      0.000      0.000      0.000      0.000      0.000      0.000      0.000      0.000      0.000      0.000      0.000      0.000      0.000      0.000      0.000    
  182.6            157  19.91     0.2690     0.1891E-02 0.2013E-02 0.1750E-01 0.2120E-01 0.1499     0.7642E-01  0.000      0.000      0.000      0.000      0.000      0.000      0.000      0.000      0.000      0.000      0.000      0.000      0.000      0.000      0.000      0.000      0.000      0.000    
  183.8            158  20.20     0.2520     0.4131E-02 0.4487E-02 0.2116E-01 0.2619E-01 0.1356     0.6042E-01  0.000      0.000      0.000      0.000      0.000      0.000      0.000      0.000      0.000      0.000      0.000      0.000      0.000      0.000      0.000      0.000      0.000      0.000    
  185.0            159  20.36     0.1365     0.6896E-02 0.7831E-02 0.2523E-01 0.3170E-01 0.4824E-01 0.1663E-01  0.000      0.000      0.000      0.000      0.000      0.000      0.000      0.000      0.000      0.000      0.000      0.000      0.000      0.000      0.000      0.000      0.000      0.000    
  186.2            160  20.59     0.1950     0.1225E-01 0.1514E-01 0.3849E-01 0.9475E-01 0.3042E-01 0.3983E-02  0.000      0.000      0.000      0.000      0.000      0.000      0.000      0.000      0.000      0.000      0.000      0.000      0.000      0.000      0.000      0.000      0.000      0.000    
  187.3            161  20.88     0.2537     0.1667E-01 0.2066E-01 0.6800E-01 0.1228     0.2538E-01 0.1938E-03  0.000      0.000      0.000      0.000      0.000      0.000      0.000      0.000      0.000      0.000      0.000      0.000      0.000      0.000      0.000      0.000      0.000      0.000    
  188.5            162  21.14     0.2159     0.1734E-01 0.1903E-01 0.8772E-01 0.8454E-01 0.7252E-02  0.000      0.000      0.000      0.000      0.000      0.000      0.000      0.000      0.000      0.000      0.000      0.000      0.000      0.000      0.000      0.000      0.000      0.000      0.000    
  189.7            163  21.36     0.1943     0.1935E-01 0.2138E-01 0.8106E-01 0.7229E-01 0.2184E-03  0.000      0.000      0.000      0.000      0.000      0.000      0.000      0.000      0.000      0.000      0.000      0.000      0.000      0.000      0.000      0.000      0.000      0.000      0.000    
  190.8            164  21.55     0.1610     0.2184E-01 0.2331E-01 0.6673E-01 0.4914E-01  0.000      0.000      0.000      0.000      0.000      0.000      0.000      0.000      0.000      0.000      0.000      0.000      0.000      0.000      0.000      0.000      0.000      0.000      0.000      0.000    
  192.0            165  21.71     0.1329     0.2355E-01 0.2530E-01 0.4773E-01 0.3629E-01  0.000      0.000      0.000      0.000      0.000      0.000      0.000      0.000      0.000      0.000      0.000      0.000      0.000      0.000      0.000      0.000      0.000      0.000      0.000      0.000    
  193.2            166  21.85     0.1206     0.2453E-01 0.2697E-01 0.3789E-01 0.3124E-01  0.000      0.000      0.000      0.000      0.000      0.000      0.000      0.000      0.000      0.000      0.000      0.000      0.000      0.000      0.000      0.000      0.000      0.000      0.000      0.000    
  194.3            167  22.00     0.1291     0.2834E-01 0.4289E-01 0.3141E-01 0.2650E-01  0.000      0.000      0.000      0.000      0.000      0.000      0.000      0.000      0.000      0.000      0.000      0.000      0.000      0.000      0.000      0.000      0.000      0.000      0.000      0.000    
  195.5            168  22.17     0.1518     0.3314E-01 0.6702E-01 0.2856E-01 0.2304E-01  0.000      0.000      0.000      0.000      0.000      0.000      0.000      0.000      0.000      0.000      0.000      0.000      0.000      0.000      0.000      0.000      0.000      0.000      0.000      0.000    
  196.7            169  22.35     0.1497     0.3132E-01 0.6929E-01 0.2751E-01 0.2160E-01  0.000      0.000      0.000      0.000      0.000      0.000      0.000      0.000      0.000      0.000      0.000      0.000      0.000      0.000      0.000      0.000      0.000      0.000      0.000      0.000    
  197.9            170  22.50     0.1331     0.3003E-01 0.5557E-01 0.2705E-01 0.2047E-01  0.000      0.000      0.000      0.000      0.000      0.000      0.000      0.000      0.000      0.000      0.000      0.000      0.000      0.000      0.000      0.000      0.000      0.000      0.000      0.000    
  199.0            171  22.65     0.1208     0.2932E-01 0.4487E-01 0.2722E-01 0.1940E-01  0.000      0.000      0.000      0.000      0.000      0.000      0.000      0.000      0.000      0.000      0.000      0.000      0.000      0.000      0.000      0.000      0.000      0.000      0.000      0.000    
  200.2            172  22.78     0.1154     0.3082E-01 0.3868E-01 0.2693E-01 0.1901E-01  0.000      0.000      0.000      0.000      0.000      0.000      0.000      0.000      0.000      0.000      0.000      0.000      0.000      0.000      0.000      0.000      0.000      0.000      0.000      0.000    
  201.4            173  22.91     0.1098     0.3082E-01 0.3381E-01 0.2653E-01 0.1860E-01  0.000      0.000      0.000      0.000      0.000      0.000      0.000      0.000      0.000      0.000      0.000      0.000      0.000      0.000      0.000      0.000      0.000      0.000      0.000      0.000    
  202.5            174  23.03     0.1051     0.3215E-01 0.2991E-01 0.2571E-01 0.1733E-01  0.000      0.000      0.000      0.000      0.000      0.000      0.000      0.000      0.000      0.000      0.000      0.000      0.000      0.000      0.000      0.000      0.000      0.000      0.000      0.000    
  203.7            175  23.15     0.9886E-01 0.3211E-01 0.2670E-01 0.2472E-01 0.1532E-01  0.000      0.000      0.000      0.000      0.000      0.000      0.000      0.000      0.000      0.000      0.000      0.000      0.000      0.000      0.000      0.000      0.000      0.000      0.000      0.000    
  204.9            176  23.26     0.9650E-01 0.3142E-01 0.2555E-01 0.2327E-01 0.1626E-01  0.000      0.000      0.000      0.000      0.000      0.000      0.000      0.000      0.000      0.000      0.000      0.000      0.000      0.000      0.000      0.000      0.000      0.000      0.000      0.000    
  206.1            177  23.37     0.9925E-01 0.3024E-01 0.2628E-01 0.2688E-01 0.1585E-01  0.000      0.000      0.000      0.000      0.000      0.000      0.000      0.000      0.000      0.000      0.000      0.000      0.000      0.000      0.000      0.000      0.000      0.000      0.000      0.000    
  207.2            178  23.47     0.8318E-01 0.2876E-01 0.3042E-01 0.1901E-01 0.4984E-02  0.000      0.000      0.000      0.000      0.000      0.000      0.000      0.000      0.000      0.000      0.000      0.000      0.000      0.000      0.000      0.000      0.000      0.000      0.000      0.000    
  208.4            179  23.55     0.6997E-01 0.2848E-01 0.4037E-01 0.1111E-02  0.000      0.000      0.000      0.000      0.000      0.000      0.000      0.000      0.000      0.000      0.000      0.000      0.000      0.000      0.000      0.000      0.000      0.000      0.000      0.000      0.000    
  209.6            180  23.63     0.6821E-01 0.2880E-01 0.3941E-01  0.000      0.000      0.000      0.000      0.000      0.000      0.000      0.000      0.000      0.000      0.000      0.000      0.000      0.000      0.000      0.000      0.000      0.000      0.000      0.000      0.000      0.000    
  210.7            181  23.70     0.6107E-01 0.3004E-01 0.3103E-01  0.000      0.000      0.000      0.000      0.000      0.000      0.000      0.000      0.000      0.000      0.000      0.000      0.000      0.000      0.000      0.000      0.000      0.000      0.000      0.000      0.000      0.000    
  211.9            182  23.77     0.5546E-01 0.3261E-01 0.2285E-01  0.000      0.000      0.000      0.000      0.000      0.000      0.000      0.000      0.000      0.000      0.000      0.000      0.000      0.000      0.000      0.000      0.000      0.000      0.000      0.000      0.000      0.000    
  213.1            183  23.83     0.5379E-01 0.3521E-01 0.1858E-01  0.000      0.000      0.000      0.000      0.000      0.000      0.000      0.000      0.000      0.000      0.000      0.000      0.000      0.000      0.000      0.000      0.000      0.000      0.000      0.000      0.000      0.000    
  214.2            184  23.89     0.5084E-01 0.3455E-01 0.1629E-01  0.000      0.000      0.000      0.000      0.000      0.000      0.000      0.000      0.000      0.000      0.000      0.000      0.000      0.000      0.000      0.000      0.000      0.000      0.000      0.000      0.000      0.000    
  215.4            185  23.95     0.4936E-01 0.3449E-01 0.1487E-01  0.000      0.000      0.000      0.000      0.000      0.000      0.000      0.000      0.000      0.000      0.000      0.000      0.000      0.000      0.000      0.000      0.000      0.000      0.000      0.000      0.000      0.000    
  216.6            186  24.01     0.5169E-01 0.4047E-01 0.1122E-01  0.000      0.000      0.000      0.000      0.000      0.000      0.000      0.000      0.000      0.000      0.000      0.000      0.000      0.000      0.000      0.000      0.000      0.000      0.000      0.000      0.000      0.000    
  217.8            187  24.06     0.4795E-01 0.4353E-01 0.4418E-02  0.000      0.000      0.000      0.000      0.000      0.000      0.000      0.000      0.000      0.000      0.000      0.000      0.000      0.000      0.000      0.000      0.000      0.000      0.000      0.000      0.000      0.000    
  218.9            188  24.09     0.2262E-01 0.2262E-01  0.000      0.000      0.000      0.000      0.000      0.000      0.000      0.000      0.000      0.000      0.000      0.000      0.000      0.000      0.000      0.000      0.000      0.000      0.000      0.000      0.000      0.000      0.000    
  220.1            189  24.10     0.4812E-02 0.4812E-02  0.000      0.000      0.000      0.000      0.000      0.000      0.000      0.000      0.000      0.000      0.000      0.000      0.000      0.000      0.000      0.000      0.000      0.000      0.000      0.000      0.000      0.000      0.000    
  221.3            190  24.10      0.000      0.000      0.000      0.000      0.000      0.000      0.000      0.000      0.000      0.000      0.000      0.000      0.000      0.000      0.000      0.000      0.000      0.000      0.000      0.000      0.000      0.000      0.000      0.000      0.000    
  222.4            191  24.10      0.000      0.000      0.000      0.000      0.000      0.000      0.000      0.000      0.000      0.000      0.000      0.000      0.000      0.000      0.000      0.000      0.000      0.000      0.000      0.000      0.000      0.000      0.000      0.000      0.000    
  223.6            192  24.10      0.000      0.000      0.000      0.000      0.000      0.000      0.000      0.000      0.000      0.000      0.000      0.000      0.000      0.000      0.000      0.000      0.000      0.000      0.000      0.000      0.000      0.000      0.000      0.000      0.000    
  224.8            193  24.10      0.000      0.000      0.000      0.000      0.000      0.000      0.000      0.000      0.000      0.000      0.000      0.000      0.000      0.000      0.000      0.000      0.000      0.000      0.000      0.000      0.000      0.000      0.000      0.000      0.000    
  226.0            194  24.10      0.000      0.000      0.000      0.000      0.000      0.000      0.000      0.000      0.000      0.000      0.000      0.000      0.000      0.000      0.000      0.000      0.000      0.000      0.000      0.000      0.000      0.000      0.000      0.000      0.000    
  227.1            195  24.10      0.000      0.000      0.000      0.000      0.000      0.000      0.000      0.000      0.000      0.000      0.000      0.000      0.000      0.000      0.000      0.000      0.000      0.000      0.000      0.000      0.000      0.000      0.000      0.000      0.000    
  228.3            196  24.10      0.000      0.000      0.000      0.000      0.000      0.000      0.000      0.000      0.000      0.000      0.000      0.000      0.000      0.000      0.000      0.000      0.000      0.000      0.000      0.000      0.000      0.000      0.000      0.000      0.000    
  229.5            197  24.10      0.000      0.000      0.000      0.000      0.000      0.000      0.000      0.000      0.000      0.000      0.000      0.000      0.000      0.000      0.000      0.000      0.000      0.000      0.000      0.000      0.000      0.000      0.000      0.000      0.000    
  230.6            198  24.10      0.000      0.000      0.000      0.000      0.000      0.000      0.000      0.000      0.000      0.000      0.000      0.000      0.000      0.000      0.000      0.000      0.000      0.000      0.000      0.000      0.000      0.000      0.000      0.000      0.000    
  231.8            199  24.10      0.000      0.000      0.000      0.000      0.000      0.000      0.000      0.000      0.000      0.000      0.000      0.000      0.000      0.000      0.000      0.000      0.000      0.000      0.000      0.000      0.000      0.000      0.000      0.000      0.000    
  233.0            200  24.10      0.000      0.000      0.000      0.000      0.000      0.000      0.000      0.000      0.000      0.000      0.000      0.000      0.000      0.000      0.000      0.000      0.000      0.000      0.000      0.000      0.000      0.000      0.000      0.000      0.000    
  234.1            201  24.10      0.000      0.000      0.000      0.000      0.000      0.000      0.000      0.000      0.000      0.000      0.000      0.000      0.000      0.000      0.000      0.000      0.000      0.000      0.000      0.000      0.000      0.000      0.000      0.000      0.000    
  235.3            202  24.10      0.000      0.000      0.000      0.000      0.000      0.000      0.000      0.000      0.000      0.000      0.000      0.000      0.000      0.000      0.000      0.000      0.000      0.000      0.000      0.000      0.000      0.000      0.000      0.000      0.000    
  236.5            203  24.10      0.000      0.000      0.000      0.000      0.000      0.000      0.000      0.000      0.000      0.000      0.000      0.000      0.000      0.000      0.000      0.000      0.000      0.000      0.000      0.000      0.000      0.000      0.000      0.000      0.000    
  237.7            204  24.10      0.000      0.000      0.000      0.000      0.000      0.000      0.000      0.000      0.000      0.000      0.000      0.000      0.000      0.000      0.000      0.000      0.000      0.000      0.000      0.000      0.000      0.000      0.000      0.000      0.000    
  238.8            205  24.10      0.000      0.000      0.000      0.000      0.000      0.000      0.000      0.000      0.000      0.000      0.000      0.000      0.000      0.000      0.000      0.000      0.000      0.000      0.000      0.000      0.000      0.000      0.000      0.000      0.000    
  240.0            206  24.10      0.000      0.000      0.000      0.000      0.000      0.000      0.000      0.000      0.000      0.000      0.000      0.000      0.000      0.000      0.000      0.000      0.000      0.000      0.000      0.000      0.000      0.000      0.000      0.000      0.000    
  241.2            207  24.10      0.000      0.000      0.000      0.000      0.000      0.000      0.000      0.000      0.000      0.000      0.000      0.000      0.000      0.000      0.000      0.000      0.000      0.000      0.000      0.000      0.000      0.000      0.000      0.000      0.000    
  242.3            208  24.10      0.000      0.000      0.000      0.000      0.000      0.000      0.000      0.000      0.000      0.000      0.000      0.000      0.000      0.000      0.000      0.000      0.000      0.000      0.000      0.000      0.000      0.000      0.000      0.000      0.000    
  243.5            209  24.10      0.000      0.000      0.000      0.000      0.000      0.000      0.000      0.000      0.000      0.000      0.000      0.000      0.000      0.000      0.000      0.000      0.000      0.000      0.000      0.000      0.000      0.000      0.000      0.000      0.000    
  244.7            210  24.10      0.000      0.000      0.000      0.000      0.000      0.000      0.000      0.000      0.000      0.000      0.000      0.000      0.000      0.000      0.000      0.000      0.000      0.000      0.000      0.000      0.000      0.000      0.000      0.000      0.000    
  245.9            211  24.10      0.000      0.000      0.000      0.000      0.000      0.000      0.000      0.000      0.000      0.000      0.000      0.000      0.000      0.000      0.000      0.000      0.000      0.000      0.000      0.000      0.000      0.000      0.000      0.000      0.000    
  247.0            212  24.10      0.000      0.000      0.000      0.000      0.000      0.000      0.000      0.000      0.000      0.000      0.000      0.000      0.000      0.000      0.000      0.000      0.000      0.000      0.000      0.000      0.000      0.000      0.000      0.000      0.000    
  248.2            213  24.10      0.000      0.000      0.000      0.000      0.000      0.000      0.000      0.000      0.000      0.000      0.000      0.000      0.000      0.000      0.000      0.000      0.000      0.000      0.000      0.000      0.000      0.000      0.000      0.000      0.000    
  249.4            214  24.10      0.000      0.000      0.000      0.000      0.000      0.000      0.000      0.000      0.000      0.000      0.000      0.000      0.000      0.000      0.000      0.000      0.000      0.000      0.000      0.000      0.000      0.000      0.000      0.000      0.000    
  250.5            215  24.10      0.000      0.000      0.000      0.000      0.000      0.000      0.000      0.000      0.000      0.000      0.000      0.000      0.000      0.000      0.000      0.000      0.000      0.000      0.000      0.000      0.000      0.000      0.000      0.000      0.000    
  251.7            216  24.10      0.000      0.000      0.000      0.000      0.000      0.000      0.000      0.000      0.000      0.000      0.000      0.000      0.000      0.000      0.000      0.000      0.000      0.000      0.000      0.000      0.000      0.000      0.000      0.000      0.000    
  252.9            217  24.10      0.000      0.000      0.000      0.000      0.000      0.000      0.000      0.000      0.000      0.000      0.000      0.000      0.000      0.000      0.000      0.000      0.000      0.000      0.000      0.000      0.000      0.000      0.000      0.000      0.000    
  254.0            218  24.10      0.000      0.000      0.000      0.000      0.000      0.000      0.000      0.000      0.000      0.000      0.000      0.000      0.000      0.000      0.000      0.000      0.000      0.000      0.000      0.000      0.000      0.000      0.000      0.000      0.000    
  255.2            219  24.10      0.000      0.000      0.000      0.000      0.000      0.000      0.000      0.000      0.000      0.000      0.000      0.000      0.000      0.000      0.000      0.000      0.000      0.000      0.000      0.000      0.000      0.000      0.000      0.000      0.000    
  256.4            220  24.10      0.000      0.000      0.000      0.000      0.000      0.000      0.000      0.000      0.000      0.000      0.000      0.000      0.000      0.000      0.000      0.000      0.000      0.000      0.000      0.000      0.000      0.000      0.000      0.000      0.000    
  257.6            221  24.10      0.000      0.000      0.000      0.000      0.000      0.000      0.000      0.000      0.000      0.000      0.000      0.000      0.000      0.000      0.000      0.000      0.000      0.000      0.000      0.000      0.000      0.000      0.000      0.000      0.000    
  258.7            222  24.10      0.000      0.000      0.000      0.000      0.000      0.000      0.000      0.000      0.000      0.000      0.000      0.000      0.000      0.000      0.000      0.000      0.000      0.000      0.000      0.000      0.000      0.000      0.000      0.000      0.000    
  259.9            223  24.10      0.000      0.000      0.000      0.000      0.000      0.000      0.000      0.000      0.000      0.000      0.000      0.000      0.000      0.000      0.000      0.000      0.000      0.000      0.000      0.000      0.000      0.000      0.000      0.000      0.000    
  261.1            224  24.10      0.000      0.000      0.000      0.000      0.000      0.000      0.000      0.000      0.000      0.000      0.000      0.000      0.000      0.000      0.000      0.000      0.000      0.000      0.000      0.000      0.000      0.000      0.000      0.000      0.000    
  262.2            225  24.10      0.000      0.000      0.000      0.000      0.000      0.000      0.000      0.000      0.000      0.000      0.000      0.000      0.000      0.000      0.000      0.000      0.000      0.000      0.000      0.000      0.000      0.000      0.000      0.000      0.000    
  263.4            226  24.10      0.000      0.000      0.000      0.000      0.000      0.000      0.000      0.000      0.000      0.000      0.000      0.000      0.000      0.000      0.000      0.000      0.000      0.000      0.000      0.000      0.000      0.000      0.000      0.000      0.000    
  264.6            227  24.10      0.000      0.000      0.000      0.000      0.000      0.000      0.000      0.000      0.000      0.000      0.000      0.000      0.000      0.000      0.000      0.000      0.000      0.000      0.000      0.000      0.000      0.000      0.000      0.000      0.000    
  265.8            228  24.10      0.000      0.000      0.000      0.000      0.000      0.000      0.000      0.000      0.000      0.000      0.000      0.000      0.000      0.000      0.000      0.000      0.000      0.000      0.000      0.000      0.000      0.000      0.000      0.000      0.000    
  266.9            229  24.10      0.000      0.000      0.000      0.000      0.000      0.000      0.000      0.000      0.000      0.000      0.000      0.000      0.000      0.000      0.000      0.000      0.000      0.000      0.000      0.000      0.000      0.000      0.000      0.000      0.000    
  268.1            230  24.10      0.000      0.000      0.000      0.000      0.000      0.000      0.000      0.000      0.000      0.000      0.000      0.000      0.000      0.000      0.000      0.000      0.000      0.000      0.000      0.000      0.000      0.000      0.000      0.000      0.000    
  269.3            231  24.10      0.000      0.000      0.000      0.000      0.000      0.000      0.000      0.000      0.000      0.000      0.000      0.000      0.000      0.000      0.000      0.000      0.000      0.000      0.000      0.000      0.000      0.000      0.000      0.000      0.000    
  270.4            232  24.10      0.000      0.000      0.000      0.000      0.000      0.000      0.000      0.000      0.000      0.000      0.000      0.000      0.000      0.000      0.000      0.000      0.000      0.000      0.000      0.000      0.000      0.000      0.000      0.000      0.000    
  271.6            233  24.10      0.000      0.000      0.000      0.000      0.000      0.000      0.000      0.000      0.000      0.000      0.000      0.000      0.000      0.000      0.000      0.000      0.000      0.000      0.000      0.000      0.000      0.000      0.000      0.000      0.000    
  272.8            234  24.10      0.000      0.000      0.000      0.000      0.000      0.000      0.000      0.000      0.000      0.000      0.000      0.000      0.000      0.000      0.000      0.000      0.000      0.000      0.000      0.000      0.000      0.000      0.000      0.000      0.000    
  273.9            235  24.10      0.000      0.000      0.000      0.000      0.000      0.000      0.000      0.000      0.000      0.000      0.000      0.000      0.000      0.000      0.000      0.000      0.000      0.000      0.000      0.000      0.000      0.000      0.000      0.000      0.000    
  275.1            236  24.10      0.000      0.000      0.000      0.000      0.000      0.000      0.000      0.000      0.000      0.000      0.000      0.000      0.000      0.000      0.000      0.000      0.000      0.000      0.000      0.000      0.000      0.000      0.000      0.000      0.000    
  276.3            237  24.10      0.000      0.000      0.000      0.000      0.000      0.000      0.000      0.000      0.000      0.000      0.000      0.000      0.000      0.000      0.000      0.000      0.000      0.000      0.000      0.000      0.000      0.000      0.000      0.000      0.000    
  277.5            238  24.10      0.000      0.000      0.000      0.000      0.000      0.000      0.000      0.000      0.000      0.000      0.000      0.000      0.000      0.000      0.000      0.000      0.000      0.000      0.000      0.000      0.000      0.000      0.000      0.000      0.000    
  278.6            239  24.10      0.000      0.000      0.000      0.000      0.000      0.000      0.000      0.000      0.000      0.000      0.000      0.000      0.000      0.000      0.000      0.000      0.000      0.000      0.000      0.000      0.000      0.000      0.000      0.000      0.000    
  279.8            240  24.10      0.000      0.000      0.000      0.000      0.000      0.000      0.000      0.000      0.000      0.000      0.000      0.000      0.000      0.000      0.000      0.000      0.000      0.000      0.000      0.000      0.000      0.000      0.000      0.000      0.000    
  281.0            241  24.10      0.000      0.000      0.000      0.000      0.000      0.000      0.000      0.000      0.000      0.000      0.000      0.000      0.000      0.000      0.000      0.000      0.000      0.000      0.000      0.000      0.000      0.000      0.000      0.000      0.000    
  282.1            242  24.10      0.000      0.000      0.000      0.000      0.000      0.000      0.000      0.000      0.000      0.000      0.000      0.000      0.000      0.000      0.000      0.000      0.000      0.000      0.000      0.000      0.000      0.000      0.000      0.000      0.000    
  283.3            243  24.10      0.000      0.000      0.000      0.000      0.000      0.000      0.000      0.000      0.000      0.000      0.000      0.000      0.000      0.000      0.000      0.000      0.000      0.000      0.000      0.000      0.000      0.000      0.000      0.000      0.000    
  284.5            244  24.10      0.000      0.000      0.000      0.000      0.000      0.000      0.000      0.000      0.000      0.000      0.000      0.000      0.000      0.000      0.000      0.000      0.000      0.000      0.000      0.000      0.000      0.000      0.000      0.000      0.000    
  285.7            245  24.10      0.000      0.000      0.000      0.000      0.000      0.000      0.000      0.000      0.000      0.000      0.000      0.000      0.000      0.000      0.000      0.000      0.000      0.000      0.000      0.000      0.000      0.000      0.000      0.000      0.000    
  286.8            246  24.10      0.000      0.000      0.000      0.000      0.000      0.000      0.000      0.000      0.000      0.000      0.000      0.000      0.000      0.000      0.000      0.000      0.000      0.000      0.000      0.000      0.000      0.000      0.000      0.000      0.000    
  288.0            247  24.10      0.000      0.000      0.000      0.000      0.000      0.000      0.000      0.000      0.000      0.000      0.000      0.000      0.000      0.000      0.000      0.000      0.000      0.000      0.000      0.000      0.000      0.000      0.000      0.000      0.000    
  289.2            248  24.10      0.000      0.000      0.000      0.000      0.000      0.000      0.000      0.000      0.000      0.000      0.000      0.000      0.000      0.000      0.000      0.000      0.000      0.000      0.000      0.000      0.000      0.000      0.000      0.000      0.000    
  290.3            249  24.10      0.000      0.000      0.000      0.000      0.000      0.000      0.000      0.000      0.000      0.000      0.000      0.000      0.000      0.000      0.000      0.000      0.000      0.000      0.000      0.000      0.000      0.000      0.000      0.000      0.000    
  291.5            250  24.10      0.000      0.000      0.000      0.000      0.000      0.000      0.000      0.000      0.000      0.000      0.000      0.000      0.000      0.000      0.000      0.000      0.000      0.000      0.000      0.000      0.000      0.000      0.000      0.000      0.000    
  292.7            251  24.10      0.000      0.000      0.000      0.000      0.000      0.000      0.000      0.000      0.000      0.000      0.000      0.000      0.000      0.000      0.000      0.000      0.000      0.000      0.000      0.000      0.000      0.000      0.000      0.000      0.000    
  293.8            252  24.10      0.000      0.000      0.000      0.000      0.000      0.000      0.000      0.000      0.000      0.000      0.000      0.000      0.000      0.000      0.000      0.000      0.000      0.000      0.000      0.000      0.000      0.000      0.000      0.000      0.000    
  295.0            253  24.10      0.000      0.000      0.000      0.000      0.000      0.000      0.000      0.000      0.000      0.000      0.000      0.000      0.000      0.000      0.000      0.000      0.000      0.000      0.000      0.000      0.000      0.000      0.000      0.000      0.000    
  296.2            254  24.10      0.000      0.000      0.000      0.000      0.000      0.000      0.000      0.000      0.000      0.000      0.000      0.000      0.000      0.000      0.000      0.000      0.000      0.000      0.000      0.000      0.000      0.000      0.000      0.000      0.000    
  297.4            255  24.10      0.000      0.000      0.000      0.000      0.000      0.000      0.000      0.000      0.000      0.000      0.000      0.000      0.000      0.000      0.000      0.000      0.000      0.000      0.000      0.000      0.000      0.000      0.000      0.000      0.000    
  298.5            256  24.10      0.000      0.000      0.000      0.000      0.000      0.000      0.000      0.000      0.000      0.000      0.000      0.000      0.000      0.000      0.000      0.000      0.000      0.000      0.000      0.000      0.000      0.000      0.000      0.000      0.000    
  299.7            257  24.10      0.000      0.000      0.000      0.000      0.000      0.000      0.000      0.000      0.000      0.000      0.000      0.000      0.000      0.000      0.000      0.000      0.000      0.000      0.000      0.000      0.000      0.000      0.000      0.000      0.000    
  300.9            258  24.10      0.000      0.000      0.000      0.000      0.000      0.000      0.000      0.000      0.000      0.000      0.000      0.000      0.000      0.000      0.000      0.000      0.000      0.000      0.000      0.000      0.000      0.000      0.000      0.000      0.000    
  302.0            259  24.10      0.000      0.000      0.000      0.000      0.000      0.000      0.000      0.000      0.000      0.000      0.000      0.000      0.000      0.000      0.000      0.000      0.000      0.000      0.000      0.000      0.000      0.000      0.000      0.000      0.000    
  303.2            260  24.10      0.000      0.000      0.000      0.000      0.000      0.000      0.000      0.000      0.000      0.000      0.000      0.000      0.000      0.000      0.000      0.000      0.000      0.000      0.000      0.000      0.000      0.000      0.000      0.000      0.000    
  304.4            261  24.10      0.000      0.000      0.000      0.000      0.000      0.000      0.000      0.000      0.000      0.000      0.000      0.000      0.000      0.000      0.000      0.000      0.000      0.000      0.000      0.000      0.000      0.000      0.000      0.000      0.000    
  305.6            262  24.10      0.000      0.000      0.000      0.000      0.000      0.000      0.000      0.000      0.000      0.000      0.000      0.000      0.000      0.000      0.000      0.000      0.000      0.000      0.000      0.000      0.000      0.000      0.000      0.000      0.000    
  306.7            263  24.10      0.000      0.000      0.000      0.000      0.000      0.000      0.000      0.000      0.000      0.000      0.000      0.000      0.000      0.000      0.000      0.000      0.000      0.000      0.000      0.000      0.000      0.000      0.000      0.000      0.000    
  307.9            264  24.10      0.000      0.000      0.000      0.000      0.000      0.000      0.000      0.000      0.000      0.000      0.000      0.000      0.000      0.000      0.000      0.000      0.000      0.000      0.000      0.000      0.000      0.000      0.000      0.000      0.000    
  309.1            265  24.10      0.000      0.000      0.000      0.000      0.000      0.000      0.000      0.000      0.000      0.000      0.000      0.000      0.000      0.000      0.000      0.000      0.000      0.000      0.000      0.000      0.000      0.000      0.000      0.000      0.000    
  310.2            266  24.10      0.000      0.000      0.000      0.000      0.000      0.000      0.000      0.000      0.000      0.000      0.000      0.000      0.000      0.000      0.000      0.000      0.000      0.000      0.000      0.000      0.000      0.000      0.000      0.000      0.000    
  311.4            267  24.10      0.000      0.000      0.000      0.000      0.000      0.000      0.000      0.000      0.000      0.000      0.000      0.000      0.000      0.000      0.000      0.000      0.000      0.000      0.000      0.000      0.000      0.000      0.000      0.000      0.000    
  312.6            268  24.10      0.000      0.000      0.000      0.000      0.000      0.000      0.000      0.000      0.000      0.000      0.000      0.000      0.000      0.000      0.000      0.000      0.000      0.000      0.000      0.000      0.000      0.000      0.000      0.000      0.000    
  313.7            269  24.10      0.000      0.000      0.000      0.000      0.000      0.000      0.000      0.000      0.000      0.000      0.000      0.000      0.000      0.000      0.000      0.000      0.000      0.000      0.000      0.000      0.000      0.000      0.000      0.000      0.000    
  314.9            270  24.10      0.000      0.000      0.000      0.000      0.000      0.000      0.000      0.000      0.000      0.000      0.000      0.000      0.000      0.000      0.000      0.000      0.000      0.000      0.000      0.000      0.000      0.000      0.000      0.000      0.000    
  316.1            271  24.10      0.000      0.000      0.000      0.000      0.000      0.000      0.000      0.000      0.000      0.000      0.000      0.000      0.000      0.000      0.000      0.000      0.000      0.000      0.000      0.000      0.000      0.000      0.000      0.000      0.000    
  317.3            272  24.10      0.000      0.000      0.000      0.000      0.000      0.000      0.000      0.000      0.000      0.000      0.000      0.000      0.000      0.000      0.000      0.000      0.000      0.000      0.000      0.000      0.000      0.000      0.000      0.000      0.000    
  318.4            273  24.10      0.000      0.000      0.000      0.000      0.000      0.000      0.000      0.000      0.000      0.000      0.000      0.000      0.000      0.000      0.000      0.000      0.000      0.000      0.000      0.000      0.000      0.000      0.000      0.000      0.000    
  319.6            274  24.10      0.000      0.000      0.000      0.000      0.000      0.000      0.000      0.000      0.000      0.000      0.000      0.000      0.000      0.000      0.000      0.000      0.000      0.000      0.000      0.000      0.000      0.000      0.000      0.000      0.000    
  320.8            275  24.10      0.000      0.000      0.000      0.000      0.000      0.000      0.000      0.000      0.000      0.000      0.000      0.000      0.000      0.000      0.000      0.000      0.000      0.000      0.000      0.000      0.000      0.000      0.000      0.000      0.000    
  321.9            276  24.10      0.000      0.000      0.000      0.000      0.000      0.000      0.000      0.000      0.000      0.000      0.000      0.000      0.000      0.000      0.000      0.000      0.000      0.000      0.000      0.000      0.000      0.000      0.000      0.000      0.000    
  323.1            277  24.10      0.000      0.000      0.000      0.000      0.000      0.000      0.000      0.000      0.000      0.000      0.000      0.000      0.000      0.000      0.000      0.000      0.000      0.000      0.000      0.000      0.000      0.000      0.000      0.000      0.000    
  324.3            278  24.10      0.000      0.000      0.000      0.000      0.000      0.000      0.000      0.000      0.000      0.000      0.000      0.000      0.000      0.000      0.000      0.000      0.000      0.000      0.000      0.000      0.000      0.000      0.000      0.000      0.000    
  325.5            279  24.10      0.000      0.000      0.000      0.000      0.000      0.000      0.000      0.000      0.000      0.000      0.000      0.000      0.000      0.000      0.000      0.000      0.000      0.000      0.000      0.000      0.000      0.000      0.000      0.000      0.000    
  326.6            280  24.10      0.000      0.000      0.000      0.000      0.000      0.000      0.000      0.000      0.000      0.000      0.000      0.000      0.000      0.000      0.000      0.000      0.000      0.000      0.000      0.000      0.000      0.000      0.000      0.000      0.000    
  327.8            281  24.10      0.000      0.000      0.000      0.000      0.000      0.000      0.000      0.000      0.000      0.000      0.000      0.000      0.000      0.000      0.000      0.000      0.000      0.000      0.000      0.000      0.000      0.000      0.000      0.000      0.000    
  329.0            282  24.10      0.000      0.000      0.000      0.000      0.000      0.000      0.000      0.000      0.000      0.000      0.000      0.000      0.000      0.000      0.000      0.000      0.000      0.000      0.000      0.000      0.000      0.000      0.000      0.000      0.000    
  330.1            283  24.10      0.000      0.000      0.000      0.000      0.000      0.000      0.000      0.000      0.000      0.000      0.000      0.000      0.000      0.000      0.000      0.000      0.000      0.000      0.000      0.000      0.000      0.000      0.000      0.000      0.000    
  331.3            284  24.10      0.000      0.000      0.000      0.000      0.000      0.000      0.000      0.000      0.000      0.000      0.000      0.000      0.000      0.000      0.000      0.000      0.000      0.000      0.000      0.000      0.000      0.000      0.000      0.000      0.000    
  332.5            285  24.10      0.000      0.000      0.000      0.000      0.000      0.000      0.000      0.000      0.000      0.000      0.000      0.000      0.000      0.000      0.000      0.000      0.000      0.000      0.000      0.000      0.000      0.000      0.000      0.000      0.000    
  333.6            286  24.10      0.000      0.000      0.000      0.000      0.000      0.000      0.000      0.000      0.000      0.000      0.000      0.000      0.000      0.000      0.000      0.000      0.000      0.000      0.000      0.000      0.000      0.000      0.000      0.000      0.000    
  334.8            287  24.10      0.000      0.000      0.000      0.000      0.000      0.000      0.000      0.000      0.000      0.000      0.000      0.000      0.000      0.000      0.000      0.000      0.000      0.000      0.000      0.000      0.000      0.000      0.000      0.000      0.000    
  336.0            288  24.10      0.000      0.000      0.000      0.000      0.000      0.000      0.000      0.000      0.000      0.000      0.000      0.000      0.000      0.000      0.000      0.000      0.000      0.000      0.000      0.000      0.000      0.000      0.000      0.000      0.000    
  337.2            289  24.10      0.000      0.000      0.000      0.000      0.000      0.000      0.000      0.000      0.000      0.000      0.000      0.000      0.000      0.000      0.000      0.000      0.000      0.000      0.000      0.000      0.000      0.000      0.000      0.000      0.000    
  338.3            290  24.10      0.000      0.000      0.000      0.000      0.000      0.000      0.000      0.000      0.000      0.000      0.000      0.000      0.000      0.000      0.000      0.000      0.000      0.000      0.000      0.000      0.000      0.000      0.000      0.000      0.000    
  339.5            291  24.10      0.000      0.000      0.000      0.000      0.000      0.000      0.000      0.000      0.000      0.000      0.000      0.000      0.000      0.000      0.000      0.000      0.000      0.000      0.000      0.000      0.000      0.000      0.000      0.000      0.000    
  340.7            292  24.10      0.000      0.000      0.000      0.000      0.000      0.000      0.000      0.000      0.000      0.000      0.000      0.000      0.000      0.000      0.000      0.000      0.000      0.000      0.000      0.000      0.000      0.000      0.000      0.000      0.000    
  341.8            293  24.10      0.000      0.000      0.000      0.000      0.000      0.000      0.000      0.000      0.000      0.000      0.000      0.000      0.000      0.000      0.000      0.000      0.000      0.000      0.000      0.000      0.000      0.000      0.000      0.000      0.000    
  343.0            294  24.10      0.000      0.000      0.000      0.000      0.000      0.000      0.000      0.000      0.000      0.000      0.000      0.000      0.000      0.000      0.000      0.000      0.000      0.000      0.000      0.000      0.000      0.000      0.000      0.000      0.000    
  344.2            295  24.10      0.000      0.000      0.000      0.000      0.000      0.000      0.000      0.000      0.000      0.000      0.000      0.000      0.000      0.000      0.000      0.000      0.000      0.000      0.000      0.000      0.000      0.000      0.000      0.000      0.000    
  345.4            296  24.10      0.000      0.000      0.000      0.000      0.000      0.000      0.000      0.000      0.000      0.000      0.000      0.000      0.000      0.000      0.000      0.000      0.000      0.000      0.000      0.000      0.000      0.000      0.000      0.000      0.000    
  346.5            297  24.10      0.000      0.000      0.000      0.000      0.000      0.000      0.000      0.000      0.000      0.000      0.000      0.000      0.000      0.000      0.000      0.000      0.000      0.000      0.000      0.000      0.000      0.000      0.000      0.000      0.000    
  347.7            298  24.10      0.000      0.000      0.000      0.000      0.000      0.000      0.000      0.000      0.000      0.000      0.000      0.000      0.000      0.000      0.000      0.000      0.000      0.000      0.000      0.000      0.000      0.000      0.000      0.000      0.000    
  348.9            299  24.10      0.000      0.000      0.000      0.000      0.000      0.000      0.000      0.000      0.000      0.000      0.000      0.000      0.000      0.000      0.000      0.000      0.000      0.000      0.000      0.000      0.000      0.000      0.000      0.000      0.000    
  350.0            300  24.10      0.000      0.000      0.000      0.000      0.000      0.000      0.000      0.000      0.000      0.000      0.000      0.000      0.000      0.000      0.000      0.000      0.000      0.000      0.000      0.000      0.000      0.000      0.000      0.000      0.000    
