    1     0.000    0.551    0.551    0.551  62.132      62.132      210.29      240.27      284.45      284.45    
    2     0.024    0.537    0.537    0.537  62.111      62.111      209.86      240.57      284.44      284.44    
    3     0.049    0.523    0.523    0.523  62.047      62.047      208.63      241.43      284.42      284.42    
    4     0.073    0.509    0.509    0.509  61.937      61.937      206.69      242.74      284.38      284.38    
    5     0.098    0.494    0.494    0.494  61.781      61.781      204.18      244.37      284.32      284.32    
    6     0.122    0.480    0.480    0.480  61.572      61.572      201.21      246.22      284.26      284.26    
    7     0.147    0.466    0.466    0.466  61.308      61.308      197.84      248.21      284.20      284.20    
    8     0.171    0.452    0.452    0.452  60.982      60.982      194.15      250.29      284.14      284.14    
    9     0.196    0.438    0.438    0.438  60.587      60.587      190.16      252.42      284.08      284.08    
   10     0.220    0.424    0.424    0.424  60.117      60.117      185.92      254.57      284.05      284.05    
   11     0.245    0.410    0.410    0.410  59.565      59.565      181.43      256.74      284.03      284.03    
   12     0.269    0.396    0.396    0.396  58.923      58.923      176.72      258.90      284.05      284.05    
   13     0.294    0.381    0.381    0.381  58.184      58.184      171.80      261.04      284.11      284.11    
   14     0.318    0.367    0.367    0.367  57.341      57.341      166.68      263.17      284.20      284.20    
   15     0.343    0.353    0.353    0.353  56.387      56.387      161.37      265.28      284.35      284.35    
   16     0.367    0.339    0.339    0.339  55.317      55.317      155.89      267.35      284.55      284.55    
   17     0.391    0.325    0.325    0.325  54.126      54.127      150.24      269.39      284.80      284.80    
   18     0.416    0.311    0.311    0.311  52.812      52.812      144.45      271.38      285.12      285.12    
   19     0.440    0.297    0.297    0.297  51.371      51.371      138.51      273.33      285.49      285.49    
   20     0.465    0.283    0.283    0.283  49.804      49.804      132.45      275.23      285.92      285.92    
   21     0.489    0.268    0.268    0.268  48.111      48.111      126.27      277.07      286.40      286.40    
   22     0.514    0.254    0.254    0.254  46.295      46.295      119.99      278.85      286.93      286.93    
   23     0.538    0.240    0.240    0.240  44.359      44.359      113.62      280.57      287.51      287.51    
   24     0.563    0.226    0.226    0.226  42.309      42.309      107.17      282.21      288.13      288.13    
   25     0.587    0.212    0.212    0.212  40.150      40.150      100.65      283.78      288.78      288.78    
   26     0.612    0.198    0.198    0.198  37.890      37.890      94.072      285.27      289.45      289.45    
   27     0.636    0.184    0.184    0.184  35.536      35.536      87.449      286.68      290.13      290.13    
   28     0.661    0.170    0.170    0.170  33.096      33.096      80.789      287.99      290.81      290.81    
   29     0.685    0.155    0.155    0.155  30.579      30.579      74.099      289.21      291.49      291.49    
   30     0.710    0.141    0.141    0.141  27.994      27.994      67.388      290.34      292.15      292.15    
   31     0.734    0.127    0.127    0.127  25.348      25.348      60.661      291.37      292.78      292.78    
   32     0.759    0.113    0.113    0.113  22.650      22.650      53.925      292.30      293.37      293.37    
   33     0.783    0.099    0.099    0.099  19.907      19.907      47.182      293.13      293.91      293.91    
   34     0.807    0.085    0.085    0.085  17.128      17.128      40.438      293.84      294.41      294.41    
   35     0.832    0.071    0.071    0.071  14.317      14.317      33.694      294.46      294.83      294.83    
   36     0.856    0.057    0.057    0.057  11.483      11.483      26.952      294.96      295.19      295.19    
   37     0.881    0.042    0.042    0.042  8.6305      8.6305      20.212      295.35      295.48      295.48    
   38     0.905    0.028    0.028    0.028  5.7655      5.7655      13.475      295.63      295.69      295.69    
   39     0.930    0.014    0.014    0.014  2.8969      2.8971      6.7421      295.80      295.81      295.81    
   40     0.954    0.000    0.000    0.000 0.30257     0.30475     0.30475      295.85      295.85      295.85    
   41     0.954    0.000    0.000    0.000 0.30257     0.30475     0.30475      295.85      295.85      295.85    
   42     0.984    0.021    0.021    0.000  3.3589      3.8915      8.1724      295.76      295.79      295.81    
   43     1.014    0.042    0.042    0.000  6.6927      7.8198      16.306      295.48      295.58      295.67    
   44     1.044    0.064    0.064    0.000  10.023      11.856      24.380      295.02      295.23      295.43    
   45     1.074    0.085    0.085    0.000  13.342      16.039      32.364      294.41      294.74      295.11    
   46     1.104    0.106    0.106    0.000  16.643      20.397      40.230      293.65      294.09      294.70    
   47     1.134    0.127    0.127    0.000  19.922      24.947      47.950      292.79      293.28      294.21    
   48     1.164    0.148    0.148    0.000  23.173      29.691      55.500      291.84      292.30      293.64    
   49     1.194    0.170    0.170    0.000  26.391      34.619      62.857      290.85      291.15      293.00    
   50     1.224    0.191    0.191    0.000  29.568      39.707      70.003      289.80      289.85      292.30    
   51     1.254    0.212    0.212    0.000  32.698      44.922      76.923      288.26      288.86      291.53    
   52     1.284    0.233    0.233    0.000  35.774      50.222      83.605      286.52      287.92      290.72    
   53     1.314    0.254    0.254    0.000  38.788      55.557      90.043      284.58      287.06      289.86    
   54     1.344    0.275    0.275    0.000  41.733      60.874      96.238      282.43      286.30      288.96    
   55     1.374    0.297    0.297    0.000  44.601      66.117      102.19      280.08      285.65      288.02    
   56     1.404    0.318    0.318    0.000  47.383      71.229      107.92      277.52      285.11      287.06    
   57     1.434    0.339    0.339    0.000  50.071      76.152      113.42      274.78      284.70      286.07    
   58     1.464    0.360    0.360    0.000  52.659      80.834      118.72      271.85      284.40      285.07    
   59     1.494    0.381    0.381    0.000  55.138      85.227      123.84      268.76      284.06      284.19    
   60     1.524    0.403    0.403    0.000  57.502      89.288      128.80      265.52      283.05      284.07    
   61     1.554    0.424    0.424    0.000  59.744      92.984      133.61      262.16      282.03      284.01    
   62     1.584    0.445    0.445    0.000  61.859      96.291      138.29      258.68      281.02      283.98    
   63     1.614    0.466    0.466    0.000  63.841      99.195      142.86      255.12      280.01      283.97    
   64     1.643    0.487    0.487    0.000  65.688      101.69      147.32      251.51      279.02      283.94    
   65     1.673    0.509    0.509    0.000  67.395      103.80      151.70      247.86      278.05      283.89    
   66     1.703    0.530    0.530    0.000  68.963      105.53      156.00      244.21      277.11      283.78    
   67     1.733    0.551    0.551    0.000  70.389      106.92      160.21      240.58      276.19      283.62    
   68     1.763    0.572    0.572    0.000  71.675      108.00      164.34      237.01      275.31      283.40    
   69     1.793    0.593    0.593    0.000  72.823      108.82      168.39      233.52      274.47      283.10    
   70     1.823    0.615    0.615    0.000  73.836      109.42      172.36      230.15      273.67      282.74    
   71     1.853    0.636    0.636    0.000  74.717      109.83      176.25      226.94      272.93      282.32    
   72     1.883    0.657    0.657    0.000  75.472      110.08      180.05      223.95      272.24      281.84    
   73     1.913    0.678    0.678    0.000  76.108      110.19      183.77      221.22      271.62      281.32    
   74     1.943    0.699    0.699    0.000  76.631      110.13      187.40      218.83      271.05      280.77    
   75     1.973    0.720    0.720    0.000  77.050      109.89      190.95      216.83      270.55      280.19    
   76     2.003    0.742    0.742    0.000  77.373      109.43      194.41      215.28      270.13      279.59    
   77     2.033    0.763    0.763    0.000  77.610      108.70      197.80      214.25      269.77      278.99    
   78     2.063    0.784    0.784    0.000  77.769      107.66      201.12      213.77      269.47      278.38    
   79     2.093    0.805    0.805    0.000  77.861      106.27      204.36      213.86      269.25      277.77    
   80     2.123    0.826    0.826    0.000  77.896      104.53      207.54      214.50      269.08      277.14    
   81     2.123    0.826    0.826    0.000  77.896      104.53      207.54      214.50      269.08      277.14    
   82     2.133    0.833    0.833    0.000  77.896      103.87      208.59      214.82      269.04      276.94    
   83     2.143    0.841    0.841    0.000  77.892      103.18      209.62      215.21      269.00      276.72    
   84     2.153    0.848    0.848    0.000  77.883      102.45      210.65      215.64      268.97      276.51    
   85     2.163    0.855    0.855    0.000  77.870      101.68      211.67      216.12      268.95      276.30    
   86     2.173    0.862    0.862    0.000  77.853      100.88      212.69      216.65      268.93      276.08    
   87     2.183    0.869    0.869    0.000  77.832      100.06      213.69      217.21      268.91      275.87    
   88     2.193    0.876    0.876    0.000  77.808      99.202      214.69      217.82      268.91      275.65    
   89     2.203    0.883    0.883    0.000  77.781      98.323      215.67      218.46      268.90      275.43    
   90     2.213    0.890    0.890    0.000  77.752      97.422      216.65      219.13      268.90      275.20    
   91     2.223    0.897    0.897    0.000  77.720      96.502      217.61      219.82      268.91      274.97    
   92     2.233    0.904    0.904    0.000  77.686      95.566      218.57      220.54      268.91      274.75    
   93     2.243    0.911    0.911    0.000  77.651      94.618      219.51      221.27      268.92      274.51    
   94     2.253    0.918    0.918    0.000  77.615      93.660      220.44      222.02      268.94      274.28    
   95     2.263    0.925    0.925    0.000  77.577      92.698      221.36      222.78      268.96      274.04    
   96     2.273    0.932    0.932    0.000  77.538      91.733      222.26      223.54      268.98      273.80    
   97     2.283    0.939    0.939    0.000  77.500      90.769      223.15      224.31      269.00      273.56    
   98     2.293    0.946    0.946    0.000  77.460      89.811      224.02      225.07      269.02      273.32    
   99     2.303    0.954    0.954    0.000  77.421      88.861      224.87      225.83      269.05      273.07    
  100     2.313    0.961    0.961    0.000  77.382      87.923      225.70      226.58      269.07      272.83    
  101     2.323    0.968    0.968    0.000  77.343      87.002      226.51      227.31      269.10      272.58    
  102     2.333    0.975    0.975    0.000  77.305      86.100      227.29      228.03      269.13      272.34    
  103     2.343    0.982    0.982    0.000  77.268      85.222      228.06      228.73      269.16      272.10    
  104     2.353    0.989    0.989    0.000  77.232      84.370      228.79      229.40      269.19      271.86    
  105     2.363    0.996    0.996    0.000  77.197      83.549      229.50      230.05      269.22      271.62    
  106     2.373    1.003    1.003    0.000  77.164      82.762      230.17      230.67      269.24      271.39    
  107     2.383    1.010    1.010    0.000  77.132      82.012      230.82      231.26      269.27      271.16    
  108     2.393    1.017    1.017    0.000  77.102      81.303      231.42      231.82      269.30      270.94    
  109     2.403    1.024    1.024    0.000  77.074      80.637      231.99      232.34      269.32      270.73    
  110     2.413    1.031    1.031    0.000  77.048      80.018      232.53      232.82      269.35      270.53    
  111     2.423    1.038    1.038    0.000  77.024      79.449      233.02      233.26      269.37      270.35    
  112     2.433    1.045    1.045    0.000  77.002      78.932      233.46      233.66      269.39      270.18    
  113     2.443    1.052    1.052    0.000  76.983      78.469      233.86      234.02      269.41      270.02    
  114     2.453    1.059    1.059    0.000  76.965      78.064      234.21      234.33      269.42      269.88    
  115     2.463    1.067    1.067    0.000  76.951      77.717      234.51      234.60      269.44      269.76    
  116     2.473    1.074    1.074    0.000  76.939      77.431      234.76      234.82      269.45      269.65    
  117     2.483    1.081    1.081    0.000  76.930      77.207      234.95      234.99      269.46      269.57    
  118     2.493    1.088    1.088    0.000  76.923      77.047      235.09      235.11      269.46      269.52    
  119     2.503    1.095    1.095    0.000  76.919      76.950      235.18      235.18      269.47      269.48    
  120     2.513    1.102    1.102    0.000  76.917      76.917      235.21      235.21      269.47      269.47    
  121     2.513    1.102    1.102    0.000  76.917      76.917      235.21      235.21      269.47      269.47    
  122     2.527    1.088    1.102    0.000  76.951      76.951      235.15      235.15      269.48      269.48    
  123     2.541    1.074    1.102    0.000  77.052      77.052      235.00      235.00      269.51      269.51    
  124     2.555    1.059    1.102    0.000  77.220      77.220      234.73      234.73      269.56      269.56    
  125     2.569    1.045    1.102    0.000  77.454      77.454      234.37      234.37      269.63      269.63    
  126     2.583    1.031    1.102    0.000  77.754      77.754      233.91      233.91      269.72      269.72    
  127     2.597    1.017    1.102    0.000  78.119      78.119      233.35      233.35      269.82      269.82    
  128     2.611    1.003    1.102    0.000  78.547      78.547      232.70      232.70      269.93      269.93    
  129     2.626    0.989    1.102    0.000  79.037      79.037      231.97      231.97      270.05      270.05    
  130     2.640    0.975    1.102    0.000  79.587      79.587      231.15      231.15      270.18      270.18    
  131     2.654    0.961    1.102    0.000  80.196      80.196      230.26      230.26      270.32      270.32    
  132     2.668    0.946    1.102    0.000  80.860      80.860      229.29      229.29      270.46      270.46    
  133     2.682    0.932    1.102    0.000  81.579      81.579      228.26      228.26      270.60      270.60    
  134     2.696    0.918    1.102    0.000  82.349      82.349      227.17      227.17      270.74      270.74    
  135     2.710    0.904    1.102    0.000  83.166      83.166      226.03      226.03      270.88      270.88    
  136     2.724    0.890    1.102    0.000  84.028      84.028      224.84      224.84      271.01      271.01    
  137     2.739    0.876    1.102    0.000  84.930      84.930      223.61      223.61      271.14      271.14    
  138     2.753    0.862    1.102    0.000  85.869      85.869      222.34      222.34      271.26      271.26    
  139     2.767    0.848    1.102    0.000  86.840      86.840      221.04      221.04      271.38      271.38    
  140     2.781    0.833    1.102    0.000  87.839      87.839      219.72      219.72      271.49      271.49    
  141     2.795    0.819    1.102    0.000  88.860      88.860      218.39      218.39      271.59      271.59    
  142     2.809    0.805    1.102    0.000  89.897      89.897      217.05      217.05      271.69      271.69    
  143     2.823    0.791    1.102    0.000  90.944      90.944      215.70      215.70      271.77      271.77    
  144     2.837    0.777    1.102    0.000  91.996      91.996      214.37      214.37      271.85      271.85    
  145     2.852    0.763    1.102    0.000  93.044      93.044      213.05      213.05      271.93      271.93    
  146     2.866    0.749    1.102    0.000  94.082      94.082      211.75      211.75      271.99      271.99    
  147     2.880    0.735    1.102    0.000  95.102      95.102      210.49      210.49      272.05      272.05    
  148     2.894    0.720    1.102    0.000  96.096      96.096      209.27      209.27      272.11      272.11    
  149     2.908    0.706    1.102    0.000  97.055      97.055      208.09      208.09      272.15      272.15    
  150     2.922    0.692    1.102    0.000  97.971      97.971      206.98      206.98      272.19      272.19    
  151     2.936    0.678    1.102    0.000  98.834      98.834      205.94      205.94      272.23      272.23    
  152     2.950    0.664    1.102    0.000  99.637      99.637      204.97      204.97      272.26      272.26    
  153     2.965    0.650    1.102    0.000  100.37      100.37      204.09      204.09      272.29      272.29    
  154     2.979    0.636    1.102    0.000  101.03      101.03      203.31      203.31      272.31      272.31    
  155     2.993    0.622    1.102    0.000  101.60      101.60      202.64      202.64      272.33      272.33    
  156     3.007    0.607    1.102    0.000  102.07      102.07      202.07      202.07      272.34      272.34    
  157     3.021    0.593    1.102    0.000  102.45      102.45      201.62      201.62      272.35      272.35    
  158     3.035    0.579    1.102    0.000  102.73      102.73      201.30      201.30      272.36      272.36    
  159     3.049    0.565    1.102    0.000  102.89      102.89      201.11      201.11      272.37      272.37    
  160     3.063    0.551    1.102    0.000  102.95      102.95      201.04      201.04      272.37      272.37    
  161     3.063    0.551    1.102    0.000  102.95      102.95      201.04      201.04      272.37      272.37    
  162     3.083    0.551    1.088    0.014  102.66      103.16      199.75      202.35      272.16      272.60    
  163     3.103    0.551    1.074    0.028  102.29      103.31      198.49      203.68      271.99      272.86    
  164     3.123    0.551    1.059    0.042  101.83      103.41      197.24      205.03      271.85      273.15    
  165     3.143    0.551    1.045    0.057  101.26      103.48      196.03      206.39      271.75      273.46    
  166     3.163    0.551    1.031    0.071  100.57      103.52      194.86      207.76      271.68      273.79    
  167     3.183    0.551    1.017    0.085  99.767      103.55      193.72      209.14      271.65      274.15    
  168     3.203    0.551    1.003    0.099  98.842      103.56      192.63      210.53      271.67      274.53    
  169     3.223    0.551    0.989    0.113  97.795      103.55      191.60      211.93      271.73      274.93    
  170     3.243    0.551    0.975    0.127  96.629      103.53      190.64      213.32      271.83      275.34    
  171     3.263    0.551    0.961    0.141  95.349      103.48      189.77      214.71      271.97      275.77    
  172     3.283    0.551    0.946    0.155  93.961      103.39      189.00      216.09      272.17      276.22    
  173     3.303    0.551    0.932    0.170  92.475      103.24      188.35      217.46      272.40      276.68    
  174     3.323    0.551    0.918    0.184  90.902      103.00      187.85      218.81      272.69      277.15    
  175     3.343    0.551    0.904    0.198  89.255      102.65      187.51      220.15      273.02      277.62    
  176     3.363    0.551    0.890    0.212  87.549      102.17      187.35      221.46      273.39      278.10    
  177     3.383    0.551    0.876    0.226  85.798      101.53      187.39      222.76      273.80      278.58    
  178     3.403    0.551    0.862    0.240  84.020      100.72      187.63      224.02      274.25      279.06    
  179     3.423    0.551    0.848    0.254  82.231      99.702      188.08      225.26      274.74      279.53    
  180     3.443    0.551    0.833    0.268  80.450      98.483      188.73      226.47      275.26      279.99    
  181     3.463    0.551    0.819    0.283  78.692      97.056      189.59      227.64      275.81      280.44    
  182     3.483    0.551    0.805    0.297  76.975      95.426      190.62      228.78      276.38      280.87    
  183     3.503    0.551    0.791    0.311  75.315      93.602      191.81      229.88      276.97      281.28    
  184     3.523    0.551    0.777    0.325  73.727      91.602      193.13      230.94      277.58      281.67    
  185     3.543    0.551    0.763    0.339  72.222      89.448      194.55      231.96      278.19      282.04    
  186     3.563    0.551    0.749    0.353  70.812      87.167      196.05      232.94      278.81      282.38    
  187     3.583    0.551    0.735    0.367  69.506      84.787      197.59      233.87      279.43      282.70    
  188     3.603    0.551    0.720    0.381  68.310      82.342      199.13      234.75      280.05      282.98    
  189     3.623    0.551    0.706    0.396  67.228      79.867      200.66      235.58      280.64      283.24    
  190     3.643    0.551    0.692    0.410  66.261      77.399      202.14      236.35      281.22      283.47    
  191     3.663    0.551    0.678    0.424  65.408      74.979      203.55      237.06      281.77      283.67    
  192     3.683    0.551    0.664    0.438  64.668      72.646      204.87      237.71      282.29      283.85    
  193     3.703    0.551    0.650    0.452  64.034      70.445      206.08      238.30      282.76      284.00    
  194     3.723    0.551    0.636    0.466  63.503      68.418      207.15      238.81      283.19      284.12    
  195     3.743    0.551    0.622    0.480  63.067      66.608      208.09      239.25      283.56      284.23    
  196     3.763    0.551    0.607    0.494  62.722      65.058      208.87      239.61      283.87      284.31    
  197     3.783    0.551    0.593    0.509  62.460      63.806      209.48      239.90      284.12      284.37    
  198     3.803    0.551    0.579    0.523  62.276      62.885      209.93      240.11      284.30      284.42    
  199     3.823    0.551    0.565    0.537  62.168      62.322      210.20      240.23      284.41      284.44    
  200     3.843    0.551    0.551    0.551  62.132      62.132      210.29      240.27      284.45      284.45    
  201     3.843    0.551    0.551    0.551  62.132      62.132      210.29      240.27      284.45      284.45    
  202     3.860    0.558    0.558    0.537  62.159      62.275      210.22      240.24      284.42      284.44    
  203     3.877    0.565    0.565    0.523  62.239      62.699      210.02      240.15      284.34      284.43    
  204     3.895    0.572    0.572    0.509  62.373      63.398      209.68      239.99      284.20      284.39    
  205     3.912    0.579    0.579    0.494  62.558      64.360      209.22      239.78      284.01      284.35    
  206     3.929    0.586    0.586    0.480  62.795      65.568      208.63      239.50      283.77      284.29    
  207     3.946    0.593    0.593    0.466  63.083      67.003      207.92      239.17      283.48      284.22    
  208     3.964    0.600    0.600    0.452  63.418      68.644      207.09      238.78      283.14      284.14    
  209     3.981    0.607    0.607    0.438  63.801      70.468      206.16      238.34      282.75      284.05    
  210     3.998    0.615    0.615    0.424  64.227      72.450      205.13      237.85      282.32      283.94    
  211     4.016    0.622    0.622    0.410  64.696      74.567      204.01      237.31      281.86      283.83    
  212     4.033    0.629    0.629    0.396  65.203      76.793      202.81      236.72      281.35      283.70    
  213     4.050    0.636    0.636    0.381  65.745      79.104      201.55      236.09      280.82      283.56    
  214     4.068    0.643    0.643    0.367  66.318      81.476      200.24      235.43      280.25      283.41    
  215     4.085    0.650    0.650    0.353  66.918      83.883      198.91      234.73      279.67      283.25    
  216     4.102    0.657    0.657    0.339  67.542      86.302      197.56      234.00      279.06      283.08    
  217     4.119    0.664    0.664    0.325  68.183      88.707      196.22      233.24      278.44      282.89    
  218     4.137    0.671    0.671    0.311  68.838      91.074      194.92      232.46      277.81      282.70    
  219     4.154    0.678    0.678    0.297  69.500      93.376      193.68      231.65      277.18      282.49    
  220     4.171    0.685    0.685    0.283  70.166      95.590      192.51      230.83      276.54      282.27    
  221     4.189    0.692    0.692    0.268  70.828      97.689      191.46      229.99      275.91      282.04    
  222     4.206    0.699    0.699    0.254  71.483      99.648      190.55      229.14      275.29      281.80    
  223     4.223    0.706    0.706    0.240  72.125      101.44      189.81      228.27      274.69      281.55    
  224     4.241    0.713    0.713    0.226  72.750      103.06      189.26      227.40      274.10      281.30    
  225     4.258    0.720    0.720    0.212  73.352      104.47      188.93      226.51      273.53      281.04    
  226     4.275    0.728    0.728    0.198  73.927      105.66      188.83      225.62      272.99      280.77    
  227     4.292    0.735    0.735    0.184  74.471      106.63      188.98      224.72      272.48      280.49    
  228     4.310    0.742    0.742    0.170  74.982      107.38      189.38      223.82      272.01      280.22    
  229     4.327    0.749    0.749    0.155  75.455      107.91      190.04      222.91      271.56      279.94    
  230     4.344    0.756    0.756    0.141  75.888      108.23      190.94      222.00      271.15      279.66    
  231     4.362    0.763    0.763    0.127  76.280      108.36      192.07      221.09      270.78      279.38    
  232     4.379    0.770    0.770    0.113  76.630      108.32      193.42      220.18      270.45      279.11    
  233     4.396    0.777    0.777    0.099  76.935      108.13      194.96      219.27      270.15      278.84    
  234     4.414    0.784    0.784    0.085  77.197      107.82      196.66      218.36      269.89      278.57    
  235     4.431    0.791    0.791    0.071  77.416      107.41      198.49      217.47      269.67      278.31    
  236     4.448    0.798    0.798    0.057  77.591      106.92      200.42      216.60      269.49      278.06    
  237     4.465    0.805    0.805    0.042  77.725      106.37      202.40      215.78      269.34      277.82    
  238     4.483    0.812    0.812    0.028  77.820      105.78      204.35      215.06      269.22      277.58    
  239     4.500    0.819    0.819    0.014  77.876      105.16      206.16      214.55      269.14      277.36    
  240     4.517    0.826    0.826    0.000  77.896      104.53      207.54      214.50      269.08      277.14    
  241     4.517    0.826    0.826    0.000  77.896      104.53      207.54      214.50      269.08      277.14    
  242     4.527    0.819    0.833    0.000  77.936      104.53      207.53      214.48      269.08      277.14    
  243     4.537    0.812    0.841    0.000  78.054      104.53      207.48      214.44      269.10      277.12    
  244     4.547    0.805    0.848    0.000  78.251      104.52      207.40      214.37      269.12      277.08    
  245     4.557    0.798    0.855    0.000  78.525      104.51      207.30      214.27      269.15      277.04    
  246     4.567    0.791    0.862    0.000  78.873      104.50      207.16      214.15      269.19      276.98    
  247     4.577    0.784    0.869    0.000  79.294      104.49      207.00      214.00      269.24      276.91    
  248     4.587    0.777    0.876    0.000  79.785      104.47      206.81      213.82      269.30      276.82    
  249     4.597    0.770    0.883    0.000  80.342      104.46      206.59      213.62      269.36      276.73    
  250     4.607    0.763    0.890    0.000  80.962      104.44      206.34      213.39      269.44      276.62    
  251     4.617    0.756    0.897    0.000  81.640      104.41      206.07      213.15      269.51      276.51    
  252     4.627    0.749    0.904    0.000  82.372      104.39      205.78      212.88      269.60      276.38    
  253     4.637    0.742    0.911    0.000  83.154      104.36      205.47      212.59      269.69      276.25    
  254     4.647    0.735    0.918    0.000  83.980      104.34      205.14      212.28      269.78      276.11    
  255     4.657    0.728    0.925    0.000  84.846      104.31      204.79      211.95      269.88      275.96    
  256     4.667    0.720    0.932    0.000  85.746      104.27      204.43      211.60      269.98      275.80    
  257     4.677    0.713    0.939    0.000  86.673      104.24      204.05      211.24      270.09      275.65    
  258     4.687    0.706    0.946    0.000  87.624      104.20      203.67      210.87      270.19      275.48    
  259     4.697    0.699    0.954    0.000  88.591      104.17      203.28      210.48      270.30      275.32    
  260     4.707    0.692    0.961    0.000  89.570      104.13      202.89      210.08      270.41      275.15    
  261     4.717    0.685    0.968    0.000  90.553      104.08      202.50      209.67      270.52      274.98    
  262     4.727    0.678    0.975    0.000  91.536      104.04      202.12      209.25      270.63      274.81    
  263     4.737    0.671    0.982    0.000  92.512      104.00      201.74      208.82      270.74      274.63    
  264     4.747    0.664    0.989    0.000  93.475      103.95      201.38      208.38      270.85      274.47    
  265     4.757    0.657    0.996    0.000  94.419      103.90      201.04      207.94      270.96      274.30    
  266     4.767    0.650    1.003    0.000  95.338      103.85      200.72      207.49      271.07      274.13    
  267     4.777    0.643    1.010    0.000  96.227      103.80      200.42      207.04      271.18      273.97    
  268     4.787    0.636    1.017    0.000  97.080      103.75      200.16      206.58      271.28      273.81    
  269     4.797    0.629    1.024    0.000  97.892      103.70      199.94      206.12      271.38      273.66    
  270     4.807    0.622    1.031    0.000  98.657      103.64      199.75      205.66      271.49      273.51    
  271     4.817    0.615    1.038    0.000  99.372      103.58      199.62      205.20      271.58      273.36    
  272     4.827    0.607    1.045    0.000  100.03      103.52      199.53      204.74      271.68      273.23    
  273     4.837    0.600    1.052    0.000  100.63      103.46      199.50      204.28      271.77      273.09    
  274     4.847    0.593    1.059    0.000  101.17      103.40      199.52      203.81      271.87      272.97    
  275     4.857    0.586    1.067    0.000  101.64      103.33      199.61      203.35      271.96      272.85    
  276     4.867    0.579    1.074    0.000  102.04      103.26      199.76      202.89      272.04      272.74    
  277     4.877    0.572    1.081    0.000  102.37      103.19      199.98      202.42      272.13      272.63    
  278     4.887    0.565    1.088    0.000  102.63      103.11      200.26      201.96      272.21      272.54    
  279     4.897    0.558    1.095    0.000  102.83      103.03      200.62      201.50      272.29      272.45    
  280     4.907    0.551    1.102    0.000  102.95      102.95      201.04      201.04      272.37      272.37    
  281     4.907    0.551    1.102    0.000  102.95      102.95      201.04      201.04      272.37      272.37    
  282     4.921    0.537    1.102    0.000  102.89      102.89      201.11      201.11      272.37      272.37    
  283     4.935    0.523    1.102    0.000  102.73      102.73      201.30      201.30      272.36      272.36    
  284     4.949    0.509    1.102    0.000  102.45      102.45      201.62      201.62      272.35      272.35    
  285     4.963    0.494    1.102    0.000  102.07      102.07      202.07      202.07      272.34      272.34    
  286     4.978    0.480    1.102    0.000  101.60      101.60      202.64      202.64      272.33      272.33    
  287     4.992    0.466    1.102    0.000  101.03      101.03      203.31      203.31      272.31      272.31    
  288     5.006    0.452    1.102    0.000  100.37      100.37      204.09      204.09      272.29      272.29    
  289     5.020    0.438    1.102    0.000  99.637      99.637      204.97      204.97      272.26      272.26    
  290     5.034    0.424    1.102    0.000  98.834      98.834      205.94      205.94      272.23      272.23    
  291     5.048    0.410    1.102    0.000  97.971      97.971      206.98      206.98      272.19      272.19    
  292     5.062    0.396    1.102    0.000  97.055      97.055      208.09      208.09      272.15      272.15    
  293     5.076    0.381    1.102    0.000  96.096      96.096      209.27      209.27      272.11      272.11    
  294     5.091    0.367    1.102    0.000  95.102      95.102      210.49      210.49      272.05      272.05    
  295     5.105    0.353    1.102    0.000  94.082      94.082      211.75      211.75      271.99      271.99    
  296     5.119    0.339    1.102    0.000  93.044      93.044      213.05      213.05      271.93      271.93    
  297     5.133    0.325    1.102    0.000  91.996      91.996      214.37      214.37      271.85      271.85    
  298     5.147    0.311    1.102    0.000  90.944      90.944      215.70      215.70      271.77      271.77    
  299     5.161    0.297    1.102    0.000  89.897      89.897      217.05      217.05      271.69      271.69    
  300     5.175    0.283    1.102    0.000  88.860      88.860      218.39      218.39      271.59      271.59    
  301     5.189    0.268    1.102    0.000  87.839      87.839      219.72      219.72      271.49      271.49    
  302     5.204    0.254    1.102    0.000  86.840      86.840      221.04      221.04      271.38      271.38    
  303     5.218    0.240    1.102    0.000  85.869      85.869      222.34      222.34      271.26      271.26    
  304     5.232    0.226    1.102    0.000  84.930      84.930      223.61      223.61      271.14      271.14    
  305     5.246    0.212    1.102    0.000  84.028      84.028      224.84      224.84      271.01      271.01    
  306     5.260    0.198    1.102    0.000  83.166      83.166      226.03      226.03      270.88      270.88    
  307     5.274    0.184    1.102    0.000  82.349      82.349      227.17      227.17      270.74      270.74    
  308     5.288    0.170    1.102    0.000  81.579      81.579      228.26      228.26      270.60      270.60    
  309     5.303    0.155    1.102    0.000  80.860      80.860      229.29      229.29      270.46      270.46    
  310     5.317    0.141    1.102    0.000  80.196      80.196      230.26      230.26      270.32      270.32    
  311     5.331    0.127    1.102    0.000  79.587      79.587      231.15      231.15      270.18      270.18    
  312     5.345    0.113    1.102    0.000  79.037      79.037      231.97      231.97      270.05      270.05    
  313     5.359    0.099    1.102    0.000  78.547      78.547      232.70      232.70      269.93      269.93    
  314     5.373    0.085    1.102    0.000  78.119      78.119      233.35      233.35      269.82      269.82    
  315     5.387    0.071    1.102    0.000  77.754      77.754      233.91      233.91      269.72      269.72    
  316     5.401    0.057    1.102    0.000  77.454      77.454      234.37      234.37      269.63      269.63    
  317     5.416    0.042    1.102    0.000  77.220      77.220      234.73      234.73      269.56      269.56    
  318     5.430    0.028    1.102    0.000  77.052      77.052      235.00      235.00      269.51      269.51    
  319     5.444    0.014    1.102    0.000  76.951      76.951      235.15      235.15      269.48      269.48    
  320     5.458    0.000    1.102    0.000  76.917      76.917      235.21      235.21      269.47      269.47    
  321     5.458    0.000    1.102    0.000  76.917      76.917      235.21      235.21      269.47      269.47    
  322     5.486    0.000    1.074    0.000  76.897      76.897      231.39      238.90      269.46      269.46    
  323     5.514    0.000    1.045    0.000  76.836      76.836      227.44      242.48      269.44      269.44    
  324     5.543    0.000    1.017    0.000  76.734      76.734      223.37      245.93      269.40      269.40    
  325     5.571    0.000    0.989    0.000  76.587      76.587      219.18      249.26      269.36      269.36    
  326     5.599    0.000    0.961    0.000  76.395      76.395      214.85      252.47      269.32      269.32    
  327     5.627    0.000    0.932    0.000  76.151      76.151      210.40      255.55      269.28      269.28    
  328     5.656    0.000    0.904    0.000  75.852      75.852      205.82      258.51      269.26      269.26    
  329     5.684    0.000    0.876    0.000  75.490      75.490      201.11      261.35      269.27      269.27    
  330     5.712    0.000    0.848    0.000  75.055      75.055      196.27      264.07      269.32      269.32    
  331     5.740    0.000    0.819    0.000  74.537      74.537      191.30      266.67      269.43      269.43    
  332     5.769    0.000    0.791    0.000  73.923      73.923      186.20      269.14      269.59      269.59    
  333     5.797    0.000    0.763    0.000  73.200      73.200      180.96      269.84      269.84      271.48    
  334     5.825    0.000    0.735    0.000  72.353      72.353      175.60      270.18      270.18      273.71    
  335     5.853    0.000    0.706    0.000  71.367      71.367      170.10      270.62      270.62      275.80    
  336     5.882    0.000    0.678    0.000  70.228      70.228      164.48      271.17      271.17      277.78    
  337     5.910    0.000    0.650    0.000  68.923      68.923      158.72      271.83      271.83      279.64    
  338     5.938    0.000    0.622    0.000  67.441      67.441      152.84      272.62      272.62      281.37    
  339     5.966    0.000    0.593    0.000  65.773      65.773      146.84      273.52      273.52      282.98    
  340     5.995    0.000    0.565    0.000  63.913      63.914      140.72      274.54      274.54      284.48    
  341     6.023    0.000    0.537    0.000  61.861      61.861      134.47      275.67      275.67      285.86    
  342     6.051    0.000    0.509    0.000  59.617      59.617      128.11      276.89      276.89      287.12    
  343     6.079    0.000    0.480    0.000  57.187      57.187      121.65      278.21      278.21      288.28    
  344     6.108    0.000    0.452    0.000  54.578      54.578      115.07      279.59      279.59      289.34    
  345     6.136    0.000    0.424    0.000  51.803      51.803      108.40      281.02      281.02      290.29    
  346     6.164    0.000    0.396    0.000  48.874      48.874      101.62      282.49      282.49      291.15    
  347     6.192    0.000    0.367    0.000  45.806      45.806      94.760      283.96      283.96      291.91    
  348     6.221    0.000    0.339    0.000  42.617      42.617      87.810      285.43      285.43      292.59    
  349     6.249    0.000    0.311    0.000  39.323      39.323      80.780      286.86      286.86      293.19    
  350     6.277    0.000    0.283    0.000  35.940      35.940      73.676      288.25      288.25      293.71    
  351     6.305    0.000    0.254    0.000  32.484      32.484      66.504      289.57      289.57      294.16    
  352     6.334    0.000    0.226    0.000  28.972      28.972      59.271      290.80      290.80      294.55    
  353     6.362    0.000    0.198    0.000  25.414      25.414      51.983      291.92      291.92      294.88    
  354     6.390    0.000    0.170    0.000  21.825      21.825      44.648      292.92      292.92      295.15    
  355     6.419    0.000    0.141    0.000  18.212      18.212      37.270      293.80      293.80      295.37    
  356     6.447    0.000    0.113    0.000  14.583      14.583      29.858      294.52      294.52      295.55    
  357     6.475    0.000    0.085    0.000  10.945      10.945      22.419      295.10      295.10      295.69    
  358     6.503    0.000    0.057    0.000  7.3029      7.3029      14.959      295.52      295.52      295.78    
  359     6.532    0.000    0.028    0.000  3.6612      3.6615      7.4879      295.77      295.77      295.84    
  360     6.560    0.000    0.000    0.000 0.30257     0.30475     0.30475      295.85      295.85      295.85    
