 # nk,dk(nk),kp(:,nk),gruneisen(la,nk).la=1,ndyn)
       1  0.000     0.5509     0.5509     0.5509     -1.360     -1.360     0.4229      1.634      1.198      1.198    
       2 0.2447E-01 0.5368     0.5368     0.5368     -1.358     -1.358     0.4380      1.619      1.198      1.198    
       3 0.4894E-01 0.5227     0.5227     0.5227     -1.354     -1.354     0.4779      1.579      1.197      1.197    
       4 0.7340E-01 0.5086     0.5086     0.5086     -1.346     -1.346     0.5308      1.526      1.197      1.197    
       5 0.9787E-01 0.4944     0.4944     0.4944     -1.336     -1.336     0.5866      1.471      1.195      1.195    
       6 0.1223     0.4803     0.4803     0.4803     -1.323     -1.323     0.6393      1.419      1.194      1.194    
       7 0.1468     0.4662     0.4662     0.4662     -1.308     -1.308     0.6867      1.373      1.192      1.192    
       8 0.1713     0.4521     0.4521     0.4521     -1.290     -1.290     0.7286      1.332      1.189      1.189    
       9 0.1957     0.4379     0.4379     0.4379     -1.269     -1.269     0.7653      1.297      1.187      1.187    
      10 0.2202     0.4238     0.4238     0.4238     -1.247     -1.247     0.7978      1.266      1.183      1.183    
      11 0.2447     0.4097     0.4097     0.4097     -1.222     -1.222     0.8266      1.238      1.179      1.179    
      12 0.2691     0.3955     0.3955     0.3955     -1.195     -1.195     0.8524      1.214      1.174      1.174    
      13 0.2936     0.3814     0.3814     0.3814     -1.167     -1.167     0.8759      1.193      1.169      1.169    
      14 0.3181     0.3673     0.3673     0.3673     -1.137     -1.137     0.8973      1.174      1.163      1.163    
      15 0.3426     0.3532     0.3532     0.3532     -1.106     -1.106     0.9172      1.156      1.157      1.157    
      16 0.3670     0.3390     0.3390     0.3390     -1.074     -1.074     0.9356      1.140      1.150      1.150    
      17 0.3915     0.3249     0.3249     0.3249     -1.041     -1.041     0.9530      1.126      1.142      1.142    
      18 0.4160     0.3108     0.3108     0.3108     -1.007     -1.007     0.9694      1.112      1.134      1.134    
      19 0.4404     0.2967     0.2967     0.2967     -.9729     -.9729     0.9850      1.100      1.125      1.125    
      20 0.4649     0.2825     0.2825     0.2825     -.9383     -.9383     0.9999      1.088      1.116      1.116    
      21 0.4894     0.2684     0.2684     0.2684     -.9036     -.9036      1.014      1.077      1.106      1.106    
      22 0.5138     0.2543     0.2543     0.2543     -.8690     -.8690      1.028      1.067      1.096      1.096    
      23 0.5383     0.2402     0.2402     0.2402     -.8346     -.8346      1.041      1.058      1.087      1.087    
      24 0.5628     0.2260     0.2260     0.2260     -.8008     -.8008      1.054      1.049      1.077      1.077    
      25 0.5872     0.2119     0.2119     0.2119     -.7678     -.7678      1.066      1.041      1.067      1.067    
      26 0.6117     0.1978     0.1978     0.1978     -.7356     -.7356      1.077      1.033      1.057      1.057    
      27 0.6362     0.1836     0.1836     0.1836     -.7046     -.7046      1.089      1.026      1.048      1.048    
      28 0.6606     0.1695     0.1695     0.1695     -.6748     -.6748      1.099      1.019      1.039      1.039    
      29 0.6851     0.1554     0.1554     0.1554     -.6466     -.6466      1.109      1.013      1.030      1.030    
      30 0.7096     0.1413     0.1413     0.1413     -.6201     -.6201      1.118      1.008      1.022      1.022    
      31 0.7340     0.1271     0.1271     0.1271     -.5955     -.5955      1.127      1.002      1.014      1.014    
      32 0.7585     0.1130     0.1130     0.1130     -.5729     -.5729      1.135     0.9979      1.008      1.008    
      33 0.7830     0.9889E-01 0.9889E-01 0.9889E-01 -.5526     -.5526      1.142     0.9939      1.001      1.001    
      34 0.8074     0.8476E-01 0.8476E-01 0.8476E-01 -.5346     -.5346      1.148     0.9904     0.9960     0.9960    
      35 0.8319     0.7063E-01 0.7063E-01 0.7063E-01 -.5191     -.5191      1.153     0.9874     0.9914     0.9914    
      36 0.8564     0.5651E-01 0.5651E-01 0.5651E-01 -.5061     -.5061      1.158     0.9850     0.9876     0.9876    
      37 0.8808     0.4238E-01 0.4238E-01 0.4238E-01 -.4958     -.4958      1.161     0.9831     0.9846     0.9846    
      38 0.9053     0.2825E-01 0.2825E-01 0.2825E-01 -.4877     -.4877      1.164     0.9818     0.9824     0.9824    
      39 0.9298     0.1413E-01 0.1413E-01 0.1413E-01 -.4793     -.4792      1.163     0.9809     0.9811     0.9811    
      40 0.9543     0.1413E-09 0.1413E-09 0.1413E-09 0.3508E-01 0.2328E-01 0.4588E-01 0.9807     0.9807     0.9807    
      41 0.9543      0.000      0.000      0.000     0.3508E-01 0.3458E-01 0.3458E-01 0.9807     0.9807     0.9807    
      42 0.9842     0.2119E-01 0.2119E-01  0.000     -.9764     0.2634      1.112     0.9816     0.9810     0.9812    
      43  1.014     0.4238E-01 0.4238E-01  0.000     -.9822     0.2603      1.112     0.9842     0.9818     0.9828    
      44  1.044     0.6357E-01 0.6357E-01  0.000     -.9827     0.2537      1.111     0.9887     0.9833     0.9854    
      45  1.074     0.8476E-01 0.8476E-01  0.000     -.9823     0.2448      1.109     0.9948     0.9854     0.9891    
      46  1.104     0.1059     0.1059      0.000     -.9815     0.2339      1.107      1.003     0.9881     0.9938    
      47  1.134     0.1271     0.1271      0.000     -.9805     0.2214      1.105      1.012     0.9916     0.9994    
      48  1.164     0.1483     0.1483      0.000     -.9795     0.2076      1.102      1.023     0.9958      1.006    
      49  1.194     0.1695     0.1695      0.000     -.9785     0.1927      1.100      1.035      1.001      1.014    
      50  1.224     0.1907     0.1907      0.000     -.9776     0.1768      1.097      1.007      1.048      1.022    
      51  1.254     0.2119     0.2119      0.000     -.9768     0.1600      1.094      1.014      1.062      1.032    
      52  1.284     0.2331     0.2331      0.000     -.9764     0.1424      1.092      1.022      1.077      1.042    
      53  1.314     0.2543     0.2543      0.000     -.9764     0.1240      1.090      1.031      1.092      1.053    
      54  1.344     0.2755     0.2755      0.000     -.9768     0.1046      1.088      1.042      1.108      1.065    
      55  1.374     0.2967     0.2967      0.000     -.9778     0.8417E-01  1.087      1.054      1.123      1.078    
      56  1.404     0.3178     0.3178      0.000     -.9794     0.6269E-01  1.086      1.067      1.139      1.091    
      57  1.434     0.3390     0.3390      0.000     -.9817     0.4005E-01  1.086      1.082      1.155      1.105    
      58  1.464     0.3602     0.3602      0.000     -.9849     0.1613E-01  1.086      1.099      1.170      1.120    
      59  1.494     0.3814     0.3814      0.000     -.9889     -.9122E-02  1.086      1.117      1.135      1.185    
      60  1.524     0.4026     0.4026      0.000     -.9939     -.3578E-01  1.086      1.137      1.151      1.199    
      61  1.554     0.4238     0.4238      0.000     -.9998     -.6386E-01  1.087      1.158      1.167      1.213    
      62  1.584     0.4450     0.4450      0.000     -1.007     -.9337E-01  1.087      1.181      1.184      1.227    
      63  1.614     0.4662     0.4662      0.000     -1.015     -.1243      1.087      1.205      1.201      1.241    
      64  1.643     0.4874     0.4874      0.000     -1.024     -.1564      1.087      1.229      1.218      1.254    
      65  1.673     0.5086     0.5086      0.000     -1.035     -.1898      1.087      1.255      1.235      1.268    
      66  1.703     0.5297     0.5297      0.000     -1.046     -.2241      1.086      1.281      1.253      1.281    
      67  1.733     0.5509     0.5509      0.000     -1.059     -.2592      1.084      1.308      1.271      1.295    
      68  1.763     0.5721     0.5721      0.000     -1.074     -.2949      1.082      1.333      1.288      1.308    
      69  1.793     0.5933     0.5933      0.000     -1.089     -.3309      1.080      1.358      1.306      1.322    
      70  1.823     0.6145     0.6145      0.000     -1.106     -.3668      1.078      1.382      1.323      1.335    
      71  1.853     0.6357     0.6357      0.000     -1.123     -.4023      1.075      1.403      1.340      1.348    
      72  1.883     0.6569     0.6569      0.000     -1.142     -.4368      1.072      1.422      1.357      1.362    
      73  1.913     0.6781     0.6781      0.000     -1.162     -.4699      1.069      1.436      1.372      1.374    
      74  1.943     0.6993     0.6993      0.000     -1.183     -.5008      1.066      1.445      1.388      1.386    
      75  1.973     0.7205     0.7205      0.000     -1.204     -.5292      1.063      1.448      1.402      1.398    
      76  2.003     0.7416     0.7416      0.000     -1.227     -.5545      1.060      1.443      1.416      1.408    
      77  2.033     0.7628     0.7628      0.000     -1.250     -.5769      1.058      1.429      1.428      1.418    
      78  2.063     0.7840     0.7840      0.000     -1.273     -.5972      1.055      1.407      1.440      1.426    
      79  2.093     0.8052     0.8052      0.000     -1.296     -.6171      1.052      1.377      1.451      1.434    
      80  2.123     0.8264     0.8264      0.000     -1.319     -.6391      1.050      1.340      1.460      1.440    
      81  2.123     0.8264     0.8264      0.000     -1.319     -.6391      1.050      1.340      1.460      1.440    
      82  2.133     0.8335     0.8335      0.000     -1.327     -.6474      1.049      1.326      1.463      1.442    
      83  2.143     0.8405     0.8405      0.000     -1.335     -.6564      1.048      1.313      1.466      1.444    
      84  2.153     0.8476     0.8476      0.000     -1.342     -.6662      1.047      1.298      1.469      1.446    
      85  2.163     0.8547     0.8547      0.000     -1.350     -.6770      1.046      1.284      1.472      1.448    
      86  2.173     0.8617     0.8617      0.000     -1.357     -.6887      1.045      1.269      1.474      1.449    
      87  2.183     0.8688     0.8688      0.000     -1.365     -.7017      1.044      1.254      1.477      1.451    
      88  2.193     0.8759     0.8759      0.000     -1.372     -.7158      1.042      1.240      1.479      1.453    
      89  2.203     0.8829     0.8829      0.000     -1.379     -.7313      1.041      1.225      1.481      1.454    
      90  2.213     0.8900     0.8900      0.000     -1.387     -.7482      1.040      1.210      1.483      1.456    
      91  2.223     0.8970     0.8970      0.000     -1.394     -.7666      1.038      1.196      1.485      1.457    
      92  2.233     0.9041     0.9041      0.000     -1.400     -.7865      1.037      1.182      1.487      1.459    
      93  2.243     0.9112     0.9112      0.000     -1.407     -.8079      1.035      1.168      1.489      1.460    
      94  2.253     0.9182     0.9182      0.000     -1.414     -.8309      1.034      1.154      1.491      1.462    
      95  2.263     0.9253     0.9253      0.000     -1.420     -.8554      1.032      1.141      1.492      1.463    
      96  2.273     0.9324     0.9324      0.000     -1.426     -.8815      1.030      1.128      1.494      1.465    
      97  2.283     0.9394     0.9394      0.000     -1.433     -.9090      1.028      1.116      1.495      1.467    
      98  2.293     0.9465     0.9465      0.000     -1.438     -.9379      1.026      1.104      1.497      1.468    
      99  2.303     0.9535     0.9535      0.000     -1.444     -.9681      1.023      1.093      1.498      1.470    
     100  2.313     0.9606     0.9606      0.000     -1.450     -.9996      1.021      1.082      1.499      1.472    
     101  2.323     0.9677     0.9677      0.000     -1.455     -1.032      1.018      1.071      1.500      1.474    
     102  2.333     0.9747     0.9747      0.000     -1.460     -1.065      1.016      1.061      1.501      1.476    
     103  2.343     0.9818     0.9818      0.000     -1.465     -1.099      1.013      1.052      1.502      1.478    
     104  2.353     0.9889     0.9889      0.000     -1.470     -1.134      1.010      1.043      1.503      1.481    
     105  2.363     0.9959     0.9959      0.000     -1.474     -1.169      1.008      1.035      1.504      1.483    
     106  2.373      1.003      1.003      0.000     -1.478     -1.203      1.005      1.027      1.505      1.485    
     107  2.383      1.010      1.010      0.000     -1.482     -1.237      1.002      1.020      1.505      1.488    
     108  2.393      1.017      1.017      0.000     -1.486     -1.271     0.9987      1.014      1.506      1.490    
     109  2.403      1.024      1.024      0.000     -1.489     -1.304     0.9958      1.007      1.507      1.492    
     110  2.413      1.031      1.031      0.000     -1.492     -1.335     0.9929      1.002      1.507      1.495    
     111  2.423      1.038      1.038      0.000     -1.495     -1.365     0.9901     0.9968      1.508      1.497    
     112  2.433      1.045      1.045      0.000     -1.497     -1.392     0.9874     0.9924      1.508      1.499    
     113  2.443      1.052      1.052      0.000     -1.500     -1.418     0.9849     0.9884      1.508      1.502    
     114  2.453      1.059      1.059      0.000     -1.502     -1.440     0.9826     0.9850      1.509      1.504    
     115  2.463      1.067      1.067      0.000     -1.503     -1.460     0.9805     0.9821      1.509      1.505    
     116  2.473      1.074      1.074      0.000     -1.505     -1.477     0.9788     0.9798      1.509      1.507    
     117  2.483      1.081      1.081      0.000     -1.506     -1.490     0.9774     0.9779      1.509      1.508    
     118  2.493      1.088      1.088      0.000     -1.506     -1.499     0.9764     0.9766      1.509      1.509    
     119  2.503      1.095      1.095      0.000     -1.507     -1.505     0.9758     0.9758      1.510      1.509    
     120  2.513      1.102      1.102      0.000     -1.507     -1.507     0.9756     0.9756      1.510      1.510    
     121  2.513      1.102      1.102      0.000     -1.507     -1.507     0.9756     0.9756      1.510      1.510    
     122  2.527      1.088      1.102      0.000     -1.505     -1.505     0.9760     0.9760      1.509      1.509    
     123  2.541      1.074      1.102      0.000     -1.499     -1.499     0.9774     0.9774      1.509      1.509    
     124  2.555      1.059      1.102      0.000     -1.488     -1.488     0.9797     0.9797      1.508      1.508    
     125  2.569      1.045      1.102      0.000     -1.474     -1.474     0.9829     0.9829      1.507      1.507    
     126  2.583      1.031      1.102      0.000     -1.456     -1.456     0.9868     0.9868      1.505      1.505    
     127  2.597      1.017      1.102      0.000     -1.435     -1.435     0.9915     0.9915      1.503      1.503    
     128  2.611      1.003      1.102      0.000     -1.411     -1.411     0.9968     0.9968      1.501      1.501    
     129  2.626     0.9889      1.102      0.000     -1.383     -1.383      1.003      1.003      1.500      1.500    
     130  2.640     0.9747      1.102      0.000     -1.353     -1.353      1.009      1.009      1.498      1.498    
     131  2.654     0.9606      1.102      0.000     -1.321     -1.321      1.016      1.016      1.496      1.496    
     132  2.668     0.9465      1.102      0.000     -1.287     -1.287      1.023      1.023      1.494      1.494    
     133  2.682     0.9324      1.102      0.000     -1.252     -1.252      1.031      1.031      1.493      1.493    
     134  2.696     0.9182      1.102      0.000     -1.216     -1.216      1.039      1.039      1.491      1.491    
     135  2.710     0.9041      1.102      0.000     -1.179     -1.179      1.047      1.047      1.490      1.490    
     136  2.724     0.8900      1.102      0.000     -1.142     -1.142      1.056      1.056      1.489      1.489    
     137  2.739     0.8759      1.102      0.000     -1.106     -1.106      1.065      1.065      1.488      1.488    
     138  2.753     0.8617      1.102      0.000     -1.069     -1.069      1.074      1.074      1.488      1.488    
     139  2.767     0.8476      1.102      0.000     -1.034     -1.034      1.083      1.083      1.487      1.487    
     140  2.781     0.8335      1.102      0.000     -.9991     -.9991      1.093      1.093      1.487      1.487    
     141  2.795     0.8193      1.102      0.000     -.9659     -.9659      1.103      1.103      1.487      1.487    
     142  2.809     0.8052      1.102      0.000     -.9343     -.9343      1.113      1.113      1.487      1.487    
     143  2.823     0.7911      1.102      0.000     -.9045     -.9045      1.124      1.124      1.487      1.487    
     144  2.837     0.7770      1.102      0.000     -.8765     -.8765      1.135      1.135      1.488      1.488    
     145  2.852     0.7628      1.102      0.000     -.8506     -.8506      1.146      1.146      1.488      1.488    
     146  2.866     0.7487      1.102      0.000     -.8268     -.8268      1.157      1.157      1.489      1.489    
     147  2.880     0.7346      1.102      0.000     -.8052     -.8052      1.168      1.168      1.489      1.489    
     148  2.894     0.7205      1.102      0.000     -.7857     -.7857      1.179      1.179      1.490      1.490    
     149  2.908     0.7063      1.102      0.000     -.7685     -.7685      1.190      1.190      1.490      1.490    
     150  2.922     0.6922      1.102      0.000     -.7533     -.7533      1.201      1.201      1.491      1.491    
     151  2.936     0.6781      1.102      0.000     -.7402     -.7402      1.211      1.211      1.491      1.491    
     152  2.950     0.6640      1.102      0.000     -.7291     -.7291      1.221      1.221      1.492      1.492    
     153  2.965     0.6498      1.102      0.000     -.7197     -.7197      1.231      1.231      1.493      1.493    
     154  2.979     0.6357      1.102      0.000     -.7121     -.7121      1.239      1.239      1.493      1.493    
     155  2.993     0.6216      1.102      0.000     -.7060     -.7060      1.247      1.247      1.493      1.493    
     156  3.007     0.6074      1.102      0.000     -.7012     -.7012      1.253      1.253      1.494      1.494    
     157  3.021     0.5933      1.102      0.000     -.6977     -.6977      1.259      1.259      1.494      1.494    
     158  3.035     0.5792      1.102      0.000     -.6953     -.6953      1.263      1.263      1.494      1.494    
     159  3.049     0.5651      1.102      0.000     -.6938     -.6938      1.265      1.265      1.494      1.494    
     160  3.063     0.5509      1.102      0.000     -.6934     -.6934      1.266      1.266      1.494      1.494    
     161  3.063     0.5509      1.102      0.000     -.6934     -.6934      1.266      1.266      1.494      1.494    
     162  3.083     0.5509      1.088     0.1413E-01 -.6964     -.6898      1.252      1.279      1.492      1.496    
     163  3.103     0.5509      1.074     0.2825E-01 -.6990     -.6853      1.238      1.291      1.488      1.497    
     164  3.123     0.5509      1.059     0.4238E-01 -.7016     -.6797      1.224      1.303      1.484      1.496    
     165  3.143     0.5509      1.045     0.5651E-01 -.7042     -.6729      1.208      1.315      1.479      1.495    
     166  3.163     0.5509      1.031     0.7063E-01 -.7072     -.6646      1.192      1.327      1.473      1.492    
     167  3.183     0.5509      1.017     0.8476E-01 -.7109     -.6547      1.175      1.338      1.466      1.489    
     168  3.203     0.5509      1.003     0.9889E-01 -.7154     -.6429      1.157      1.349      1.458      1.484    
     169  3.223     0.5509     0.9889     0.1130     -.7211     -.6293      1.137      1.361      1.450      1.479    
     170  3.243     0.5509     0.9747     0.1271     -.7281     -.6136      1.116      1.372      1.441      1.472    
     171  3.263     0.5509     0.9606     0.1413     -.7367     -.5959      1.093      1.384      1.431      1.465    
     172  3.283     0.5509     0.9465     0.1554     -.7470     -.5761      1.068      1.395      1.421      1.457    
     173  3.303     0.5509     0.9324     0.1695     -.7593     -.5546      1.041      1.407      1.411      1.448    
     174  3.323     0.5509     0.9182     0.1836     -.7736     -.5314      1.011      1.418      1.400      1.438    
     175  3.343     0.5509     0.9041     0.1978     -.7902     -.5069     0.9787      1.430      1.389      1.427    
     176  3.363     0.5509     0.8900     0.2119     -.8091     -.4819     0.9443      1.442      1.378      1.416    
     177  3.383     0.5509     0.8759     0.2260     -.8303     -.4570     0.9078      1.454      1.367      1.405    
     178  3.403     0.5509     0.8617     0.2402     -.8538     -.4333     0.8698      1.466      1.355      1.393    
     179  3.423     0.5509     0.8476     0.2543     -.8796     -.4117     0.8308      1.478      1.344      1.380    
     180  3.443     0.5509     0.8335     0.2684     -.9076     -.3937     0.7915      1.490      1.333      1.368    
     181  3.463     0.5509     0.8193     0.2825     -.9375     -.3803     0.7526      1.501      1.322      1.355    
     182  3.483     0.5509     0.8052     0.2967     -.9690     -.3729     0.7148      1.513      1.311      1.342    
     183  3.503     0.5509     0.7911     0.3108     -1.002     -.3727     0.6788      1.524      1.301      1.330    
     184  3.523     0.5509     0.7770     0.3249     -1.036     -.3805     0.6448      1.535      1.291      1.317    
     185  3.543     0.5509     0.7628     0.3390     -1.070     -.3974     0.6134      1.545      1.281      1.305    
     186  3.563     0.5509     0.7487     0.3532     -1.104     -.4241     0.5846      1.555      1.271      1.293    
     187  3.583     0.5509     0.7346     0.3673     -1.137     -.4610     0.5586      1.565      1.262      1.282    
     188  3.603     0.5509     0.7205     0.3814     -1.170     -.5086     0.5354      1.574      1.254      1.271    
     189  3.623     0.5509     0.7063     0.3955     -1.200     -.5668     0.5148      1.583      1.246      1.260    
     190  3.643     0.5509     0.6922     0.4097     -1.228     -.6354     0.4968      1.591      1.238      1.250    
     191  3.663     0.5509     0.6781     0.4238     -1.254     -.7136     0.4812      1.599      1.231      1.241    
     192  3.683     0.5509     0.6640     0.4379     -1.277     -.8001     0.4678      1.606      1.224      1.233    
     193  3.703     0.5509     0.6498     0.4521     -1.297     -.8926     0.4565      1.612      1.218      1.225    
     194  3.723     0.5509     0.6357     0.4662     -1.315     -.9882     0.4470      1.618      1.213      1.218    
     195  3.743     0.5509     0.6216     0.4803     -1.329     -1.083     0.4393      1.622      1.209      1.212    
     196  3.763     0.5509     0.6074     0.4944     -1.340     -1.171     0.4332      1.626      1.205      1.207    
     197  3.783     0.5509     0.5933     0.5086     -1.349     -1.248     0.4286      1.630      1.202      1.203    
     198  3.803     0.5509     0.5792     0.5227     -1.355     -1.308     0.4254      1.632      1.200      1.200    
     199  3.823     0.5509     0.5651     0.5368     -1.359     -1.347     0.4235      1.633      1.198      1.199    
     200  3.843     0.5509     0.5509     0.5509     -1.360     -1.360     0.4229      1.634      1.198      1.198    
     201  3.843     0.5509     0.5509     0.5509     -1.360     -1.360     0.4229      1.634      1.198      1.198    
     202  3.860     0.5580     0.5580     0.5368     -1.359     -1.350     0.4233      1.633      1.198      1.198    
     203  3.877     0.5651     0.5651     0.5227     -1.356     -1.321     0.4248      1.632      1.199      1.200    
     204  3.895     0.5721     0.5721     0.5086     -1.352     -1.275     0.4272      1.631      1.201      1.202    
     205  3.912     0.5792     0.5792     0.4944     -1.346     -1.214     0.4306      1.628      1.203      1.205    
     206  3.929     0.5863     0.5863     0.4803     -1.339     -1.141     0.4351      1.625      1.206      1.208    
     207  3.946     0.5933     0.5933     0.4662     -1.330     -1.062     0.4408      1.621      1.210      1.213    
     208  3.964     0.6004     0.6004     0.4521     -1.321     -.9774     0.4477      1.617      1.214      1.218    
     209  3.981     0.6074     0.6074     0.4379     -1.310     -.8921     0.4559      1.612      1.219      1.224    
     210  3.998     0.6145     0.6145     0.4238     -1.299     -.8085     0.4656      1.607      1.224      1.230    
     211  4.016     0.6216     0.6216     0.4097     -1.288     -.7288     0.4770      1.601      1.230      1.237    
     212  4.033     0.6286     0.6286     0.3955     -1.277     -.6545     0.4901      1.594      1.237      1.244    
     213  4.050     0.6357     0.6357     0.3814     -1.266     -.5870     0.5051      1.587      1.244      1.251    
     214  4.068     0.6428     0.6428     0.3673     -1.256     -.5271     0.5222      1.580      1.251      1.259    
     215  4.085     0.6498     0.6498     0.3532     -1.246     -.4754     0.5415      1.572      1.259      1.267    
     216  4.102     0.6569     0.6569     0.3390     -1.237     -.4321     0.5632      1.563      1.268      1.275    
     217  4.119     0.6640     0.6640     0.3249     -1.229     -.3973     0.5875      1.554      1.277      1.284    
     218  4.137     0.6710     0.6710     0.3108     -1.223     -.3710     0.6143      1.544      1.286      1.292    
     219  4.154     0.6781     0.6781     0.2967     -1.217     -.3529     0.6438      1.534      1.295      1.301    
     220  4.171     0.6851     0.6851     0.2825     -1.213     -.3427     0.6758      1.524      1.305      1.309    
     221  4.189     0.6922     0.6922     0.2684     -1.210     -.3400     0.7102      1.513      1.315      1.318    
     222  4.206     0.6993     0.6993     0.2543     -1.209     -.3441     0.7467      1.502      1.325      1.327    
     223  4.223     0.7063     0.7063     0.2402     -1.208     -.3543     0.7847      1.491      1.335      1.335    
     224  4.241     0.7134     0.7134     0.2260     -1.209     -.3695     0.8237      1.479      1.345      1.344    
     225  4.258     0.7205     0.7205     0.2119     -1.212     -.3888     0.8628      1.467      1.355      1.352    
     226  4.275     0.7275     0.7275     0.1978     -1.215     -.4109     0.9012      1.455      1.365      1.361    
     227  4.292     0.7346     0.7346     0.1836     -1.219     -.4346     0.9377      1.442      1.375      1.369    
     228  4.310     0.7416     0.7416     0.1695     -1.225     -.4588     0.9716      1.430      1.384      1.377    
     229  4.327     0.7487     0.7487     0.1554     -1.231     -.4826      1.002      1.417      1.393      1.384    
     230  4.344     0.7558     0.7558     0.1413     -1.237     -.5051      1.028      1.405      1.402      1.391    
     231  4.362     0.7628     0.7628     0.1271     -1.245     -.5259      1.050      1.393      1.410      1.398    
     232  4.379     0.7699     0.7699     0.1130     -1.253     -.5447      1.068      1.381      1.418      1.405    
     233  4.396     0.7770     0.7770     0.9889E-01 -1.261     -.5616      1.081      1.370      1.425      1.411    
     234  4.414     0.7840     0.7840     0.8476E-01 -1.269     -.5766      1.090      1.360      1.432      1.417    
     235  4.431     0.7911     0.7911     0.7063E-01 -1.278     -.5898      1.094      1.351      1.438      1.422    
     236  4.448     0.7982     0.7982     0.5651E-01 -1.286     -.6017      1.093      1.344      1.444      1.427    
     237  4.465     0.8052     0.8052     0.4238E-01 -1.295     -.6123      1.088      1.340      1.449      1.431    
     238  4.483     0.8123     0.8123     0.2825E-01 -1.303     -.6220      1.077      1.339      1.453      1.435    
     239  4.500     0.8193     0.8193     0.1413E-01 -1.311     -.6308      1.061      1.343      1.457      1.438    
     240  4.517     0.8264     0.8264     0.1413E-09 -1.319     -.6391      1.050      1.340      1.460      1.440    
     241  4.517     0.8264     0.8264      0.000     -1.319     -.6391      1.050      1.340      1.460      1.440    
     242  4.527     0.8193     0.8335      0.000     -1.318     -.6392      1.050      1.340      1.460      1.440    
     243  4.537     0.8123     0.8405      0.000     -1.312     -.6394      1.050      1.340      1.461      1.441    
     244  4.547     0.8052     0.8476      0.000     -1.303     -.6397      1.051      1.340      1.461      1.441    
     245  4.557     0.7982     0.8547      0.000     -1.290     -.6402      1.052      1.340      1.461      1.442    
     246  4.567     0.7911     0.8617      0.000     -1.275     -.6409      1.053      1.339      1.461      1.443    
     247  4.577     0.7840     0.8688      0.000     -1.256     -.6417      1.054      1.339      1.462      1.444    
     248  4.587     0.7770     0.8759      0.000     -1.235     -.6426      1.056      1.339      1.462      1.446    
     249  4.597     0.7699     0.8829      0.000     -1.212     -.6436      1.058      1.338      1.462      1.447    
     250  4.607     0.7628     0.8900      0.000     -1.186     -.6447      1.060      1.338      1.463      1.449    
     251  4.617     0.7558     0.8970      0.000     -1.159     -.6460      1.063      1.337      1.464      1.451    
     252  4.627     0.7487     0.9041      0.000     -1.132     -.6473      1.066      1.337      1.464      1.453    
     253  4.637     0.7416     0.9112      0.000     -1.103     -.6488      1.069      1.336      1.465      1.455    
     254  4.647     0.7346     0.9182      0.000     -1.074     -.6503      1.073      1.335      1.466      1.458    
     255  4.657     0.7275     0.9253      0.000     -1.045     -.6519      1.077      1.335      1.467      1.460    
     256  4.667     0.7205     0.9324      0.000     -1.016     -.6536      1.081      1.334      1.468      1.462    
     257  4.677     0.7134     0.9394      0.000     -.9872     -.6553      1.086      1.333      1.469      1.465    
     258  4.687     0.7063     0.9465      0.000     -.9595     -.6571      1.092      1.331      1.470      1.467    
     259  4.697     0.6993     0.9535      0.000     -.9329     -.6589      1.098      1.330      1.471      1.470    
     260  4.707     0.6922     0.9606      0.000     -.9074     -.6608      1.104      1.329      1.472      1.472    
     261  4.717     0.6851     0.9677      0.000     -.8833     -.6627      1.111      1.327      1.473      1.475    
     262  4.727     0.6781     0.9747      0.000     -.8606     -.6646      1.118      1.325      1.474      1.477    
     263  4.737     0.6710     0.9818      0.000     -.8395     -.6665      1.126      1.323      1.475      1.479    
     264  4.747     0.6640     0.9889      0.000     -.8200     -.6684      1.134      1.321      1.477      1.481    
     265  4.757     0.6569     0.9959      0.000     -.8021     -.6702      1.142      1.319      1.478      1.484    
     266  4.767     0.6498      1.003      0.000     -.7859     -.6721      1.151      1.317      1.479      1.485    
     267  4.777     0.6428      1.010      0.000     -.7713     -.6739      1.160      1.314      1.480      1.487    
     268  4.787     0.6357      1.017      0.000     -.7583     -.6757      1.170      1.311      1.482      1.489    
     269  4.797     0.6286      1.024      0.000     -.7469     -.6775      1.179      1.308      1.483      1.490    
     270  4.807     0.6216      1.031      0.000     -.7369     -.6792      1.188      1.305      1.484      1.492    
     271  4.817     0.6145      1.038      0.000     -.7282     -.6808      1.198      1.302      1.485      1.493    
     272  4.827     0.6074      1.045      0.000     -.7209     -.6824      1.207      1.299      1.486      1.494    
     273  4.837     0.6004      1.052      0.000     -.7146     -.6840      1.216      1.295      1.488      1.495    
     274  4.847     0.5933      1.059      0.000     -.7094     -.6855      1.225      1.291      1.489      1.495    
     275  4.857     0.5863      1.067      0.000     -.7051     -.6870      1.233      1.287      1.490      1.496    
     276  4.867     0.5792      1.074      0.000     -.7016     -.6883      1.241      1.283      1.491      1.496    
     277  4.877     0.5721      1.081      0.000     -.6987     -.6897      1.248      1.279      1.492      1.496    
     278  4.887     0.5651      1.088      0.000     -.6965     -.6910      1.255      1.275      1.493      1.495    
     279  4.897     0.5580      1.095      0.000     -.6947     -.6922      1.261      1.270      1.494      1.495    
     280  4.907     0.5509      1.102      0.000     -.6934     -.6934      1.266      1.266      1.494      1.494    
     281  4.907     0.5509      1.102      0.000     -.6934     -.6934      1.266      1.266      1.494      1.494    
     282  4.921     0.5368      1.102      0.000     -.6938     -.6938      1.265      1.265      1.494      1.494    
     283  4.935     0.5227      1.102      0.000     -.6953     -.6953      1.263      1.263      1.494      1.494    
     284  4.949     0.5086      1.102      0.000     -.6977     -.6977      1.259      1.259      1.494      1.494    
     285  4.963     0.4944      1.102      0.000     -.7012     -.7012      1.253      1.253      1.494      1.494    
     286  4.978     0.4803      1.102      0.000     -.7060     -.7060      1.247      1.247      1.493      1.493    
     287  4.992     0.4662      1.102      0.000     -.7121     -.7121      1.239      1.239      1.493      1.493    
     288  5.006     0.4521      1.102      0.000     -.7197     -.7197      1.231      1.231      1.493      1.493    
     289  5.020     0.4379      1.102      0.000     -.7291     -.7291      1.221      1.221      1.492      1.492    
     290  5.034     0.4238      1.102      0.000     -.7402     -.7402      1.211      1.211      1.491      1.491    
     291  5.048     0.4097      1.102      0.000     -.7533     -.7533      1.201      1.201      1.491      1.491    
     292  5.062     0.3955      1.102      0.000     -.7685     -.7685      1.190      1.190      1.490      1.490    
     293  5.076     0.3814      1.102      0.000     -.7857     -.7857      1.179      1.179      1.490      1.490    
     294  5.091     0.3673      1.102      0.000     -.8052     -.8052      1.168      1.168      1.489      1.489    
     295  5.105     0.3532      1.102      0.000     -.8268     -.8268      1.157      1.157      1.489      1.489    
     296  5.119     0.3390      1.102      0.000     -.8506     -.8506      1.146      1.146      1.488      1.488    
     297  5.133     0.3249      1.102      0.000     -.8765     -.8765      1.135      1.135      1.488      1.488    
     298  5.147     0.3108      1.102      0.000     -.9045     -.9045      1.124      1.124      1.487      1.487    
     299  5.161     0.2967      1.102      0.000     -.9343     -.9343      1.113      1.113      1.487      1.487    
     300  5.175     0.2825      1.102      0.000     -.9659     -.9659      1.103      1.103      1.487      1.487    
     301  5.189     0.2684      1.102      0.000     -.9991     -.9991      1.093      1.093      1.487      1.487    
     302  5.204     0.2543      1.102      0.000     -1.034     -1.034      1.083      1.083      1.487      1.487    
     303  5.218     0.2402      1.102      0.000     -1.069     -1.069      1.074      1.074      1.488      1.488    
     304  5.232     0.2260      1.102      0.000     -1.106     -1.106      1.065      1.065      1.488      1.488    
     305  5.246     0.2119      1.102      0.000     -1.142     -1.142      1.056      1.056      1.489      1.489    
     306  5.260     0.1978      1.102      0.000     -1.179     -1.179      1.047      1.047      1.490      1.490    
     307  5.274     0.1836      1.102      0.000     -1.216     -1.216      1.039      1.039      1.491      1.491    
     308  5.288     0.1695      1.102      0.000     -1.252     -1.252      1.031      1.031      1.493      1.493    
     309  5.303     0.1554      1.102      0.000     -1.287     -1.287      1.023      1.023      1.494      1.494    
     310  5.317     0.1413      1.102      0.000     -1.321     -1.321      1.016      1.016      1.496      1.496    
     311  5.331     0.1271      1.102      0.000     -1.353     -1.353      1.009      1.009      1.498      1.498    
     312  5.345     0.1130      1.102      0.000     -1.383     -1.383      1.003      1.003      1.500      1.500    
     313  5.359     0.9889E-01  1.102      0.000     -1.411     -1.411     0.9968     0.9968      1.501      1.501    
     314  5.373     0.8476E-01  1.102      0.000     -1.435     -1.435     0.9915     0.9915      1.503      1.503    
     315  5.387     0.7063E-01  1.102      0.000     -1.456     -1.456     0.9868     0.9868      1.505      1.505    
     316  5.401     0.5651E-01  1.102      0.000     -1.474     -1.474     0.9829     0.9829      1.507      1.507    
     317  5.416     0.4238E-01  1.102      0.000     -1.488     -1.488     0.9797     0.9797      1.508      1.508    
     318  5.430     0.2825E-01  1.102      0.000     -1.499     -1.499     0.9774     0.9774      1.509      1.509    
     319  5.444     0.1413E-01  1.102      0.000     -1.505     -1.505     0.9760     0.9760      1.509      1.509    
     320  5.458     0.1413E-09  1.102      0.000     -1.507     -1.507     0.9756     0.9756      1.510      1.510    
     321  5.458      0.000      1.102      0.000     -1.507     -1.507     0.9756     0.9756      1.510      1.510    
     322  5.486      0.000      1.074      0.000     -1.505     -1.505     0.9754     0.9756      1.509      1.509    
     323  5.514      0.000      1.045      0.000     -1.500     -1.500     0.9752     0.9755      1.508      1.508    
     324  5.543      0.000      1.017      0.000     -1.491     -1.491     0.9748     0.9752      1.505      1.505    
     325  5.571      0.000     0.9889      0.000     -1.478     -1.478     0.9743     0.9749      1.502      1.502    
     326  5.599      0.000     0.9606      0.000     -1.462     -1.462     0.9736     0.9745      1.498      1.498    
     327  5.627      0.000     0.9324      0.000     -1.441     -1.441     0.9728     0.9740      1.492      1.492    
     328  5.656      0.000     0.9041      0.000     -1.416     -1.416     0.9720     0.9735      1.485      1.485    
     329  5.684      0.000     0.8759      0.000     -1.387     -1.387     0.9710     0.9729      1.477      1.477    
     330  5.712      0.000     0.8476      0.000     -1.353     -1.353     0.9699     0.9723      1.468      1.468    
     331  5.740      0.000     0.8193      0.000     -1.315     -1.315     0.9687     0.9717      1.456      1.456    
     332  5.769      0.000     0.7911      0.000     -1.272     -1.272     0.9674     0.9711      1.444      1.444    
     333  5.797      0.000     0.7628      0.000     -1.224     -1.224     0.9661      1.429      1.429     0.9705    
     334  5.825      0.000     0.7346      0.000     -1.172     -1.172     0.9648      1.413      1.413     0.9700    
     335  5.853      0.000     0.7063      0.000     -1.117     -1.117     0.9634      1.395      1.395     0.9696    
     336  5.882      0.000     0.6781      0.000     -1.057     -1.057     0.9620      1.375      1.375     0.9692    
     337  5.910      0.000     0.6498      0.000     -.9934     -.9934     0.9606      1.354      1.354     0.9689    
     338  5.938      0.000     0.6216      0.000     -.9271     -.9271     0.9591      1.332      1.332     0.9687    
     339  5.966      0.000     0.5933      0.000     -.8582     -.8582     0.9577      1.308      1.308     0.9687    
     340  5.995      0.000     0.5651      0.000     -.7871     -.7871     0.9563      1.284      1.284     0.9688    
     341  6.023      0.000     0.5368      0.000     -.7145     -.7145     0.9550      1.259      1.259     0.9689    
     342  6.051      0.000     0.5086      0.000     -.6409     -.6409     0.9537      1.235      1.235     0.9692    
     343  6.079      0.000     0.4803      0.000     -.5668     -.5668     0.9524      1.210      1.210     0.9696    
     344  6.108      0.000     0.4521      0.000     -.4927     -.4927     0.9513      1.185      1.185     0.9702    
     345  6.136      0.000     0.4238      0.000     -.4192     -.4192     0.9501      1.162      1.162     0.9708    
     346  6.164      0.000     0.3955      0.000     -.3467     -.3467     0.9491      1.139      1.139     0.9715    
     347  6.192      0.000     0.3673      0.000     -.2758     -.2758     0.9481      1.118      1.118     0.9723    
     348  6.221      0.000     0.3390      0.000     -.2070     -.2070     0.9471      1.098      1.098     0.9731    
     349  6.249      0.000     0.3108      0.000     -.1408     -.1408     0.9463      1.079      1.079     0.9740    
     350  6.277      0.000     0.2825      0.000     -.7767E-01 -.7767E-01 0.9455      1.062      1.062     0.9749    
     351  6.305      0.000     0.2543      0.000     -.1819E-01 -.1819E-01 0.9448      1.046      1.046     0.9758    
     352  6.334      0.000     0.2260      0.000     0.3710E-01 0.3710E-01 0.9442      1.032      1.032     0.9767    
     353  6.362      0.000     0.1978      0.000     0.8766E-01 0.8766E-01 0.9436      1.020      1.020     0.9775    
     354  6.390      0.000     0.1695      0.000     0.1329     0.1329     0.9432      1.010      1.010     0.9783    
     355  6.419      0.000     0.1413      0.000     0.1723     0.1723     0.9428      1.001      1.001     0.9790    
     356  6.447      0.000     0.1130      0.000     0.2054     0.2054     0.9424     0.9935     0.9935     0.9796    
     357  6.475      0.000     0.8476E-01  0.000     0.2315     0.2315     0.9421     0.9878     0.9878     0.9800    
     358  6.503      0.000     0.5651E-01  0.000     0.2504     0.2504     0.9417     0.9839     0.9839     0.9804    
     359  6.532      0.000     0.2825E-01  0.000     0.2608     0.2608     0.9405     0.9815     0.9815     0.9806    
     360  6.560      0.000     0.2825E-09  0.000     0.3508E-01 0.3505E-01 0.3411E-01 0.9807     0.9807     0.9807    
