 0.3500E-01          1  0.000      0.000      0.000      0.000      0.000      0.000      0.000      0.000    
  1.206              2 0.1094E-05 0.9376E-06  0.000      0.000      0.000     0.4062E-07 0.3857E-06 0.5112E-06
  2.376              3 0.6869E-05 0.4950E-05  0.000      0.000      0.000     0.2148E-06 0.2039E-05 0.2696E-05
  3.547              4 0.2101E-04 0.1212E-04  0.000      0.000      0.000     0.5262E-06 0.4995E-05 0.6599E-05
  4.717              5 0.4720E-04 0.2245E-04  0.000      0.000      0.000     0.9747E-06 0.9254E-05 0.1222E-04
  5.888              6 0.8912E-04 0.3593E-04  0.000      0.000      0.000     0.1560E-05 0.1482E-04 0.1956E-04
  7.058              7 0.1505E-03 0.5258E-04  0.000      0.000      0.000     0.2283E-05 0.2168E-04 0.2862E-04
  8.229              8 0.2349E-03 0.7238E-04  0.000      0.000      0.000     0.3144E-05 0.2984E-04 0.3939E-04
  9.400              9 0.3461E-03 0.9534E-04  0.000      0.000      0.000     0.4141E-05 0.3931E-04 0.5189E-04
  10.57             10 0.4878E-03 0.1215E-03  0.000      0.000      0.000     0.5275E-05 0.5008E-04 0.6610E-04
  11.74             11 0.6637E-03 0.1507E-03  0.000      0.000      0.000     0.6547E-05 0.6216E-04 0.8203E-04
  12.91             12 0.8774E-03 0.1832E-03  0.000      0.000      0.000     0.7956E-05 0.7553E-04 0.9968E-04
  14.08             13 0.1133E-02 0.2188E-03  0.000      0.000      0.000     0.9502E-05 0.9021E-04 0.1190E-03
  15.25             14 0.1433E-02 0.2575E-03  0.000      0.000      0.000     0.1119E-04 0.1062E-03 0.1401E-03
  16.42             15 0.1782E-02 0.2994E-03  0.000      0.000      0.000     0.1301E-04 0.1235E-03 0.1629E-03
  17.59             16 0.2184E-02 0.3445E-03  0.000      0.000      0.000     0.1496E-04 0.1421E-03 0.1875E-03
  18.76             17 0.2642E-02 0.3927E-03  0.000      0.000      0.000     0.1706E-04 0.1620E-03 0.2137E-03
  19.93             18 0.3161E-02 0.4441E-03  0.000      0.000      0.000     0.1929E-04 0.1831E-03 0.2417E-03
  21.11             19 0.3742E-02 0.4986E-03  0.000      0.000      0.000     0.2166E-04 0.2056E-03 0.2713E-03
  22.28             20 0.4391E-02 0.5563E-03  0.000      0.000      0.000     0.2417E-04 0.2294E-03 0.3027E-03
  23.45             21 0.5111E-02 0.6172E-03  0.000      0.000      0.000     0.2681E-04 0.2545E-03 0.3358E-03
  24.62             22 0.5906E-02 0.6812E-03  0.000      0.000      0.000     0.2959E-04 0.2809E-03 0.3707E-03
  25.79             23 0.6779E-02 0.7484E-03  0.000      0.000      0.000     0.3251E-04 0.3086E-03 0.4072E-03
  26.96             24 0.7734E-02 0.8187E-03  0.000      0.000      0.000     0.3556E-04 0.3376E-03 0.4455E-03
  28.13             25 0.9315E-02 0.1355E-02  0.000      0.000      0.000     0.3876E-04 0.5787E-03 0.7373E-03
  29.30             26 0.1164E-01 0.1993E-02  0.000      0.000      0.000     0.4209E-04 0.8549E-03 0.1096E-02
  30.47             27 0.1454E-01 0.2487E-02  0.000      0.000      0.000     0.4555E-04 0.1052E-02 0.1390E-02
  31.64             28 0.1785E-01 0.2838E-02  0.000      0.000      0.000     0.4916E-04 0.1170E-02 0.1619E-02
  32.81             29 0.2141E-01 0.3046E-02  0.000      0.000      0.000     0.5290E-04 0.1210E-02 0.1783E-02
  33.98             30 0.2503E-01 0.3109E-02  0.000      0.000      0.000     0.5678E-04 0.1170E-02 0.1883E-02
  35.15             31 0.2859E-01 0.3052E-02  0.000      0.000      0.000     0.6079E-04 0.1064E-02 0.1928E-02
  36.32             32 0.3244E-01 0.3295E-02  0.000      0.000      0.000     0.6494E-04 0.1128E-02 0.2102E-02
  37.49             33 0.3657E-01 0.3545E-02  0.000      0.000      0.000     0.6923E-04 0.1193E-02 0.2283E-02
  38.66             34 0.4101E-01 0.3802E-02  0.000      0.000      0.000     0.7366E-04 0.1259E-02 0.2469E-02
  39.83             35 0.4575E-01 0.4065E-02  0.000      0.000      0.000     0.7823E-04 0.1326E-02 0.2661E-02
  41.00             36 0.5081E-01 0.4336E-02  0.000      0.000      0.000     0.8293E-04 0.1394E-02 0.2859E-02
  42.18             37 0.5622E-01 0.4634E-02  0.000      0.000      0.000     0.8777E-04 0.1464E-02 0.3082E-02
  43.35             38 0.6204E-01 0.4990E-02  0.000      0.000      0.000     0.9274E-04 0.1534E-02 0.3363E-02
  44.52             39 0.6832E-01 0.5381E-02  0.000      0.000      0.000     0.9786E-04 0.1606E-02 0.3677E-02
  45.69             40 0.7509E-01 0.5807E-02  0.000      0.000      0.000     0.1031E-03 0.1679E-02 0.4024E-02
  46.86             41 0.8240E-01 0.6267E-02  0.000      0.000      0.000     0.1085E-03 0.1753E-02 0.4405E-02
  48.03             42 0.9029E-01 0.6762E-02  0.000      0.000      0.000     0.1140E-03 0.1829E-02 0.4820E-02
  49.20             43 0.9880E-01 0.7293E-02  0.000      0.000      0.000     0.1197E-03 0.1906E-02 0.5267E-02
  50.37             44 0.1080     0.7881E-02  0.000      0.000      0.000     0.1255E-03 0.2004E-02 0.5752E-02
  51.54             45 0.1180     0.8539E-02  0.000      0.000      0.000     0.1314E-03 0.2132E-02 0.6275E-02
  52.71             46 0.1288     0.9259E-02  0.000      0.000      0.000     0.1375E-03 0.2292E-02 0.6830E-02
  53.88             47 0.1405     0.1005E-01  0.000      0.000      0.000     0.1437E-03 0.2482E-02 0.7428E-02
  55.05             48 0.1532     0.1093E-01  0.000      0.000      0.000     0.1500E-03 0.2702E-02 0.8077E-02
  56.22             49 0.1671     0.1189E-01  0.000      0.000      0.000     0.1565E-03 0.2954E-02 0.8776E-02
  57.39             50 0.1822     0.1292E-01  0.000      0.000      0.000     0.1632E-03 0.3236E-02 0.9525E-02
  58.56             51 0.1986     0.1404E-01  0.000      0.000      0.000     0.1699E-03 0.3548E-02 0.1033E-01
  59.73             52 0.2184     0.1698E-01  0.000      0.000      0.000     0.1768E-03 0.3892E-02 0.1291E-01
  60.90             53 0.2429     0.2104E-01  0.000      0.000      0.000     0.1838E-03 0.4694E-02 0.1617E-01
  62.08             54 0.2736     0.2633E-01  0.000      0.000      0.000     0.1910E-03 0.7174E-02 0.1897E-01
  63.25             55 0.3056     0.2740E-01  0.000      0.000      0.000     0.1983E-03 0.5638E-02 0.2156E-01
  64.42             56 0.3408     0.3018E-01  0.000      0.000      0.000     0.2058E-03 0.6049E-02 0.2392E-01
  65.59             57 0.3790     0.3276E-01  0.000      0.000      0.000     0.2134E-03 0.6466E-02 0.2608E-01
  66.76             58 0.4164     0.3199E-01  0.000      0.000      0.000     0.6252E-03 0.6891E-02 0.2447E-01
  67.93             59 0.4555     0.3356E-01  0.000      0.000      0.000     0.9190E-03 0.7324E-02 0.2532E-01
  69.10             60 0.4962     0.3486E-01  0.000      0.000      0.000     0.1039E-02 0.7763E-02 0.2606E-01
  70.27             61 0.5403     0.3782E-01  0.000      0.000      0.000     0.9863E-03 0.8210E-02 0.2863E-01
  71.44             62 0.5856     0.3882E-01  0.000      0.000      0.000     0.7599E-03 0.8664E-02 0.2940E-01
  72.61             63 0.6323     0.4004E-01  0.000      0.000      0.000     0.6449E-03 0.9126E-02 0.3027E-01
  73.78             64 0.6812     0.4191E-01  0.000      0.000      0.000     0.6744E-03 0.9594E-02 0.3164E-01
  74.95             65 0.7342     0.4545E-01  0.000      0.000      0.000     0.7043E-03 0.1007E-01 0.3467E-01
  76.12             66 0.7924     0.4983E-01  0.000      0.000      0.000     0.7347E-03 0.1067E-01 0.3843E-01
  77.29             67 0.8581     0.5637E-01  0.000      0.000      0.000     0.7656E-03 0.1141E-01 0.4419E-01
  78.46             68 0.9202     0.5322E-01  0.000      0.000      0.000     0.7969E-03 0.1231E-01 0.4011E-01
  79.63             69 0.9774     0.4899E-01  0.000      0.000      0.000     0.8287E-03 0.1335E-01 0.3481E-01
  80.80             70  1.042     0.5517E-01  0.000      0.000      0.000     0.8610E-03 0.2158E-01 0.3273E-01
  81.97             71  1.106     0.5475E-01  0.000      0.000      0.000     0.8937E-03 0.2332E-01 0.3054E-01
  83.15             72  1.164     0.5043E-01  0.000      0.000      0.000     0.9270E-03 0.2127E-01 0.2823E-01
  84.32             73  1.222     0.4954E-01  0.000      0.000      0.000     0.9606E-03 0.2276E-01 0.2581E-01
  85.49             74  1.280     0.4922E-01  0.000      0.000      0.000     0.9948E-03 0.2495E-01 0.2328E-01
  86.66             75  1.334     0.4687E-01  0.000      0.000      0.000     0.1029E-02 0.2522E-01 0.2063E-01
  87.83             76  1.389     0.4671E-01  0.000      0.000      0.000     0.1064E-02 0.2741E-01 0.1823E-01
  89.00             77  1.456     0.5718E-01  0.000      0.000      0.000     0.1100E-02 0.2861E-01 0.2747E-01
  90.17             78  1.492     0.3154E-01  0.000      0.000      0.000     0.1136E-02 0.2555E-01 0.4853E-02
  91.34             79  1.529     0.3126E-01  0.000      0.000      0.000     0.1173E-02 0.2608E-01 0.4005E-02
  92.51             80  1.565     0.3107E-01  0.000      0.000      0.000     0.1209E-02 0.2663E-01 0.3238E-02
  93.68             81  1.601     0.3100E-01  0.000      0.000      0.000     0.1247E-02 0.2720E-01 0.2552E-02
  94.85             82  1.637     0.3103E-01  0.000      0.000      0.000     0.1285E-02 0.2779E-01 0.1948E-02
  96.02             83  1.674     0.3116E-01  0.000      0.000      0.000     0.1323E-02 0.2841E-01 0.1426E-02
  97.19             84  1.710     0.3142E-01  0.000      0.000      0.000     0.1379E-02 0.2906E-01 0.9843E-03
  98.36             85  1.749     0.3326E-01  0.000      0.000      0.000     0.1437E-02 0.3119E-01 0.6246E-03
  99.53             86  1.790     0.3484E-01  0.000      0.000      0.000     0.1495E-02 0.3299E-01 0.3463E-03
  100.7             87  1.832     0.3631E-01  0.000      0.000      0.000     0.1552E-02 0.3461E-01 0.1495E-03
  101.9             88  1.876     0.3768E-01  0.000      0.000      0.000     0.1609E-02 0.3603E-01 0.3419E-04
  103.0             89  1.922     0.3902E-01  0.000      0.000      0.000     0.1664E-02 0.3736E-01  0.000    
  104.2             90  1.984     0.5374E-01  0.000      0.000      0.000     0.1719E-02 0.5202E-01  0.000    
  105.4             91  2.023     0.3290E-01  0.000      0.000      0.000     0.1772E-02 0.3113E-01  0.000    
  106.6             92  2.030     0.5954E-02  0.000      0.000      0.000     0.1825E-02 0.4129E-02  0.000    
  107.7             93  2.032     0.1878E-02  0.000      0.000      0.000     0.1878E-02  0.000      0.000    
  108.9             94  2.034     0.1929E-02  0.000      0.000      0.000     0.1929E-02  0.000      0.000    
  110.1             95  2.036     0.1980E-02  0.000      0.000      0.000     0.1980E-02  0.000      0.000    
  111.2             96  2.039     0.2029E-02  0.000      0.000      0.000     0.2029E-02  0.000      0.000    
  112.4             97  2.041     0.2078E-02  0.000      0.000      0.000     0.2078E-02  0.000      0.000    
  113.6             98  2.044     0.2127E-02  0.000      0.000      0.000     0.2127E-02  0.000      0.000    
  114.8             99  2.046     0.2183E-02  0.000      0.000      0.000     0.2183E-02  0.000      0.000    
  115.9            100  2.049     0.2251E-02  0.000      0.000      0.000     0.2251E-02  0.000      0.000    
  117.1            101  2.052     0.2322E-02  0.000      0.000      0.000     0.2322E-02  0.000      0.000    
  118.3            102  2.054     0.2397E-02  0.000      0.000      0.000     0.2397E-02  0.000      0.000    
  119.4            103  2.057     0.2476E-02  0.000      0.000      0.000     0.2476E-02  0.000      0.000    
  120.6            104  2.060     0.2559E-02  0.000      0.000      0.000     0.2559E-02  0.000      0.000    
  121.8            105  2.063     0.2645E-02  0.000      0.000      0.000     0.2645E-02  0.000      0.000    
  122.9            106  2.067     0.2735E-02  0.000      0.000      0.000     0.2735E-02  0.000      0.000    
  124.1            107  2.070     0.2828E-02  0.000      0.000      0.000     0.2828E-02  0.000      0.000    
  125.3            108  2.073     0.2926E-02  0.000      0.000      0.000     0.2926E-02  0.000      0.000    
  126.5            109  2.077     0.3027E-02  0.000      0.000      0.000     0.3027E-02  0.000      0.000    
  127.6            110  2.080     0.3132E-02  0.000      0.000      0.000     0.3132E-02  0.000      0.000    
  128.8            111  2.084     0.3240E-02  0.000      0.000      0.000     0.3240E-02  0.000      0.000    
  130.0            112  2.088     0.3353E-02  0.000      0.000      0.000     0.3353E-02  0.000      0.000    
  131.1            113  2.092     0.3472E-02  0.000      0.000      0.000     0.3472E-02  0.000      0.000    
  132.3            114  2.096     0.3596E-02  0.000      0.000      0.000     0.3596E-02  0.000      0.000    
  133.5            115  2.101     0.3728E-02  0.000      0.000      0.000     0.3728E-02  0.000      0.000    
  134.7            116  2.105     0.3865E-02  0.000      0.000      0.000     0.3865E-02  0.000      0.000    
  135.8            117  2.110     0.4009E-02  0.000      0.000      0.000     0.4009E-02  0.000      0.000    
  137.0            118  2.115     0.4159E-02  0.000      0.000      0.000     0.4159E-02  0.000      0.000    
  138.2            119  2.120     0.4316E-02  0.000      0.000      0.000     0.4316E-02  0.000      0.000    
  139.3            120  2.125     0.4463E-02  0.000      0.000      0.000     0.4463E-02  0.000      0.000    
  140.5            121  2.130     0.4586E-02  0.000      0.000      0.000     0.4586E-02  0.000      0.000    
  141.7            122  2.136     0.4693E-02  0.000      0.000      0.000     0.4693E-02  0.000      0.000    
  142.8            123  2.141     0.4783E-02  0.000      0.000      0.000     0.4783E-02  0.000      0.000    
  144.0            124  2.147     0.4858E-02  0.000      0.000      0.000     0.4858E-02  0.000      0.000    
  145.2            125  2.153     0.5026E-02  0.000      0.000      0.000     0.5026E-02  0.000      0.000    
  146.4            126  2.159     0.5206E-02  0.000      0.000      0.000     0.5206E-02  0.000      0.000    
  147.5            127  2.165     0.5391E-02  0.000      0.000      0.000     0.5391E-02  0.000      0.000    
  148.7            128  2.172     0.5581E-02  0.000      0.000      0.000     0.5581E-02  0.000      0.000    
  149.9            129  2.179     0.5776E-02  0.000      0.000      0.000     0.5776E-02  0.000      0.000    
  151.0            130  2.186     0.5976E-02  0.000      0.000      0.000     0.5976E-02  0.000      0.000    
  152.2            131  2.193     0.6180E-02  0.000      0.000      0.000     0.6180E-02  0.000      0.000    
  153.4            132  2.200     0.6390E-02  0.000      0.000      0.000     0.6390E-02  0.000      0.000    
  154.6            133  2.208     0.6604E-02  0.000      0.000      0.000     0.6604E-02  0.000      0.000    
  155.7            134  2.216     0.6823E-02  0.000      0.000      0.000     0.6823E-02  0.000      0.000    
  156.9            135  2.224     0.7047E-02  0.000      0.000      0.000     0.7047E-02  0.000      0.000    
  158.1            136  2.233     0.7276E-02  0.000      0.000      0.000     0.7276E-02  0.000      0.000    
  159.2            137  2.241     0.7510E-02  0.000      0.000      0.000     0.7510E-02  0.000      0.000    
  160.4            138  2.250     0.7759E-02  0.000      0.000      0.000     0.7759E-02  0.000      0.000    
  161.6            139  2.260     0.8319E-02  0.000      0.000      0.000     0.8319E-02  0.000      0.000    
  162.7            140  2.270     0.8818E-02  0.000      0.000      0.000     0.8818E-02  0.000      0.000    
  163.9            141  2.281     0.9225E-02  0.000      0.000      0.000     0.9225E-02  0.000      0.000    
  165.1            142  2.292     0.9627E-02  0.000      0.000      0.000     0.9627E-02  0.000      0.000    
  166.3            143  2.304     0.1002E-01  0.000      0.000      0.000     0.1002E-01  0.000      0.000    
  167.4            144  2.316     0.1041E-01  0.000      0.000      0.000     0.1041E-01  0.000      0.000    
  168.6            145  2.329     0.1080E-01  0.000      0.000      0.000     0.1080E-01  0.000      0.000    
  169.8            146  2.342     0.1124E-01  0.000      0.000      0.000     0.1124E-01  0.000      0.000    
  170.9            147  2.356     0.1175E-01  0.000      0.000      0.000     0.1175E-01  0.000      0.000    
  172.1            148  2.370     0.1232E-01  0.000      0.000      0.000     0.1232E-01  0.000      0.000    
  173.3            149  2.385     0.1295E-01  0.000      0.000      0.000     0.1295E-01  0.000      0.000    
  174.4            150  2.401     0.1365E-01  0.000      0.000      0.000     0.1365E-01  0.000      0.000    
  175.6            151  2.418     0.1441E-01  0.000      0.000      0.000     0.1441E-01  0.000      0.000    
  176.8            152  2.436     0.1523E-01  0.000      0.000      0.000     0.1523E-01  0.000      0.000    
  178.0            153  2.454     0.1611E-01  0.000      0.000      0.000     0.1611E-01  0.000      0.000    
  179.1            154  2.474     0.1706E-01  0.000      0.000      0.000     0.1706E-01  0.000      0.000    
  180.3            155  2.495     0.1806E-01  0.000      0.000      0.000     0.1806E-01  0.000      0.000    
  181.5            156  2.518     0.1926E-01  0.000      0.000      0.000     0.1926E-01  0.000      0.000    
  182.6            157  2.542     0.2086E-01  0.000      0.000      0.000     0.2086E-01  0.000      0.000    
  183.8            158  2.569     0.2292E-01  0.000      0.000      0.000     0.2292E-01  0.000      0.000    
  185.0            159  2.600     0.2634E-01  0.000      0.000      0.000     0.2634E-01  0.000      0.000    
  186.2            160  2.634     0.2905E-01  0.000      0.000      0.000     0.2905E-01  0.000      0.000    
  187.3            161  2.669     0.3060E-01  0.000      0.000      0.000     0.3060E-01  0.000      0.000    
  188.5            162  2.706     0.3132E-01  0.000      0.000      0.000     0.3132E-01  0.000      0.000    
  189.7            163  2.740     0.2905E-01  0.000      0.000      0.000     0.2905E-01  0.000      0.000    
  190.8            164  2.770     0.2573E-01  0.000      0.000      0.000     0.2573E-01  0.000      0.000    
  192.0            165  2.796     0.2239E-01  0.000      0.000      0.000     0.2239E-01  0.000      0.000    
  193.2            166  2.818     0.1913E-01  0.000      0.000      0.000     0.1913E-01  0.000      0.000    
  194.3            167  2.837     0.1628E-01  0.000      0.000      0.000     0.1628E-01  0.000      0.000    
  195.5            168  2.853     0.1385E-01  0.000      0.000      0.000     0.1385E-01  0.000      0.000    
  196.7            169  2.868     0.1212E-01  0.000      0.000      0.000     0.1212E-01  0.000      0.000    
  197.9            170  2.880     0.1095E-01  0.000      0.000      0.000     0.1095E-01  0.000      0.000    
  199.0            171  2.892     0.9881E-02  0.000      0.000      0.000     0.9881E-02  0.000      0.000    
  200.2            172  2.902     0.8928E-02  0.000      0.000      0.000     0.8928E-02  0.000      0.000    
  201.4            173  2.912     0.8085E-02  0.000      0.000     0.1601E-05 0.8084E-02  0.000      0.000    
  202.5            174  2.920     0.7329E-02  0.000      0.000     0.3274E-04 0.7296E-02  0.000      0.000    
  203.7            175  2.928     0.6650E-02  0.000      0.000     0.1036E-03 0.6547E-02  0.000      0.000    
  204.9            176  2.935     0.6048E-02  0.000      0.000     0.2142E-03 0.5834E-02  0.000      0.000    
  206.1            177  2.941     0.5524E-02  0.000      0.000     0.3645E-03 0.5159E-02  0.000      0.000    
  207.2            178  2.947     0.5077E-02  0.000      0.000     0.5546E-03 0.4522E-02  0.000      0.000    
  208.4            179  2.953     0.5031E-02  0.000      0.000     0.7844E-03 0.4246E-02  0.000      0.000    
  209.6            180  2.959     0.4771E-02  0.000      0.000     0.1054E-02 0.3717E-02  0.000      0.000    
  210.7            181  2.964     0.4602E-02  0.000      0.000     0.1363E-02 0.3239E-02  0.000      0.000    
  211.9            182  2.969     0.4503E-02  0.000      0.000     0.1712E-02 0.2791E-02  0.000      0.000    
  213.1            183  2.975     0.4469E-02  0.000      0.000     0.2101E-02 0.2368E-02  0.000      0.000    
  214.2            184  2.980     0.4501E-02  0.000      0.000     0.2529E-02 0.1972E-02  0.000      0.000    
  215.4            185  2.986     0.4790E-02  0.000      0.000     0.3189E-02 0.1601E-02  0.000      0.000    
  216.6            186  2.992     0.5747E-02  0.000      0.000     0.4492E-02 0.1255E-02  0.000      0.000    
  217.8            187  3.001     0.7386E-02  0.000      0.000     0.6451E-02 0.9352E-03  0.000      0.000    
  218.9            188  3.012     0.9707E-02  0.000      0.000     0.9067E-02 0.6409E-03  0.000      0.000    
  220.1            189  3.066     0.4620E-01  0.000      0.000     0.4566E-01 0.5342E-03  0.000      0.000    
  221.3            190  3.088     0.1884E-01  0.000      0.000     0.1839E-01 0.4546E-03  0.000      0.000    
  222.4            191  3.109     0.1788E-01  0.000      0.000     0.1749E-01 0.3815E-03  0.000      0.000    
  223.6            192  3.130     0.1777E-01  0.000      0.000     0.1746E-01 0.3147E-03  0.000      0.000    
  224.8            193  3.150     0.1775E-01  0.000      0.000     0.1750E-01 0.2544E-03  0.000      0.000    
  226.0            194  3.171     0.1793E-01  0.000      0.000     0.1773E-01 0.2004E-03  0.000      0.000    
  227.1            195  3.193     0.1830E-01  0.000      0.000     0.1814E-01 0.1529E-03  0.000      0.000    
  228.3            196  3.214     0.1864E-01  0.000      0.000     0.1853E-01 0.1118E-03  0.000      0.000    
  229.5            197  3.236     0.1896E-01  0.000      0.000     0.1888E-01 0.7717E-04  0.000      0.000    
  230.6            198  3.259     0.1925E-01  0.000      0.000     0.1920E-01 0.4891E-04  0.000      0.000    
  231.8            199  3.282     0.1951E-01  0.000      0.000     0.1948E-01 0.2706E-04  0.000      0.000    
  233.0            200  3.305     0.1974E-01  0.000      0.000     0.1972E-01 0.1164E-04  0.000      0.000    
  234.1            201  3.328     0.1994E-01  0.000      0.000     0.1993E-01 0.2625E-05  0.000      0.000    
  235.3            202  3.351     0.2011E-01  0.000      0.000     0.2011E-01  0.000      0.000      0.000    
  236.5            203  3.375     0.2027E-01  0.000      0.000     0.2027E-01  0.000      0.000      0.000    
  237.7            204  3.399     0.2045E-01  0.000      0.000     0.2045E-01  0.000      0.000      0.000    
  238.8            205  3.423     0.2064E-01  0.000      0.000     0.2064E-01  0.000      0.000      0.000    
  240.0            206  3.455     0.2717E-01  0.000      0.000     0.2717E-01  0.000      0.000      0.000    
  241.2            207  3.487     0.2736E-01  0.000      0.000     0.2736E-01  0.000      0.000      0.000    
  242.3            208  3.515     0.2450E-01  0.000      0.000     0.2450E-01  0.000      0.000      0.000    
  243.5            209  3.538     0.1935E-01  0.000      0.000     0.1935E-01  0.000      0.000      0.000    
  244.7            210  3.559     0.1817E-01  0.000      0.000     0.1817E-01  0.000      0.000      0.000    
  245.9            211  3.579     0.1687E-01  0.000      0.000     0.1687E-01  0.000      0.000      0.000    
  247.0            212  3.597     0.1587E-01  0.000      0.000     0.1587E-01  0.000      0.000      0.000    
  248.2            213  3.615     0.1536E-01  0.000      0.000     0.1536E-01  0.000      0.000      0.000    
  249.4            214  3.632     0.1486E-01  0.000      0.000     0.1486E-01  0.000      0.000      0.000    
  250.5            215  3.649     0.1438E-01  0.000      0.000     0.1438E-01  0.000      0.000      0.000    
  251.7            216  3.665     0.1391E-01  0.000      0.000     0.1391E-01  0.000      0.000      0.000    
  252.9            217  3.681     0.1346E-01  0.000      0.000     0.1346E-01  0.000      0.000      0.000    
  254.0            218  3.696     0.1303E-01  0.000      0.000     0.1303E-01  0.000      0.000      0.000    
  255.2            219  3.711     0.1262E-01  0.000      0.000     0.1262E-01  0.000      0.000      0.000    
  256.4            220  3.725     0.1222E-01  0.000      0.000     0.1222E-01  0.000      0.000      0.000    
  257.6            221  3.739     0.1189E-01  0.000      0.000     0.1189E-01  0.000      0.000      0.000    
  258.7            222  3.753     0.1164E-01  0.000      0.000     0.1164E-01  0.000      0.000      0.000    
  259.9            223  3.766     0.1149E-01  0.000      0.000     0.1149E-01  0.000      0.000      0.000    
  261.1            224  3.780     0.1145E-01  0.000      0.000     0.1145E-01  0.000      0.000      0.000    
  262.2            225  3.793     0.1157E-01  0.000      0.000     0.1157E-01  0.000      0.000      0.000    
  263.4            226  3.807     0.1185E-01  0.000      0.000     0.1185E-01  0.000      0.000      0.000    
  264.6            227  3.822     0.1272E-01  0.000      0.000     0.1272E-01  0.000      0.000      0.000    
  265.8            228  3.834     0.1037E-01  0.000      0.000     0.1037E-01  0.000      0.000      0.000    
  266.9            229  3.845     0.9825E-02  0.000      0.000     0.9825E-02  0.000      0.000      0.000    
  268.1            230  3.856     0.9362E-02  0.000      0.000     0.9362E-02  0.000      0.000      0.000    
  269.3            231  3.903     0.3977E-01  0.000     0.3086E-01 0.8909E-02  0.000      0.000      0.000    
  270.4            232  3.984     0.6976E-01 0.2617E-02 0.5867E-01 0.8467E-02  0.000      0.000      0.000    
  271.6            233  4.194     0.1798     0.1079E-01 0.1610     0.8035E-02  0.000      0.000      0.000    
  272.8            234  4.332     0.1187     0.2626E-01 0.8480E-01 0.7613E-02  0.000      0.000      0.000    
  273.9            235  4.473     0.1205     0.3994E-01 0.7331E-01 0.7202E-02  0.000      0.000      0.000    
  275.1            236  4.621     0.1273     0.5299E-01 0.6754E-01 0.6802E-02  0.000      0.000      0.000    
  276.3            237  4.773     0.1301     0.5964E-01 0.6395E-01 0.6489E-02  0.000      0.000      0.000    
  277.5            238  4.922     0.1276     0.6364E-01 0.5741E-01 0.6516E-02  0.000      0.000      0.000    
  278.6            239  5.073     0.1299     0.6813E-01 0.5473E-01 0.7000E-02  0.000      0.000      0.000    
  279.8            240  5.238     0.1410     0.7826E-01 0.5593E-01 0.6814E-02  0.000      0.000      0.000    
  281.0            241  5.416     0.1528     0.9317E-01 0.5338E-01 0.6284E-02  0.000      0.000      0.000    
  282.1            242  5.583     0.1428     0.9554E-01 0.4179E-01 0.5431E-02  0.000      0.000      0.000    
  283.3            243  5.750     0.1435     0.1097     0.2900E-01 0.4807E-02  0.000      0.000      0.000    
  284.5            244  5.817     0.5718E-01 0.3520E-01 0.1764E-01 0.4344E-02  0.000      0.000      0.000    
  285.7            245  5.866     0.4166E-01 0.2626E-01 0.1149E-01 0.3902E-02  0.000      0.000      0.000    
  286.8            246  5.904     0.3290E-01 0.2110E-01 0.8316E-02 0.3482E-02  0.000      0.000      0.000    
  288.0            247  5.936     0.2759E-01 0.1770E-01 0.6811E-02 0.3083E-02  0.000      0.000      0.000    
  289.2            248  5.962     0.2206E-01 0.1251E-01 0.5650E-02 0.3896E-02  0.000      0.000      0.000    
  290.3            249  5.981     0.1673E-01 0.9786E-02 0.4483E-02 0.2465E-02  0.000      0.000      0.000    
  291.5            250  5.995     0.1147E-01 0.7512E-02 0.2954E-02 0.1004E-02  0.000      0.000      0.000    
  292.7            251  6.005     0.8877E-02 0.6976E-02 0.1365E-02 0.5361E-03  0.000      0.000      0.000    
  293.8            252  6.008     0.2186E-02 0.1428E-02 0.5443E-03 0.2138E-03  0.000      0.000      0.000    
  295.0            253  6.008     0.3791E-03 0.2476E-03 0.9440E-04 0.3708E-04  0.000      0.000      0.000    
  296.2            254  6.008      0.000      0.000      0.000      0.000      0.000      0.000      0.000    
  297.4            255  6.008      0.000      0.000      0.000      0.000      0.000      0.000      0.000    
  298.5            256  6.008      0.000      0.000      0.000      0.000      0.000      0.000      0.000    
  299.7            257  6.008      0.000      0.000      0.000      0.000      0.000      0.000      0.000    
  300.9            258  6.008      0.000      0.000      0.000      0.000      0.000      0.000      0.000    
  302.0            259  6.008      0.000      0.000      0.000      0.000      0.000      0.000      0.000    
  303.2            260  6.008      0.000      0.000      0.000      0.000      0.000      0.000      0.000    
  304.4            261  6.008      0.000      0.000      0.000      0.000      0.000      0.000      0.000    
  305.6            262  6.008      0.000      0.000      0.000      0.000      0.000      0.000      0.000    
  306.7            263  6.008      0.000      0.000      0.000      0.000      0.000      0.000      0.000    
  307.9            264  6.008      0.000      0.000      0.000      0.000      0.000      0.000      0.000    
  309.1            265  6.008      0.000      0.000      0.000      0.000      0.000      0.000      0.000    
  310.2            266  6.008      0.000      0.000      0.000      0.000      0.000      0.000      0.000    
  311.4            267  6.008      0.000      0.000      0.000      0.000      0.000      0.000      0.000    
  312.6            268  6.008      0.000      0.000      0.000      0.000      0.000      0.000      0.000    
  313.7            269  6.008      0.000      0.000      0.000      0.000      0.000      0.000      0.000    
  314.9            270  6.008      0.000      0.000      0.000      0.000      0.000      0.000      0.000    
  316.1            271  6.008      0.000      0.000      0.000      0.000      0.000      0.000      0.000    
  317.3            272  6.008      0.000      0.000      0.000      0.000      0.000      0.000      0.000    
  318.4            273  6.008      0.000      0.000      0.000      0.000      0.000      0.000      0.000    
  319.6            274  6.008      0.000      0.000      0.000      0.000      0.000      0.000      0.000    
  320.8            275  6.008      0.000      0.000      0.000      0.000      0.000      0.000      0.000    
  321.9            276  6.008      0.000      0.000      0.000      0.000      0.000      0.000      0.000    
  323.1            277  6.008      0.000      0.000      0.000      0.000      0.000      0.000      0.000    
  324.3            278  6.008      0.000      0.000      0.000      0.000      0.000      0.000      0.000    
  325.5            279  6.008      0.000      0.000      0.000      0.000      0.000      0.000      0.000    
  326.6            280  6.008      0.000      0.000      0.000      0.000      0.000      0.000      0.000    
  327.8            281  6.008      0.000      0.000      0.000      0.000      0.000      0.000      0.000    
  329.0            282  6.008      0.000      0.000      0.000      0.000      0.000      0.000      0.000    
  330.1            283  6.008      0.000      0.000      0.000      0.000      0.000      0.000      0.000    
  331.3            284  6.008      0.000      0.000      0.000      0.000      0.000      0.000      0.000    
  332.5            285  6.008      0.000      0.000      0.000      0.000      0.000      0.000      0.000    
  333.6            286  6.008      0.000      0.000      0.000      0.000      0.000      0.000      0.000    
  334.8            287  6.008      0.000      0.000      0.000      0.000      0.000      0.000      0.000    
  336.0            288  6.008      0.000      0.000      0.000      0.000      0.000      0.000      0.000    
  337.2            289  6.008      0.000      0.000      0.000      0.000      0.000      0.000      0.000    
  338.3            290  6.008      0.000      0.000      0.000      0.000      0.000      0.000      0.000    
  339.5            291  6.008      0.000      0.000      0.000      0.000      0.000      0.000      0.000    
  340.7            292  6.008      0.000      0.000      0.000      0.000      0.000      0.000      0.000    
  341.8            293  6.008      0.000      0.000      0.000      0.000      0.000      0.000      0.000    
  343.0            294  6.008      0.000      0.000      0.000      0.000      0.000      0.000      0.000    
  344.2            295  6.008      0.000      0.000      0.000      0.000      0.000      0.000      0.000    
  345.4            296  6.008      0.000      0.000      0.000      0.000      0.000      0.000      0.000    
  346.5            297  6.008      0.000      0.000      0.000      0.000      0.000      0.000      0.000    
  347.7            298  6.008      0.000      0.000      0.000      0.000      0.000      0.000      0.000    
  348.9            299  6.008      0.000      0.000      0.000      0.000      0.000      0.000      0.000    
  350.0            300  6.008      0.000      0.000      0.000      0.000      0.000      0.000      0.000    
