 reading units,nkdir,ndir=           1          40           9
 # k_name , k in primitive, k in gconv units, k in cartesian 
"L"   1   0.50000   0.50000   0.50000   0.50000   0.50000   0.50000   0.55094   0.55094   0.55094
"G"   2   0.00000   0.00000   0.00000   0.00000   0.00000   0.00000   0.00000   0.00000   0.00000
"K"   3   0.37500   0.37500   0.75000   0.75000   0.75000   0.00000   0.82641   0.82641   0.00000
"X"   4   0.50000   0.50000   1.00000   1.00000   1.00000  -0.00000   1.10188   1.10188  -0.00000
"W"   5   0.50000   0.25000   0.75000   0.50000   1.00000   0.00000   0.55094   1.10188   0.00000
"L"   6   0.50000   0.50000   0.50000   0.50000   0.50000   0.50000   0.55094   0.55094   0.55094
"K"   7   0.37500   0.37500   0.75000   0.75000   0.75000   0.00000   0.82641   0.82641   0.00000
"W"   8   0.50000   0.25000   0.75000   0.50000   1.00000   0.00000   0.55094   1.10188   0.00000
"X"   9   0.50000   0.00000   0.50000   0.00000   1.00000   0.00000   0.00000   1.10188   0.00000
"G"  10   0.00000   0.00000   0.00000   0.00000   0.00000   0.00000   0.00000   0.00000   0.00000
