   5.2896868539016351E-022
  -5.2896868539016374E-023
  -2.1158747415606550E-022
   2.5126008773342673E-022
  -5.4219282089844715E-022
  -3.3060537859661420E-022
  -1.7108424802703804E-023
   3.4216849605407608E-023
  -1.7108424802703804E-023
   0.0000000000000000     
   0.0000000000000000     
  -2.5551795338395845E-023
  -1.7458739646075472E-023
  -5.2376218938226418E-023
   1.7458739646075472E-023
   1.7458739534853499E-023
  -1.5712865581368142E-022
   3.4917479069706999E-023
   5.2697577605507072E-011
   5.2697577605483458E-011
  -2.1335182722861643E-010
   3.2745419109652509E-010
   3.2745419109705267E-010
  -5.8703814643086062E-010
  -1.7182854527543529E-010
  -1.7182854527551486E-010
   2.3192187739693321E-011
   4.2283128850680068E-011
   4.2283128850667111E-011
   1.0586646318283404E-010
  -2.0230064253345817E-011
  -2.0230064253400075E-011
   3.4467055019759281E-011
  -7.0407023273219628E-012
  -7.0407023273043360E-012
   1.0256662167351387E-011
   3.9240372542885460E-011
   3.9240372542522496E-011
  -1.9243138742073749E-010
  -4.6911151367394532E-011
  -4.6911151367012304E-011
  -1.0424358659588629E-010
  -4.3675320781283906E-011
  -4.3675320781272009E-011
  -2.0132279400752350E-010
   8.5730478050104917E-011
   8.5730478050079119E-011
   1.3713615359209705E-010
  -1.6268135639107392E-011
  -1.6268135639030245E-011
   3.0104637306335256E-011
  -1.6354809137833976E-011
  -1.6354809137833976E-011
   1.9569903486027894E-011
  -5.9896771648887885E-012
  -5.9896771649754026E-012
  -6.0969334679638385E-011
  -3.4841023474244817E-010
  -3.4841023474218730E-010
   4.1756870039879885E-011
   9.7988519090017666E-011
   9.7988519089982381E-011
  -2.8910237536444745E-010
   9.1457238821969861E-011
   9.1457238821982398E-011
   1.6662645969849894E-010
  -2.1041613935968962E-013
  -2.1041613941907022E-013
   3.8799235415171706E-012
  -2.6087948847367321E-011
  -2.6087948847424784E-011
   1.0414978667894692E-011
   2.4066027874720459E-022
   6.7041077651007000E-022
   1.3752015928411690E-022
  -9.2826107516778670E-022
   4.1256047785234963E-022
   1.0314011946308741E-022
  -2.6784904548359809E-023
  -5.3569809096719618E-023
  -2.6784904548359809E-023
   0.0000000000000000     
  -4.0177356822539710E-023
   2.6784904548359809E-023
  -1.9757099982398364E-023
   1.9757099982398364E-023
  -5.9271299947195101E-023
  -1.9757099982398355E-023
  -5.9271299947195066E-023
  -5.9271299947195066E-023
   5.9896771652006114E-012
   5.9896771650447056E-012
   6.0969334679742454E-011
   3.4841023474239693E-010
   3.4841023474192730E-010
  -4.1756870039801775E-011
  -9.7988519090035282E-011
  -9.7988519090000023E-011
   2.8910237536442987E-010
  -9.1457238821919881E-011
  -9.1457238821882374E-011
  -1.6662645969843649E-010
   2.1041613935968962E-013
   2.1041613943886374E-013
  -3.8799235415171706E-012
   2.6087948847424784E-011
   2.6087948847405633E-011
  -1.0414978667875540E-011
  -3.9240372542809204E-011
  -3.9240372543057552E-011
   1.9243138742104383E-010
   4.6911151367230789E-011
   4.6911151366975973E-011
   1.0424358659570440E-010
   4.3675320781343340E-011
   4.3675320781212600E-011
   2.0132279400742835E-010
  -8.5730478050104943E-011
  -8.5730478050092031E-011
  -1.3713615359213577E-010
   1.6268135639068815E-011
   1.6268135639030232E-011
  -3.0104637306373811E-011
   1.6354809137852190E-011
   1.6354809137833982E-011
  -1.9569903486027901E-011
  -5.2697577605931609E-011
  -5.2697577605600989E-011
   2.1335182722899212E-010
  -3.2745419109761030E-010
  -3.2745419109684169E-010
   5.8703814642994142E-010
   1.7182854527555467E-010
   1.7182854527545530E-010
  -2.3192187739713215E-011
  -4.2283128850667111E-011
  -4.2283128850705963E-011
  -1.0586646318280817E-010
   2.0230064253418157E-011
   2.0230064253472411E-011
  -3.4467055019668834E-011
   7.0407023273572166E-012
   7.0407023273043360E-012
  -1.0256662167351387E-011
   1.5431463218015013E-010
  -1.3664171203024652E-010
  -1.3663993632407488E-010
   6.2565821616085359E-010
  -3.0630487703426354E-010
  -3.0630265880414222E-010
  -2.8307685475123688E-010
  -1.2242615771305110E-010
  -1.2242576950990491E-010
  -3.8407299737137684E-012
   1.1226429315687642E-010
   1.1226415436268720E-010
  -3.1579134861956042E-011
   1.8817870623844594E-011
   1.8817785580854495E-011
  -2.7836234241883171E-012
   1.9610318933975349E-012
   1.9608143416266794E-012
   3.3480022448749491E-010
  -7.6129753022087719E-011
  -3.8512066999719787E-010
   1.3221606999621725E-010
  -6.6792789668494048E-011
  -1.8367734407785333E-010
  -1.9736350268200984E-010
  -1.7221317383538762E-010
  -1.8315732002341533E-010
   5.5593866977598557E-013
   1.4494548570842211E-010
   1.1879296264766745E-010
  -9.8047031572274246E-012
   4.1962505737034230E-012
   3.1719321767271246E-011
  -1.1533005672489439E-011
  -1.5191812106105085E-011
   2.8230457077503102E-011
   2.7402276201947808E-023
  -3.6119016746838505E-010
   4.6700845149431768E-011
  -2.2658667609894716E-022
  -3.2300330865331257E-010
  -1.4267019753649615E-010
  -4.7274710620203424E-023
   1.2107186938835146E-010
  -3.3838753135279549E-010
  -2.4140671000821167E-023
   1.5768407432147558E-010
   1.1853932565238414E-010
  -1.9094001089056710E-023
  -3.0561083067346364E-011
   2.1804628640913343E-011
   0.0000000000000000     
  -2.8201659628881890E-012
   2.8765576529078966E-011
   3.5191436802484118E-010
   8.8598338048562699E-015
   3.9399040865628289E-015
   3.5191480364083842E-010
   8.8525401712668397E-015
   3.9875292986779950E-015
  -1.7189528351580521E-010
  -1.2090196053467658E-016
   4.0700386882370431E-017
  -1.7189522211673616E-010
  -1.2264807582736820E-016
   3.8268940293367704E-017
   1.0159494457751993E-011
  -7.5267924870453476E-016
  -3.9323280538386822E-016
   1.0159634315654961E-011
  -7.5182839792328602E-016
  -3.9670351749457365E-016
   3.4594607490904924E-010
  -3.2451385260619468E-010
   8.5574850143986596E-011
   6.1911959965188081E-011
   1.4064950950206081E-010
   1.2147300029818459E-011
  -6.6767766599895170E-011
  -8.0491315235123828E-012
   2.0378089779335124E-010
  -1.3879914302845083E-010
  -6.8301689266204401E-013
  -1.6415615824108897E-010
   1.1269696881657593E-011
  -7.0551183073117965E-012
  -1.6637997413688897E-011
   9.4093149139402297E-013
   3.0439955520430673E-011
  -1.2816367635944218E-011
  -1.5181890494562791E-015
  -3.3742418885771410E-010
   3.3742664356557704E-010
  -2.8971044158001271E-015
  -2.2143791784006278E-010
   2.2144084539220216E-010
   4.2500256404963026E-016
   6.5075401777171054E-011
  -6.5075874904306370E-011
  -2.1177914602620067E-016
   7.2471240282781155E-011
  -7.2470951465017478E-011
   1.3788255618005941E-016
   2.6629080924833347E-011
  -2.6629202369452059E-011
   2.3751499070963760E-016
   2.1304657094657593E-011
  -2.1305007431834413E-011
   2.0564191848706403E-022
  -1.9664991694441901E-010
  -1.9664977877680146E-010
  -3.5214907605272179E-023
  -1.1582233576211813E-010
  -1.1582278584857102E-010
   0.0000000000000000     
  -2.5556761443123015E-010
  -2.5556772321208305E-010
   3.8218320436370031E-023
   1.3845345564716285E-010
   1.3845352568359822E-010
  -1.8678974112684923E-023
   2.9066806037392952E-011
   2.9066797339696765E-011
   3.5152242547923338E-023
   6.0193810721768523E-012
   6.0194210371656555E-012
   3.4594607490894625E-010
   3.2450931705778171E-010
  -8.5588163901070541E-011
   6.1911959965187991E-011
  -1.4065663426599819E-010
  -1.2146618579901940E-011
  -6.6767766599832511E-011
   8.0478108684357898E-012
  -2.0378071375938906E-010
  -1.3879914302846621E-010
   6.8413496058000674E-013
   1.6415655657269052E-010
   1.1269696881657593E-011
   7.0555564520397182E-012
   1.6639072273876519E-011
   9.4093149139402297E-013
  -3.0439151004752076E-011
   1.2816131747298897E-011
  -3.6753800653598507E-016
  -5.7064523526238175E-023
  -3.4238714115742891E-022
  -3.0434412039476002E-022
   0.0000000000000000     
   9.5107537623362471E-023
  -2.0738323322076284E-022
  -1.8853021201887531E-023
  -7.5412084807550123E-023
   1.0188172642258823E-019
   3.7706042347367972E-023
  -3.7706042347367972E-023
   4.6519480528404275E-017
   5.7846308312831520E-023
  -1.9282102770943840E-023
  -5.7846308109110038E-023
   7.7128410812146745E-023
   0.0000000000000000     
  -3.4595404766033083E-010
  -8.5583630260640713E-011
   3.2450583490421637E-010
  -6.1911045934268214E-011
  -1.2152909765748526E-011
  -1.4065284445411284E-010
   6.6767500176405142E-011
  -2.0378082696028601E-010
   8.0492729201788297E-012
   1.3879969978328983E-010
   1.6415607685123318E-010
   6.8325481642904166E-013
  -1.1269087873037919E-011
   1.6638840005004287E-011
   7.0557849920053778E-012
  -9.4112601958473790E-013
   1.2817080374100360E-011
  -3.0439656187748915E-011
  -1.5181892741794340E-015
   3.3743844631811921E-010
  -3.3743518914935403E-010
  -2.8971044580397040E-015
   2.2143938415252401E-010
  -2.2143643332709561E-010
   4.2500245660731983E-016
  -6.5076555126151433E-011
   6.5076541870800195E-011
  -2.1177914602620045E-016
  -7.2470632491411548E-011
   7.2470724781984873E-011
   1.3788266887029919E-016
  -2.6630027618522182E-011
   2.6629705784325051E-011
   2.3751500877988794E-016
  -2.1304800715001327E-011
   2.1304513551040141E-011
  -3.4595404766030473E-010
   8.5588298441190155E-011
  -3.2450188147982443E-010
  -6.1911045934193936E-011
   1.2147166293258596E-011
   1.4065980248310159E-010
   6.6767500176425951E-011
   2.0378067204354606E-010
  -8.0470181722934302E-012
   1.3879969978332067E-010
  -1.6415666902403558E-010
  -6.8459270320637628E-013
  -1.1269087872999013E-011
  -1.6639067442763921E-011
  -7.0562612286804201E-012
  -9.4112601956598235E-013
  -1.2816130763660666E-011
   3.0438676362431918E-011
  -3.5192243617297241E-010
  -2.7958946560985528E-015
  -4.7935856648638937E-015
  -3.5191398036054929E-010
  -2.8246468116024728E-015
  -4.7975318354434449E-015
   1.7189528320599831E-010
  -1.8173665163613739E-016
  -1.1164340910432283E-017
   1.7189556532712929E-010
  -1.7705134113577293E-016
  -8.6962319386255844E-018
  -1.0159639840031465E-011
   3.7264359814891005E-016
   4.5388497603228029E-016
  -1.0159026798907326E-011
   3.7520045380567601E-016
   4.5489656732907818E-016
   5.2731615929796720E-011
   2.1332474628213110E-010
  -5.2750451053364214E-011
   3.2744600980849306E-010
   5.8704821991475406E-010
  -3.2746713253950020E-010
  -1.7182772947994135E-010
  -2.3197300072674047E-011
   1.7182610262160413E-010
   4.2282575389983995E-011
  -1.0586338486444525E-010
  -4.2281828449305022E-011
  -2.0231656303776145E-011
  -3.4465826546298943E-011
   2.0232557415930756E-011
  -7.0401250992909602E-012
  -1.0257159975097068E-011
   7.0418824977655599E-012
   3.9243629954973735E-011
   1.9243639174991522E-010
  -3.9256339036161811E-011
  -4.6909963315963814E-011
   1.0424131434381439E-010
   4.6909871787052756E-011
  -4.3674313981839888E-011
   2.0132200788705028E-010
   4.3675564020851992E-011
   8.5729909593136841E-011
  -1.3713577462517469E-010
  -8.5730409100746289E-011
  -1.6268342768703107E-011
  -3.0104944243933167E-011
   1.6269146029697988E-011
  -1.6354941322940342E-011
  -1.9569590811844661E-011
   1.6354824987681772E-011
  -5.9943620975998114E-012
   6.0963844056225623E-011
   5.9850021328710101E-012
  -3.4841702348935309E-010
  -4.1760186436657269E-011
   3.4841208872695218E-010
   9.7988280658098683E-011
   2.8910320984940716E-010
  -9.7989259101761266E-011
   9.1457592168614958E-011
  -1.6662665644209982E-010
  -9.1456792459056608E-011
  -2.1007535504592749E-013
  -3.8795294733166013E-012
   2.1074408078456482E-013
  -2.6087473913652544E-011
  -1.0414978373076435E-011
   2.6087845538091216E-011
   1.5431463218085042E-010
   1.3663829397591536E-010
   1.3663586397545401E-010
   6.2565821616154656E-010
   3.0630519105360251E-010
   3.0630290937506231E-010
  -2.8307685475106244E-010
   1.2242541236821392E-010
   1.2242498341180971E-010
  -3.8407299736010053E-012
  -1.1226405010245175E-010
  -1.1226388053757846E-010
  -3.1579134861919962E-011
  -1.8817706007326652E-011
  -1.8817588870348435E-011
  -2.7836234240652732E-012
  -1.9609238177508354E-012
  -1.9607074165184488E-012
   3.3479823499770454E-010
   3.8513182172365930E-010
   7.6135957083248808E-011
   1.3221976200348017E-010
   1.8367939653306157E-010
   6.6802507456526820E-011
  -1.9736197972744015E-010
   1.8315939425110144E-010
   1.7221456627176154E-010
   5.5535455899218568E-013
  -1.1879354279320174E-010
  -1.4494614485369302E-010
  -9.8046406071477626E-012
  -3.1720428497785941E-011
  -4.1964959564927198E-012
  -1.1533402272291996E-011
  -2.8230620591183733E-011
   1.5190613972365783E-011
  -8.2206830077361294E-023
  -4.6707988574963028E-011
   3.6118097785724364E-010
  -5.0352593104458379E-023
   1.4266294242349686E-010
   3.2299860333994080E-010
  -1.1818677553837795E-023
   3.3838558401421033E-010
  -1.2107221727078529E-010
  -2.4140671097437578E-023
  -1.1853834770077071E-010
  -1.5768369766873267E-010
   1.9094001054174811E-023
  -2.1804146925383625E-011
   3.0561810410870866E-011
   1.9000390009088593E-023
  -2.8764741485577104E-011
   2.8205254090880271E-012
   1.6451353478965120E-022
   1.9664991694417222E-010
   1.9664977877782967E-010
   0.0000000000000000     
   1.1582233576181891E-010
   1.1582278584862398E-010
  -3.0528544897485375E-023
   2.5556761443130651E-010
   2.5556772321218991E-010
  -1.2739440145456671E-023
  -1.3845345564712465E-010
  -1.3845352568361097E-010
   3.7357948225369846E-023
  -2.9066806037411625E-011
  -2.9066797339678079E-011
   3.5152242547923338E-023
  -6.0193810722471586E-012
  -6.0194210371656555E-012
  -3.3479823499737113E-010
   3.8511705753141124E-010
   7.6131135039433201E-011
  -1.3221976200348030E-010
   1.8367500171683860E-010
   6.6794694169167087E-011
   1.9736197972735782E-010
   1.8315584963602465E-010
   1.7221339882854427E-010
  -5.5535455901719234E-013
  -1.1879229487666641E-010
  -1.4494558665745147E-010
   9.8046406070918827E-012
  -3.1718861937654192E-011
  -4.1962555680322821E-012
   1.1533402272273968E-011
  -2.8230403128928292E-011
   1.5191520371640349E-011
  -1.5431463218113104E-010
   1.3664171202912421E-010
   1.3663993632267209E-010
  -6.2565821616131567E-010
   3.0630487703415455E-010
   3.0630265880387866E-010
   2.8307685475099715E-010
   1.2242615771309468E-010
   1.2242576950990491E-010
   3.8407299735383609E-012
  -1.1226429315682630E-010
  -1.1226415436267467E-010
   3.1579134861956029E-011
  -1.8817870623826548E-011
  -1.8817785580836449E-011
   2.7836234242234735E-012
  -1.9610318933272237E-012
  -1.9608143415739462E-012
  -9.7143351509359742E-011
  -9.7143351508800994E-011
  -9.7137164568820110E-011
  -9.9486477722385772E-011
  -9.9486477722486068E-011
  -9.9476718277472600E-011
  -2.4077285433673183E-010
  -2.4077285433672025E-010
  -2.4077260547539208E-010
   7.6876722460593790E-011
   7.6876722460560573E-011
   7.6876592427276172E-011
  -1.7881045462134093E-013
  -1.7881045458630586E-013
  -1.7900791629802469E-013
  -2.1574206036374008E-013
  -2.1574206034622250E-013
  -2.1614514205782340E-013
   7.8736163645253316E-012
   7.8736163642323594E-012
  -3.1956192253130539E-010
   2.1023181498965133E-010
   2.1023181498852980E-010
  -7.4606693296706446E-010
  -3.1370360084359867E-010
  -3.1370360084368945E-010
  -2.0275662914723850E-010
   6.6083435714387704E-011
   6.6083435714344807E-011
   1.0361068315054154E-010
  -1.8012458322628868E-011
  -1.8012458322537943E-011
   3.6904949810161543E-011
  -4.1179032768332907E-013
  -4.1179032770089514E-013
   1.8787463665136602E-011
   3.4939239041178451E-011
   3.4939239041972215E-011
  -2.5965524853175400E-010
  -4.1910580943070629E-010
  -4.1910580943108364E-010
  -1.8399929150368185E-010
   4.1211771615295998E-011
   4.1211771615236713E-011
  -4.4070094949282205E-010
   6.4987998035556470E-011
   6.4987998035494185E-011
   8.0421463516266946E-011
  -1.2566956966570144E-011
  -1.2566956966628068E-011
   3.1274869030030416E-011
  -1.3032599230886139E-011
  -1.3032599230886139E-011
   4.7357767881177866E-011
   1.2587357153523408E-017
   1.2587138154094886E-017
  -1.1062256756850471E-010
   2.1923751406019964E-014
   2.1923751333020165E-014
  -1.1062302987352890E-010
  -3.8053674356417754E-021
  -3.7226420566060837E-021
  -3.7433900533625542E-010
  -2.5511983387515126E-019
  -2.5520119883572373E-019
   1.3026343281773394E-010
  -3.5384509632755498E-018
  -3.5384905023538339E-018
   5.8854519195543461E-012
  -1.4813915254296737E-015
  -1.4813915451992129E-015
   5.8854191662691382E-012
  -1.2015369016383309E-012
  -1.2015369008843104E-012
  -6.7024022714509513E-023
   1.8516567338391644E-010
   1.8516567338351078E-010
  -2.5812801591644059E-022
  -1.4386119609904506E-010
  -1.4386119609897467E-010
  -3.5204160011083863E-023
  -3.9601888341710361E-011
  -3.9601888341693979E-011
   1.6388064859994061E-023
   4.5407765257921793E-012
   4.5407765258120017E-012
  -1.9822005499187162E-023
   2.0109377181342203E-011
   2.0109377181453397E-011
  -3.7064849237238966E-023
  -7.2821377206435769E-011
  -7.2821377206253337E-011
   1.3541905247467907E-010
  -8.3117009855174413E-011
  -8.3117009855615688E-011
   1.9952265804742273E-010
  -9.0396657919411556E-011
  -9.0396657919477511E-011
  -5.2338955688125620E-011
   6.4320167623385233E-011
   6.4320167623400278E-011
  -7.6389463637391479E-011
   1.9770511093693870E-011
   1.9770511093655429E-011
  -2.7189457747044155E-011
   1.5722898793743398E-011
   1.5722898793707590E-011
  -5.5282795343734448E-012
  -1.5993294090491013E-013
  -3.4649199734518639E-010
  -3.4646402722370649E-010
   6.7641920108941194E-010
  -4.6137589215857414E-010
  -4.6137360763039853E-010
  -4.2585774370178485E-010
  -3.2057365844422048E-010
  -3.2057037664553777E-010
   8.6419154783567185E-012
   1.0895983737563288E-010
   1.0895875920635845E-010
  -7.0338064025130521E-012
   2.6594901962715204E-011
   2.6593861566051233E-011
   3.0942299189245315E-012
   2.1632179959330403E-012
   2.1632177290901949E-012
   1.1311262380068555E-014
  -7.3773160160503007E-011
  -6.7424538223593601E-010
  -1.2856259284070083E-014
  -5.8338366529919567E-010
  -1.9601528730302659E-010
   1.3588153324229333E-015
  -1.0744586345207460E-010
  -4.7350887628860223E-010
  -6.8954867602053878E-016
   1.0717889753712489E-010
   9.4984921550276172E-011
   1.0155538430963824E-015
  -3.4518903659799072E-011
   3.6436865984201644E-011
  -2.6998849838116000E-016
   2.5072533168143681E-011
   4.0320775154717288E-011
   2.9136203583562332E-010
  -3.9121634381622004E-010
   3.8498234165851782E-015
  -1.8868908102975260E-010
   7.2045799396496255E-011
  -2.1572095846708800E-015
  -1.6999368923358818E-010
  -1.5245737683351192E-010
   5.7970617370717225E-016
   1.2888624144645799E-010
   1.2553990161463374E-010
  -3.4245006645888826E-016
   1.8788139418840770E-011
   1.0477427420432930E-011
  -4.0366224186649241E-016
  -1.0790868686044603E-011
   3.7818584467457628E-011
   2.7454940730892985E-016
  -2.9135741247883319E-010
   4.6273880201834236E-015
  -3.9121360091693772E-010
   1.8868403544498033E-010
  -8.3805474725322283E-015
   7.2046100693612809E-011
   1.6999077785731816E-010
  -9.3651994468208106E-016
  -1.5245913510100401E-010
  -1.2888422285409543E-010
   6.5768276021556449E-016
   1.2554096656421779E-010
  -1.8788574954183088E-011
  -3.2529037277298062E-016
   1.0477222138313545E-011
   1.0791476728574050E-011
   9.3338653444751555E-016
   3.7818569155971328E-011
   7.2802008840946480E-011
   1.3541958573189434E-010
  -7.2815715668597218E-011
   8.3115047239471576E-011
   1.9951851587997032E-010
  -8.3111815956942418E-011
   9.0398007828601941E-011
  -5.2340260080781061E-011
  -9.0396653748837309E-011
  -6.4321214375423127E-011
  -7.6388685211321826E-011
   6.4320201919300832E-011
  -1.9769255542367939E-011
  -2.7189514087518025E-011
   1.9770158725681859E-011
  -1.5722556718056908E-011
  -5.5276671055049402E-012
   1.5722198539565636E-011
   1.2050034295911868E-012
   1.1729207201187831E-022
  -1.2027681651513032E-012
  -1.8516139586369151E-010
  -5.5313151823569238E-023
   1.8516059958964420E-010
   1.4385984732203196E-010
  -3.5204158871050039E-023
  -1.4385971533407145E-010
   3.9602834013996689E-011
   1.6388065071376380E-023
  -3.9602925632048046E-011
  -4.5410323578082241E-012
  -3.9644009968865981E-023
   4.5408659345735496E-012
  -2.0109744000640108E-011
   1.8532424529137665E-023
   2.0109827448311554E-011
   1.3542199944530243E-010
   7.2804779502492469E-011
   7.2815715669126510E-011
   1.9952094960426908E-010
   8.3114452225360507E-011
   8.3111815957224965E-011
  -5.2338946631469566E-011
   9.0396774044825465E-011
   9.0396653748837335E-011
  -7.6389650959538156E-011
  -6.4320259719782149E-011
  -6.4320201919225779E-011
  -2.7189673040930377E-011
  -1.9769438469522478E-011
  -1.9770158725720300E-011
  -5.5279349491304646E-012
  -1.5722547430196689E-011
  -1.5722198539547732E-011
  -3.5651794749517897E-010
  -3.5651794749686543E-010
  -3.5653125268769794E-010
  -3.5268251526799199E-010
  -3.5268251526797069E-010
  -3.5264507978356082E-010
  -4.7663041746381435E-010
  -4.7663041746369524E-010
  -4.7662847481936306E-010
   5.9532216580459868E-011
   5.9532216580385125E-011
   5.9531806896344915E-011
   1.4931654301488145E-011
   1.4931654301402041E-011
   1.4930711554335463E-011
   1.4920697452230378E-011
   1.4920697452144274E-011
   1.4921058166796420E-011
  -7.5467300591139407E-011
  -7.5467300591801901E-011
  -7.1949123262415477E-010
  -2.2932306193964568E-010
  -2.2932306193945864E-010
  -9.6108800494357960E-010
  -2.9549257635485673E-010
  -2.9549257635493366E-010
  -6.6442569156215032E-010
   3.2414818508619100E-011
   3.2414818508564183E-011
   7.4584835647430022E-011
  -3.9461652336588099E-012
  -3.9461652336231862E-012
   5.8859953063630167E-011
   1.6582504300437023E-011
   1.6582504300437023E-011
   3.1841403381450894E-011
   4.1268087374014699E-022
  -2.1923671417445310E-022
  -5.0045852799912394E-010
  -3.0951065530510892E-022
   1.6765160495693404E-022
  -5.0046948776829249E-010
  -6.2868405157953273E-023
  -4.1912270105302161E-023
  -6.7632253979927764E-010
   5.6549376421021488E-023
  -1.8849792140340494E-023
   5.4945653413298847E-011
   1.8849792140340494E-023
   5.6549376421021488E-023
   5.4945152810113745E-011
   0.0000000000000000     
   0.0000000000000000     
   6.4152500920269142E-011
  -1.8541453150714076E-021
  -7.1547911335988622E-010
  -7.1546096886244231E-010
   8.4060597421455209E-022
  -8.8905030094195300E-010
  -8.8904928657411102E-010
  -1.5275143603899387E-022
  -6.3887108591163830E-010
  -6.3886735727675445E-010
  -1.7747250168472206E-023
   7.0673825294023253E-011
   7.0673442427182457E-011
  -1.7200488718294363E-023
   2.1888497324564825E-011
   2.1888461221014212E-011
  -3.3675177448017873E-023
   2.7998067432075330E-011
   2.7997743264748338E-011
  -9.9335827156691491E-010
  -9.9335827157028257E-010
  -9.9343909248948558E-010
  -9.8800055061348540E-010
  -9.8800055061616567E-010
  -9.8815742642331772E-010
  -1.0457378166983716E-009
  -1.0457378166981119E-009
  -1.0457633386477356E-009
   3.1889253815827165E-011
   3.1889253815744079E-011
   3.1890361487870292E-011
   1.9177112114603824E-011
   1.9177112114505457E-011
   1.9178283453661277E-011
   1.9114661770508570E-011
   1.9114661770541360E-011
   1.9115276458175914E-011
  -4.6895008061578997E-014
  -4.6895008061578997E-014
  -1.5118475861124190E-009
  -4.6675321245522083E-014
  -4.6675313241275084E-014
  -1.5118503213407980E-009
  -2.0138714382290098E-019
  -2.0122948679671606E-019
  -1.5233568849371083E-009
   5.8447568044047545E-016
   5.8447573110227974E-016
   6.1160534479260715E-011
   6.0001520549359334E-016
   6.0001508728271678E-016
   6.1160491915818448E-011
   1.2634495680769285E-021
   1.2634495680769285E-021
   2.0968396913348089E-011
   0.0000000000000000     
   0.0000000000000000     
   0.0000000000000000     
   0.0000000000000000     
   0.0000000000000000     
   0.0000000000000000     
   0.0000000000000000     
   0.0000000000000000     
   0.0000000000000000     
   0.0000000000000000     
   0.0000000000000000     
   0.0000000000000000     
   0.0000000000000000     
   0.0000000000000000     
   0.0000000000000000     
   0.0000000000000000     
   0.0000000000000000     
   0.0000000000000000     
