           1           1           1           1           1   5.2896868539016351E-022
           2           1           1           1           2  -5.2896868539016374E-023
           3           1           1           1           3  -2.1158747415606550E-022
           4           1           1           2           1   2.5126008773342673E-022
           5           1           1           2           2  -5.4219282089844715E-022
           6           1           1           2           3  -3.3060537859661420E-022
           7           1           1           3           1  -1.7108424802703804E-023
           8           1           1           3           2   3.4216849605407608E-023
           9           1           1           3           3  -1.7108424802703804E-023
          10           1           1           4           1   0.0000000000000000     
          11           1           1           4           2   0.0000000000000000     
          12           1           1           4           3  -2.5551795338395845E-023
          13           1           1           5           1  -1.7458739646075472E-023
          14           1           1           5           2  -5.2376218938226418E-023
          15           1           1           5           3   1.7458739646075472E-023
          16           1           1           6           1   1.7458739534853499E-023
          17           1           1           6           2  -1.5712865581368142E-022
          18           1           1           6           3   3.4917479069706999E-023
          19           2           2           1           1   5.2697577605507072E-011
          20           2           2           1           2   5.2697577605483458E-011
          21           2           2           1           3  -2.1335182722861643E-010
          22           2           2           2           1   3.2745419109652509E-010
          23           2           2           2           2   3.2745419109705267E-010
          24           2           2           2           3  -5.8703814643086062E-010
          25           2           2           3           1  -1.7182854527543529E-010
          26           2           2           3           2  -1.7182854527551486E-010
          27           2           2           3           3   2.3192187739693321E-011
          28           2           2           4           1   4.2283128850680068E-011
          29           2           2           4           2   4.2283128850667111E-011
          30           2           2           4           3   1.0586646318283404E-010
          31           2           2           5           1  -2.0230064253345817E-011
          32           2           2           5           2  -2.0230064253400075E-011
          33           2           2           5           3   3.4467055019759281E-011
          34           2           2           6           1  -7.0407023273219628E-012
          35           2           2           6           2  -7.0407023273043360E-012
          36           2           2           6           3   1.0256662167351387E-011
          37           3           3           1           1   3.9240372542885460E-011
          38           3           3           1           2   3.9240372542522496E-011
          39           3           3           1           3  -1.9243138742073749E-010
          40           3           3           2           1  -4.6911151367394532E-011
          41           3           3           2           2  -4.6911151367012304E-011
          42           3           3           2           3  -1.0424358659588629E-010
          43           3           3           3           1  -4.3675320781283906E-011
          44           3           3           3           2  -4.3675320781272009E-011
          45           3           3           3           3  -2.0132279400752350E-010
          46           3           3           4           1   8.5730478050104917E-011
          47           3           3           4           2   8.5730478050079119E-011
          48           3           3           4           3   1.3713615359209705E-010
          49           3           3           5           1  -1.6268135639107392E-011
          50           3           3           5           2  -1.6268135639030245E-011
          51           3           3           5           3   3.0104637306335256E-011
          52           3           3           6           1  -1.6354809137833976E-011
          53           3           3           6           2  -1.6354809137833976E-011
          54           3           3           6           3   1.9569903486027894E-011
          55           4           4           1           1  -5.9896771648887885E-012
          56           4           4           1           2  -5.9896771649754026E-012
          57           4           4           1           3  -6.0969334679638385E-011
          58           4           4           2           1  -3.4841023474244817E-010
          59           4           4           2           2  -3.4841023474218730E-010
          60           4           4           2           3   4.1756870039879885E-011
          61           4           4           3           1   9.7988519090017666E-011
          62           4           4           3           2   9.7988519089982381E-011
          63           4           4           3           3  -2.8910237536444745E-010
          64           4           4           4           1   9.1457238821969861E-011
          65           4           4           4           2   9.1457238821982398E-011
          66           4           4           4           3   1.6662645969849894E-010
          67           4           4           5           1  -2.1041613935968962E-013
          68           4           4           5           2  -2.1041613941907022E-013
          69           4           4           5           3   3.8799235415171706E-012
          70           4           4           6           1  -2.6087948847367321E-011
          71           4           4           6           2  -2.6087948847424784E-011
          72           4           4           6           3   1.0414978667894692E-011
          73           5           5           1           1   2.4066027874720459E-022
          74           5           5           1           2   6.7041077651007000E-022
          75           5           5           1           3   1.3752015928411690E-022
          76           5           5           2           1  -9.2826107516778670E-022
          77           5           5           2           2   4.1256047785234963E-022
          78           5           5           2           3   1.0314011946308741E-022
          79           5           5           3           1  -2.6784904548359809E-023
          80           5           5           3           2  -5.3569809096719618E-023
          81           5           5           3           3  -2.6784904548359809E-023
          82           5           5           4           1   0.0000000000000000     
          83           5           5           4           2  -4.0177356822539710E-023
          84           5           5           4           3   2.6784904548359809E-023
          85           5           5           5           1  -1.9757099982398364E-023
          86           5           5           5           2   1.9757099982398364E-023
          87           5           5           5           3  -5.9271299947195101E-023
          88           5           5           6           1  -1.9757099982398355E-023
          89           5           5           6           2  -5.9271299947195066E-023
          90           5           5           6           3  -5.9271299947195066E-023
          91           6           6           1           1   5.9896771652006114E-012
          92           6           6           1           2   5.9896771650447056E-012
          93           6           6           1           3   6.0969334679742454E-011
          94           6           6           2           1   3.4841023474239693E-010
          95           6           6           2           2   3.4841023474192730E-010
          96           6           6           2           3  -4.1756870039801775E-011
          97           6           6           3           1  -9.7988519090035282E-011
          98           6           6           3           2  -9.7988519090000023E-011
          99           6           6           3           3   2.8910237536442987E-010
         100           6           6           4           1  -9.1457238821919881E-011
         101           6           6           4           2  -9.1457238821882374E-011
         102           6           6           4           3  -1.6662645969843649E-010
         103           6           6           5           1   2.1041613935968962E-013
         104           6           6           5           2   2.1041613943886374E-013
         105           6           6           5           3  -3.8799235415171706E-012
         106           6           6           6           1   2.6087948847424784E-011
         107           6           6           6           2   2.6087948847405633E-011
         108           6           6           6           3  -1.0414978667875540E-011
         109           7           7           1           1  -3.9240372542809204E-011
         110           7           7           1           2  -3.9240372543057552E-011
         111           7           7           1           3   1.9243138742104383E-010
         112           7           7           2           1   4.6911151367230789E-011
         113           7           7           2           2   4.6911151366975973E-011
         114           7           7           2           3   1.0424358659570440E-010
         115           7           7           3           1   4.3675320781343340E-011
         116           7           7           3           2   4.3675320781212600E-011
         117           7           7           3           3   2.0132279400742835E-010
         118           7           7           4           1  -8.5730478050104943E-011
         119           7           7           4           2  -8.5730478050092031E-011
         120           7           7           4           3  -1.3713615359213577E-010
         121           7           7           5           1   1.6268135639068815E-011
         122           7           7           5           2   1.6268135639030232E-011
         123           7           7           5           3  -3.0104637306373811E-011
         124           7           7           6           1   1.6354809137852190E-011
         125           7           7           6           2   1.6354809137833982E-011
         126           7           7           6           3  -1.9569903486027901E-011
         127           8           8           1           1  -5.2697577605931609E-011
         128           8           8           1           2  -5.2697577605600989E-011
         129           8           8           1           3   2.1335182722899212E-010
         130           8           8           2           1  -3.2745419109761030E-010
         131           8           8           2           2  -3.2745419109684169E-010
         132           8           8           2           3   5.8703814642994142E-010
         133           8           8           3           1   1.7182854527555467E-010
         134           8           8           3           2   1.7182854527545530E-010
         135           8           8           3           3  -2.3192187739713215E-011
         136           8           8           4           1  -4.2283128850667111E-011
         137           8           8           4           2  -4.2283128850705963E-011
         138           8           8           4           3  -1.0586646318280817E-010
         139           8           8           5           1   2.0230064253418157E-011
         140           8           8           5           2   2.0230064253472411E-011
         141           8           8           5           3  -3.4467055019668834E-011
         142           8           8           6           1   7.0407023273572166E-012
         143           8           8           6           2   7.0407023273043360E-012
         144           8           8           6           3  -1.0256662167351387E-011
         145           9          10           1           1   1.5431463218015013E-010
         146           9          10           1           2  -1.3664171203024652E-010
         147           9          10           1           3  -1.3663993632407488E-010
         148           9          10           2           1   6.2565821616085359E-010
         149           9          10           2           2  -3.0630487703426354E-010
         150           9          10           2           3  -3.0630265880414222E-010
         151           9          10           3           1  -2.8307685475123688E-010
         152           9          10           3           2  -1.2242615771305110E-010
         153           9          10           3           3  -1.2242576950990491E-010
         154           9          10           4           1  -3.8407299737137684E-012
         155           9          10           4           2   1.1226429315687642E-010
         156           9          10           4           3   1.1226415436268720E-010
         157           9          10           5           1  -3.1579134861956042E-011
         158           9          10           5           2   1.8817870623844594E-011
         159           9          10           5           3   1.8817785580854495E-011
         160           9          10           6           1  -2.7836234241883171E-012
         161           9          10           6           2   1.9610318933975349E-012
         162           9          10           6           3   1.9608143416266794E-012
         163          10          11           1           1   3.3480022448749491E-010
         164          10          11           1           2  -7.6129753022087719E-011
         165          10          11           1           3  -3.8512066999719787E-010
         166          10          11           2           1   1.3221606999621725E-010
         167          10          11           2           2  -6.6792789668494048E-011
         168          10          11           2           3  -1.8367734407785333E-010
         169          10          11           3           1  -1.9736350268200984E-010
         170          10          11           3           2  -1.7221317383538762E-010
         171          10          11           3           3  -1.8315732002341533E-010
         172          10          11           4           1   5.5593866977598557E-013
         173          10          11           4           2   1.4494548570842211E-010
         174          10          11           4           3   1.1879296264766745E-010
         175          10          11           5           1  -9.8047031572274246E-012
         176          10          11           5           2   4.1962505737034230E-012
         177          10          11           5           3   3.1719321767271246E-011
         178          10          11           6           1  -1.1533005672489439E-011
         179          10          11           6           2  -1.5191812106105085E-011
         180          10          11           6           3   2.8230457077503102E-011
         181          11          12           1           1   2.7402276201947808E-023
         182          11          12           1           2  -3.6119016746838505E-010
         183          11          12           1           3   4.6700845149431768E-011
         184          11          12           2           1  -2.2658667609894716E-022
         185          11          12           2           2  -3.2300330865331257E-010
         186          11          12           2           3  -1.4267019753649615E-010
         187          11          12           3           1  -4.7274710620203424E-023
         188          11          12           3           2   1.2107186938835146E-010
         189          11          12           3           3  -3.3838753135279549E-010
         190          11          12           4           1  -2.4140671000821167E-023
         191          11          12           4           2   1.5768407432147558E-010
         192          11          12           4           3   1.1853932565238414E-010
         193          11          12           5           1  -1.9094001089056710E-023
         194          11          12           5           2  -3.0561083067346364E-011
         195          11          12           5           3   2.1804628640913343E-011
         196          11          12           6           1   0.0000000000000000     
         197          11          12           6           2  -2.8201659628881890E-012
         198          11          12           6           3   2.8765576529078966E-011
         199          12          14           1           1   3.5191436802484118E-010
         200          12          14           1           2   8.8598338048562699E-015
         201          12          14           1           3   3.9399040865628289E-015
         202          12          14           2           1   3.5191480364083842E-010
         203          12          14           2           2   8.8525401712668397E-015
         204          12          14           2           3   3.9875292986779950E-015
         205          12          14           3           1  -1.7189528351580521E-010
         206          12          14           3           2  -1.2090196053467658E-016
         207          12          14           3           3   4.0700386882370431E-017
         208          12          14           4           1  -1.7189522211673616E-010
         209          12          14           4           2  -1.2264807582736820E-016
         210          12          14           4           3   3.8268940293367704E-017
         211          12          14           5           1   1.0159494457751993E-011
         212          12          14           5           2  -7.5267924870453476E-016
         213          12          14           5           3  -3.9323280538386822E-016
         214          12          14           6           1   1.0159634315654961E-011
         215          12          14           6           2  -7.5182839792328602E-016
         216          12          14           6           3  -3.9670351749457365E-016
         217          13          15           1           1   3.4594607490904924E-010
         218          13          15           1           2  -3.2451385260619468E-010
         219          13          15           1           3   8.5574850143986596E-011
         220          13          15           2           1   6.1911959965188081E-011
         221          13          15           2           2   1.4064950950206081E-010
         222          13          15           2           3   1.2147300029818459E-011
         223          13          15           3           1  -6.6767766599895170E-011
         224          13          15           3           2  -8.0491315235123828E-012
         225          13          15           3           3   2.0378089779335124E-010
         226          13          15           4           1  -1.3879914302845083E-010
         227          13          15           4           2  -6.8301689266204401E-013
         228          13          15           4           3  -1.6415615824108897E-010
         229          13          15           5           1   1.1269696881657593E-011
         230          13          15           5           2  -7.0551183073117965E-012
         231          13          15           5           3  -1.6637997413688897E-011
         232          13          15           6           1   9.4093149139402297E-013
         233          13          15           6           2   3.0439955520430673E-011
         234          13          15           6           3  -1.2816367635944218E-011
         235          14          16           1           1  -1.5181890494562791E-015
         236          14          16           1           2  -3.3742418885771410E-010
         237          14          16           1           3   3.3742664356557704E-010
         238          14          16           2           1  -2.8971044158001271E-015
         239          14          16           2           2  -2.2143791784006278E-010
         240          14          16           2           3   2.2144084539220216E-010
         241          14          16           3           1   4.2500256404963026E-016
         242          14          16           3           2   6.5075401777171054E-011
         243          14          16           3           3  -6.5075874904306370E-011
         244          14          16           4           1  -2.1177914602620067E-016
         245          14          16           4           2   7.2471240282781155E-011
         246          14          16           4           3  -7.2470951465017478E-011
         247          14          16           5           1   1.3788255618005941E-016
         248          14          16           5           2   2.6629080924833347E-011
         249          14          16           5           3  -2.6629202369452059E-011
         250          14          16           6           1   2.3751499070963760E-016
         251          14          16           6           2   2.1304657094657593E-011
         252          14          16           6           3  -2.1305007431834413E-011
         253          15          19           1           1   2.0564191848706403E-022
         254          15          19           1           2  -1.9664991694441901E-010
         255          15          19           1           3  -1.9664977877680146E-010
         256          15          19           2           1  -3.5214907605272179E-023
         257          15          19           2           2  -1.1582233576211813E-010
         258          15          19           2           3  -1.1582278584857102E-010
         259          15          19           3           1   0.0000000000000000     
         260          15          19           3           2  -2.5556761443123015E-010
         261          15          19           3           3  -2.5556772321208305E-010
         262          15          19           4           1   3.8218320436370031E-023
         263          15          19           4           2   1.3845345564716285E-010
         264          15          19           4           3   1.3845352568359822E-010
         265          15          19           5           1  -1.8678974112684923E-023
         266          15          19           5           2   2.9066806037392952E-011
         267          15          19           5           3   2.9066797339696765E-011
         268          15          19           6           1   3.5152242547923338E-023
         269          15          19           6           2   6.0193810721768523E-012
         270          15          19           6           3   6.0194210371656555E-012
         271          16          22           1           1   3.4594607490894625E-010
         272          16          22           1           2   3.2450931705778171E-010
         273          16          22           1           3  -8.5588163901070541E-011
         274          16          22           2           1   6.1911959965187991E-011
         275          16          22           2           2  -1.4065663426599819E-010
         276          16          22           2           3  -1.2146618579901940E-011
         277          16          22           3           1  -6.6767766599832511E-011
         278          16          22           3           2   8.0478108684357898E-012
         279          16          22           3           3  -2.0378071375938906E-010
         280          16          22           4           1  -1.3879914302846621E-010
         281          16          22           4           2   6.8413496058000674E-013
         282          16          22           4           3   1.6415655657269052E-010
         283          16          22           5           1   1.1269696881657593E-011
         284          16          22           5           2   7.0555564520397182E-012
         285          16          22           5           3   1.6639072273876519E-011
         286          16          22           6           1   9.4093149139402297E-013
         287          16          22           6           2  -3.0439151004752076E-011
         288          16          22           6           3   1.2816131747298897E-011
         289          17          23           1           1  -3.6753800653598507E-016
         290          17          23           1           2  -5.7064523526238175E-023
         291          17          23           1           3  -3.4238714115742891E-022
         292          17          23           2           1  -3.0434412039476002E-022
         293          17          23           2           2   0.0000000000000000     
         294          17          23           2           3   9.5107537623362471E-023
         295          17          23           3           1  -2.0738323322076284E-022
         296          17          23           3           2  -1.8853021201887531E-023
         297          17          23           3           3  -7.5412084807550123E-023
         298          17          23           4           1   1.0188172642258823E-019
         299          17          23           4           2   3.7706042347367972E-023
         300          17          23           4           3  -3.7706042347367972E-023
         301          17          23           5           1   4.6519480528404275E-017
         302          17          23           5           2   5.7846308312831520E-023
         303          17          23           5           3  -1.9282102770943840E-023
         304          17          23           6           1  -5.7846308109110038E-023
         305          17          23           6           2   7.7128410812146745E-023
         306          17          23           6           3   0.0000000000000000     
         307          18          24           1           1  -3.4595404766033083E-010
         308          18          24           1           2  -8.5583630260640713E-011
         309          18          24           1           3   3.2450583490421637E-010
         310          18          24           2           1  -6.1911045934268214E-011
         311          18          24           2           2  -1.2152909765748526E-011
         312          18          24           2           3  -1.4065284445411284E-010
         313          18          24           3           1   6.6767500176405142E-011
         314          18          24           3           2  -2.0378082696028601E-010
         315          18          24           3           3   8.0492729201788297E-012
         316          18          24           4           1   1.3879969978328983E-010
         317          18          24           4           2   1.6415607685123318E-010
         318          18          24           4           3   6.8325481642904166E-013
         319          18          24           5           1  -1.1269087873037919E-011
         320          18          24           5           2   1.6638840005004287E-011
         321          18          24           5           3   7.0557849920053778E-012
         322          18          24           6           1  -9.4112601958473790E-013
         323          18          24           6           2   1.2817080374100360E-011
         324          18          24           6           3  -3.0439656187748915E-011
         325          19          30           1           1  -1.5181892741794340E-015
         326          19          30           1           2   3.3743844631811921E-010
         327          19          30           1           3  -3.3743518914935403E-010
         328          19          30           2           1  -2.8971044580397040E-015
         329          19          30           2           2   2.2143938415252401E-010
         330          19          30           2           3  -2.2143643332709561E-010
         331          19          30           3           1   4.2500245660731983E-016
         332          19          30           3           2  -6.5076555126151433E-011
         333          19          30           3           3   6.5076541870800195E-011
         334          19          30           4           1  -2.1177914602620045E-016
         335          19          30           4           2  -7.2470632491411548E-011
         336          19          30           4           3   7.2470724781984873E-011
         337          19          30           5           1   1.3788266887029919E-016
         338          19          30           5           2  -2.6630027618522182E-011
         339          19          30           5           3   2.6629705784325051E-011
         340          19          30           6           1   2.3751500877988794E-016
         341          19          30           6           2  -2.1304800715001327E-011
         342          19          30           6           3   2.1304513551040141E-011
         343          20          31           1           1  -3.4595404766030473E-010
         344          20          31           1           2   8.5588298441190155E-011
         345          20          31           1           3  -3.2450188147982443E-010
         346          20          31           2           1  -6.1911045934193936E-011
         347          20          31           2           2   1.2147166293258596E-011
         348          20          31           2           3   1.4065980248310159E-010
         349          20          31           3           1   6.6767500176425951E-011
         350          20          31           3           2   2.0378067204354606E-010
         351          20          31           3           3  -8.0470181722934302E-012
         352          20          31           4           1   1.3879969978332067E-010
         353          20          31           4           2  -1.6415666902403558E-010
         354          20          31           4           3  -6.8459270320637628E-013
         355          20          31           5           1  -1.1269087872999013E-011
         356          20          31           5           2  -1.6639067442763921E-011
         357          20          31           5           3  -7.0562612286804201E-012
         358          20          31           6           1  -9.4112601956598235E-013
         359          20          31           6           2  -1.2816130763660666E-011
         360          20          31           6           3   3.0438676362431918E-011
         361          21          32           1           1  -3.5192243617297241E-010
         362          21          32           1           2  -2.7958946560985528E-015
         363          21          32           1           3  -4.7935856648638937E-015
         364          21          32           2           1  -3.5191398036054929E-010
         365          21          32           2           2  -2.8246468116024728E-015
         366          21          32           2           3  -4.7975318354434449E-015
         367          21          32           3           1   1.7189528320599831E-010
         368          21          32           3           2  -1.8173665163613739E-016
         369          21          32           3           3  -1.1164340910432283E-017
         370          21          32           4           1   1.7189556532712929E-010
         371          21          32           4           2  -1.7705134113577293E-016
         372          21          32           4           3  -8.6962319386255844E-018
         373          21          32           5           1  -1.0159639840031465E-011
         374          21          32           5           2   3.7264359814891005E-016
         375          21          32           5           3   4.5388497603228029E-016
         376          21          32           6           1  -1.0159026798907326E-011
         377          21          32           6           2   3.7520045380567601E-016
         378          21          32           6           3   4.5489656732907818E-016
         379          22          38           1           1   5.2731615929796720E-011
         380          22          38           1           2   2.1332474628213110E-010
         381          22          38           1           3  -5.2750451053364214E-011
         382          22          38           2           1   3.2744600980849306E-010
         383          22          38           2           2   5.8704821991475406E-010
         384          22          38           2           3  -3.2746713253950020E-010
         385          22          38           3           1  -1.7182772947994135E-010
         386          22          38           3           2  -2.3197300072674047E-011
         387          22          38           3           3   1.7182610262160413E-010
         388          22          38           4           1   4.2282575389983995E-011
         389          22          38           4           2  -1.0586338486444525E-010
         390          22          38           4           3  -4.2281828449305022E-011
         391          22          38           5           1  -2.0231656303776145E-011
         392          22          38           5           2  -3.4465826546298943E-011
         393          22          38           5           3   2.0232557415930756E-011
         394          22          38           6           1  -7.0401250992909602E-012
         395          22          38           6           2  -1.0257159975097068E-011
         396          22          38           6           3   7.0418824977655599E-012
         397          23          39           1           1   3.9243629954973735E-011
         398          23          39           1           2   1.9243639174991522E-010
         399          23          39           1           3  -3.9256339036161811E-011
         400          23          39           2           1  -4.6909963315963814E-011
         401          23          39           2           2   1.0424131434381439E-010
         402          23          39           2           3   4.6909871787052756E-011
         403          23          39           3           1  -4.3674313981839888E-011
         404          23          39           3           2   2.0132200788705028E-010
         405          23          39           3           3   4.3675564020851992E-011
         406          23          39           4           1   8.5729909593136841E-011
         407          23          39           4           2  -1.3713577462517469E-010
         408          23          39           4           3  -8.5730409100746289E-011
         409          23          39           5           1  -1.6268342768703107E-011
         410          23          39           5           2  -3.0104944243933167E-011
         411          23          39           5           3   1.6269146029697988E-011
         412          23          39           6           1  -1.6354941322940342E-011
         413          23          39           6           2  -1.9569590811844661E-011
         414          23          39           6           3   1.6354824987681772E-011
         415          24          40           1           1  -5.9943620975998114E-012
         416          24          40           1           2   6.0963844056225623E-011
         417          24          40           1           3   5.9850021328710101E-012
         418          24          40           2           1  -3.4841702348935309E-010
         419          24          40           2           2  -4.1760186436657269E-011
         420          24          40           2           3   3.4841208872695218E-010
         421          24          40           3           1   9.7988280658098683E-011
         422          24          40           3           2   2.8910320984940716E-010
         423          24          40           3           3  -9.7989259101761266E-011
         424          24          40           4           1   9.1457592168614958E-011
         425          24          40           4           2  -1.6662665644209982E-010
         426          24          40           4           3  -9.1456792459056608E-011
         427          24          40           5           1  -2.1007535504592749E-013
         428          24          40           5           2  -3.8795294733166013E-012
         429          24          40           5           3   2.1074408078456482E-013
         430          24          40           6           1  -2.6087473913652544E-011
         431          24          40           6           2  -1.0414978373076435E-011
         432          24          40           6           3   2.6087845538091216E-011
         433          25          46           1           1   1.5431463218085042E-010
         434          25          46           1           2   1.3663829397591536E-010
         435          25          46           1           3   1.3663586397545401E-010
         436          25          46           2           1   6.2565821616154656E-010
         437          25          46           2           2   3.0630519105360251E-010
         438          25          46           2           3   3.0630290937506231E-010
         439          25          46           3           1  -2.8307685475106244E-010
         440          25          46           3           2   1.2242541236821392E-010
         441          25          46           3           3   1.2242498341180971E-010
         442          25          46           4           1  -3.8407299736010053E-012
         443          25          46           4           2  -1.1226405010245175E-010
         444          25          46           4           3  -1.1226388053757846E-010
         445          25          46           5           1  -3.1579134861919962E-011
         446          25          46           5           2  -1.8817706007326652E-011
         447          25          46           5           3  -1.8817588870348435E-011
         448          25          46           6           1  -2.7836234240652732E-012
         449          25          46           6           2  -1.9609238177508354E-012
         450          25          46           6           3  -1.9607074165184488E-012
         451          26          47           1           1   3.3479823499770454E-010
         452          26          47           1           2   3.8513182172365930E-010
         453          26          47           1           3   7.6135957083248808E-011
         454          26          47           2           1   1.3221976200348017E-010
         455          26          47           2           2   1.8367939653306157E-010
         456          26          47           2           3   6.6802507456526820E-011
         457          26          47           3           1  -1.9736197972744015E-010
         458          26          47           3           2   1.8315939425110144E-010
         459          26          47           3           3   1.7221456627176154E-010
         460          26          47           4           1   5.5535455899218568E-013
         461          26          47           4           2  -1.1879354279320174E-010
         462          26          47           4           3  -1.4494614485369302E-010
         463          26          47           5           1  -9.8046406071477626E-012
         464          26          47           5           2  -3.1720428497785941E-011
         465          26          47           5           3  -4.1964959564927198E-012
         466          26          47           6           1  -1.1533402272291996E-011
         467          26          47           6           2  -2.8230620591183733E-011
         468          26          47           6           3   1.5190613972365783E-011
         469          27          48           1           1  -8.2206830077361294E-023
         470          27          48           1           2  -4.6707988574963028E-011
         471          27          48           1           3   3.6118097785724364E-010
         472          27          48           2           1  -5.0352593104458379E-023
         473          27          48           2           2   1.4266294242349686E-010
         474          27          48           2           3   3.2299860333994080E-010
         475          27          48           3           1  -1.1818677553837795E-023
         476          27          48           3           2   3.3838558401421033E-010
         477          27          48           3           3  -1.2107221727078529E-010
         478          27          48           4           1  -2.4140671097437578E-023
         479          27          48           4           2  -1.1853834770077071E-010
         480          27          48           4           3  -1.5768369766873267E-010
         481          27          48           5           1   1.9094001054174811E-023
         482          27          48           5           2  -2.1804146925383625E-011
         483          27          48           5           3   3.0561810410870866E-011
         484          27          48           6           1   1.9000390009088593E-023
         485          27          48           6           2  -2.8764741485577104E-011
         486          27          48           6           3   2.8205254090880271E-012
         487          28          55           1           1   1.6451353478965120E-022
         488          28          55           1           2   1.9664991694417222E-010
         489          28          55           1           3   1.9664977877782967E-010
         490          28          55           2           1   0.0000000000000000     
         491          28          55           2           2   1.1582233576181891E-010
         492          28          55           2           3   1.1582278584862398E-010
         493          28          55           3           1  -3.0528544897485375E-023
         494          28          55           3           2   2.5556761443130651E-010
         495          28          55           3           3   2.5556772321218991E-010
         496          28          55           4           1  -1.2739440145456671E-023
         497          28          55           4           2  -1.3845345564712465E-010
         498          28          55           4           3  -1.3845352568361097E-010
         499          28          55           5           1   3.7357948225369846E-023
         500          28          55           5           2  -2.9066806037411625E-011
         501          28          55           5           3  -2.9066797339678079E-011
         502          28          55           6           1   3.5152242547923338E-023
         503          28          55           6           2  -6.0193810722471586E-012
         504          28          55           6           3  -6.0194210371656555E-012
         505          29          56           1           1  -3.3479823499737113E-010
         506          29          56           1           2   3.8511705753141124E-010
         507          29          56           1           3   7.6131135039433201E-011
         508          29          56           2           1  -1.3221976200348030E-010
         509          29          56           2           2   1.8367500171683860E-010
         510          29          56           2           3   6.6794694169167087E-011
         511          29          56           3           1   1.9736197972735782E-010
         512          29          56           3           2   1.8315584963602465E-010
         513          29          56           3           3   1.7221339882854427E-010
         514          29          56           4           1  -5.5535455901719234E-013
         515          29          56           4           2  -1.1879229487666641E-010
         516          29          56           4           3  -1.4494558665745147E-010
         517          29          56           5           1   9.8046406070918827E-012
         518          29          56           5           2  -3.1718861937654192E-011
         519          29          56           5           3  -4.1962555680322821E-012
         520          29          56           6           1   1.1533402272273968E-011
         521          29          56           6           2  -2.8230403128928292E-011
         522          29          56           6           3   1.5191520371640349E-011
         523          30          64           1           1  -1.5431463218113104E-010
         524          30          64           1           2   1.3664171202912421E-010
         525          30          64           1           3   1.3663993632267209E-010
         526          30          64           2           1  -6.2565821616131567E-010
         527          30          64           2           2   3.0630487703415455E-010
         528          30          64           2           3   3.0630265880387866E-010
         529          30          64           3           1   2.8307685475099715E-010
         530          30          64           3           2   1.2242615771309468E-010
         531          30          64           3           3   1.2242576950990491E-010
         532          30          64           4           1   3.8407299735383609E-012
         533          30          64           4           2  -1.1226429315682630E-010
         534          30          64           4           3  -1.1226415436267467E-010
         535          30          64           5           1   3.1579134861956029E-011
         536          30          64           5           2  -1.8817870623826548E-011
         537          30          64           5           3  -1.8817785580836449E-011
         538          30          64           6           1   2.7836234242234735E-012
         539          30          64           6           2  -1.9610318933272237E-012
         540          30          64           6           3  -1.9608143415739462E-012
         541          31          74           1           1  -9.7143351509359742E-011
         542          31          74           1           2  -9.7143351508800994E-011
         543          31          74           1           3  -9.7137164568820110E-011
         544          31          74           2           1  -9.9486477722385772E-011
         545          31          74           2           2  -9.9486477722486068E-011
         546          31          74           2           3  -9.9476718277472600E-011
         547          31          74           3           1  -2.4077285433673183E-010
         548          31          74           3           2  -2.4077285433672025E-010
         549          31          74           3           3  -2.4077260547539208E-010
         550          31          74           4           1   7.6876722460593790E-011
         551          31          74           4           2   7.6876722460560573E-011
         552          31          74           4           3   7.6876592427276172E-011
         553          31          74           5           1  -1.7881045462134093E-013
         554          31          74           5           2  -1.7881045458630586E-013
         555          31          74           5           3  -1.7900791629802469E-013
         556          31          74           6           1  -2.1574206036374008E-013
         557          31          74           6           2  -2.1574206034622250E-013
         558          31          74           6           3  -2.1614514205782340E-013
         559          32          75           1           1   7.8736163645253316E-012
         560          32          75           1           2   7.8736163642323594E-012
         561          32          75           1           3  -3.1956192253130539E-010
         562          32          75           2           1   2.1023181498965133E-010
         563          32          75           2           2   2.1023181498852980E-010
         564          32          75           2           3  -7.4606693296706446E-010
         565          32          75           3           1  -3.1370360084359867E-010
         566          32          75           3           2  -3.1370360084368945E-010
         567          32          75           3           3  -2.0275662914723850E-010
         568          32          75           4           1   6.6083435714387704E-011
         569          32          75           4           2   6.6083435714344807E-011
         570          32          75           4           3   1.0361068315054154E-010
         571          32          75           5           1  -1.8012458322628868E-011
         572          32          75           5           2  -1.8012458322537943E-011
         573          32          75           5           3   3.6904949810161543E-011
         574          32          75           6           1  -4.1179032768332907E-013
         575          32          75           6           2  -4.1179032770089514E-013
         576          32          75           6           3   1.8787463665136602E-011
         577          33          76           1           1   3.4939239041178451E-011
         578          33          76           1           2   3.4939239041972215E-011
         579          33          76           1           3  -2.5965524853175400E-010
         580          33          76           2           1  -4.1910580943070629E-010
         581          33          76           2           2  -4.1910580943108364E-010
         582          33          76           2           3  -1.8399929150368185E-010
         583          33          76           3           1   4.1211771615295998E-011
         584          33          76           3           2   4.1211771615236713E-011
         585          33          76           3           3  -4.4070094949282205E-010
         586          33          76           4           1   6.4987998035556470E-011
         587          33          76           4           2   6.4987998035494185E-011
         588          33          76           4           3   8.0421463516266946E-011
         589          33          76           5           1  -1.2566956966570144E-011
         590          33          76           5           2  -1.2566956966628068E-011
         591          33          76           5           3   3.1274869030030416E-011
         592          33          76           6           1  -1.3032599230886139E-011
         593          33          76           6           2  -1.3032599230886139E-011
         594          33          76           6           3   4.7357767881177866E-011
         595          34          77           1           1   1.2587357153523408E-017
         596          34          77           1           2   1.2587138154094886E-017
         597          34          77           1           3  -1.1062256756850471E-010
         598          34          77           2           1   2.1923751406019964E-014
         599          34          77           2           2   2.1923751333020165E-014
         600          34          77           2           3  -1.1062302987352890E-010
         601          34          77           3           1  -3.8053674356417754E-021
         602          34          77           3           2  -3.7226420566060837E-021
         603          34          77           3           3  -3.7433900533625542E-010
         604          34          77           4           1  -2.5511983387515126E-019
         605          34          77           4           2  -2.5520119883572373E-019
         606          34          77           4           3   1.3026343281773394E-010
         607          34          77           5           1  -3.5384509632755498E-018
         608          34          77           5           2  -3.5384905023538339E-018
         609          34          77           5           3   5.8854519195543461E-012
         610          34          77           6           1  -1.4813915254296737E-015
         611          34          77           6           2  -1.4813915451992129E-015
         612          34          77           6           3   5.8854191662691382E-012
         613          35          79           1           1  -1.2015369016383309E-012
         614          35          79           1           2  -1.2015369008843104E-012
         615          35          79           1           3  -6.7024022714509513E-023
         616          35          79           2           1   1.8516567338391644E-010
         617          35          79           2           2   1.8516567338351078E-010
         618          35          79           2           3  -2.5812801591644059E-022
         619          35          79           3           1  -1.4386119609904506E-010
         620          35          79           3           2  -1.4386119609897467E-010
         621          35          79           3           3  -3.5204160011083863E-023
         622          35          79           4           1  -3.9601888341710361E-011
         623          35          79           4           2  -3.9601888341693979E-011
         624          35          79           4           3   1.6388064859994061E-023
         625          35          79           5           1   4.5407765257921793E-012
         626          35          79           5           2   4.5407765258120017E-012
         627          35          79           5           3  -1.9822005499187162E-023
         628          35          79           6           1   2.0109377181342203E-011
         629          35          79           6           2   2.0109377181453397E-011
         630          35          79           6           3  -3.7064849237238966E-023
         631          36          80           1           1  -7.2821377206435769E-011
         632          36          80           1           2  -7.2821377206253337E-011
         633          36          80           1           3   1.3541905247467907E-010
         634          36          80           2           1  -8.3117009855174413E-011
         635          36          80           2           2  -8.3117009855615688E-011
         636          36          80           2           3   1.9952265804742273E-010
         637          36          80           3           1  -9.0396657919411556E-011
         638          36          80           3           2  -9.0396657919477511E-011
         639          36          80           3           3  -5.2338955688125620E-011
         640          36          80           4           1   6.4320167623385233E-011
         641          36          80           4           2   6.4320167623400278E-011
         642          36          80           4           3  -7.6389463637391479E-011
         643          36          80           5           1   1.9770511093693870E-011
         644          36          80           5           2   1.9770511093655429E-011
         645          36          80           5           3  -2.7189457747044155E-011
         646          36          80           6           1   1.5722898793743398E-011
         647          36          80           6           2   1.5722898793707590E-011
         648          36          80           6           3  -5.5282795343734448E-012
         649          37          83           1           1  -1.5993294090491013E-013
         650          37          83           1           2  -3.4649199734518639E-010
         651          37          83           1           3  -3.4646402722370649E-010
         652          37          83           2           1   6.7641920108941194E-010
         653          37          83           2           2  -4.6137589215857414E-010
         654          37          83           2           3  -4.6137360763039853E-010
         655          37          83           3           1  -4.2585774370178485E-010
         656          37          83           3           2  -3.2057365844422048E-010
         657          37          83           3           3  -3.2057037664553777E-010
         658          37          83           4           1   8.6419154783567185E-012
         659          37          83           4           2   1.0895983737563288E-010
         660          37          83           4           3   1.0895875920635845E-010
         661          37          83           5           1  -7.0338064025130521E-012
         662          37          83           5           2   2.6594901962715204E-011
         663          37          83           5           3   2.6593861566051233E-011
         664          37          83           6           1   3.0942299189245315E-012
         665          37          83           6           2   2.1632179959330403E-012
         666          37          83           6           3   2.1632177290901949E-012
         667          38          84           1           1   1.1311262380068555E-014
         668          38          84           1           2  -7.3773160160503007E-011
         669          38          84           1           3  -6.7424538223593601E-010
         670          38          84           2           1  -1.2856259284070083E-014
         671          38          84           2           2  -5.8338366529919567E-010
         672          38          84           2           3  -1.9601528730302659E-010
         673          38          84           3           1   1.3588153324229333E-015
         674          38          84           3           2  -1.0744586345207460E-010
         675          38          84           3           3  -4.7350887628860223E-010
         676          38          84           4           1  -6.8954867602053878E-016
         677          38          84           4           2   1.0717889753712489E-010
         678          38          84           4           3   9.4984921550276172E-011
         679          38          84           5           1   1.0155538430963824E-015
         680          38          84           5           2  -3.4518903659799072E-011
         681          38          84           5           3   3.6436865984201644E-011
         682          38          84           6           1  -2.6998849838116000E-016
         683          38          84           6           2   2.5072533168143681E-011
         684          38          84           6           3   4.0320775154717288E-011
         685          39          88           1           1   2.9136203583562332E-010
         686          39          88           1           2  -3.9121634381622004E-010
         687          39          88           1           3   3.8498234165851782E-015
         688          39          88           2           1  -1.8868908102975260E-010
         689          39          88           2           2   7.2045799396496255E-011
         690          39          88           2           3  -2.1572095846708800E-015
         691          39          88           3           1  -1.6999368923358818E-010
         692          39          88           3           2  -1.5245737683351192E-010
         693          39          88           3           3   5.7970617370717225E-016
         694          39          88           4           1   1.2888624144645799E-010
         695          39          88           4           2   1.2553990161463374E-010
         696          39          88           4           3  -3.4245006645888826E-016
         697          39          88           5           1   1.8788139418840770E-011
         698          39          88           5           2   1.0477427420432930E-011
         699          39          88           5           3  -4.0366224186649241E-016
         700          39          88           6           1  -1.0790868686044603E-011
         701          39          88           6           2   3.7818584467457628E-011
         702          39          88           6           3   2.7454940730892985E-016
         703          40          95           1           1  -2.9135741247883319E-010
         704          40          95           1           2   4.6273880201834236E-015
         705          40          95           1           3  -3.9121360091693772E-010
         706          40          95           2           1   1.8868403544498033E-010
         707          40          95           2           2  -8.3805474725322283E-015
         708          40          95           2           3   7.2046100693612809E-011
         709          40          95           3           1   1.6999077785731816E-010
         710          40          95           3           2  -9.3651994468208106E-016
         711          40          95           3           3  -1.5245913510100401E-010
         712          40          95           4           1  -1.2888422285409543E-010
         713          40          95           4           2   6.5768276021556449E-016
         714          40          95           4           3   1.2554096656421779E-010
         715          40          95           5           1  -1.8788574954183088E-011
         716          40          95           5           2  -3.2529037277298062E-016
         717          40          95           5           3   1.0477222138313545E-011
         718          40          95           6           1   1.0791476728574050E-011
         719          40          95           6           2   9.3338653444751555E-016
         720          40          95           6           3   3.7818569155971328E-011
         721          41         103           1           1   7.2802008840946480E-011
         722          41         103           1           2   1.3541958573189434E-010
         723          41         103           1           3  -7.2815715668597218E-011
         724          41         103           2           1   8.3115047239471576E-011
         725          41         103           2           2   1.9951851587997032E-010
         726          41         103           2           3  -8.3111815956942418E-011
         727          41         103           3           1   9.0398007828601941E-011
         728          41         103           3           2  -5.2340260080781061E-011
         729          41         103           3           3  -9.0396653748837309E-011
         730          41         103           4           1  -6.4321214375423127E-011
         731          41         103           4           2  -7.6388685211321826E-011
         732          41         103           4           3   6.4320201919300832E-011
         733          41         103           5           1  -1.9769255542367939E-011
         734          41         103           5           2  -2.7189514087518025E-011
         735          41         103           5           3   1.9770158725681859E-011
         736          41         103           6           1  -1.5722556718056908E-011
         737          41         103           6           2  -5.5276671055049402E-012
         738          41         103           6           3   1.5722198539565636E-011
         739          42         104           1           1   1.2050034295911868E-012
         740          42         104           1           2   1.1729207201187831E-022
         741          42         104           1           3  -1.2027681651513032E-012
         742          42         104           2           1  -1.8516139586369151E-010
         743          42         104           2           2  -5.5313151823569238E-023
         744          42         104           2           3   1.8516059958964420E-010
         745          42         104           3           1   1.4385984732203196E-010
         746          42         104           3           2  -3.5204158871050039E-023
         747          42         104           3           3  -1.4385971533407145E-010
         748          42         104           4           1   3.9602834013996689E-011
         749          42         104           4           2   1.6388065071376380E-023
         750          42         104           4           3  -3.9602925632048046E-011
         751          42         104           5           1  -4.5410323578082241E-012
         752          42         104           5           2  -3.9644009968865981E-023
         753          42         104           5           3   4.5408659345735496E-012
         754          42         104           6           1  -2.0109744000640108E-011
         755          42         104           6           2   1.8532424529137665E-023
         756          42         104           6           3   2.0109827448311554E-011
         757          43         119           1           1   1.3542199944530243E-010
         758          43         119           1           2   7.2804779502492469E-011
         759          43         119           1           3   7.2815715669126510E-011
         760          43         119           2           1   1.9952094960426908E-010
         761          43         119           2           2   8.3114452225360507E-011
         762          43         119           2           3   8.3111815957224965E-011
         763          43         119           3           1  -5.2338946631469566E-011
         764          43         119           3           2   9.0396774044825465E-011
         765          43         119           3           3   9.0396653748837335E-011
         766          43         119           4           1  -7.6389650959538156E-011
         767          43         119           4           2  -6.4320259719782149E-011
         768          43         119           4           3  -6.4320201919225779E-011
         769          43         119           5           1  -2.7189673040930377E-011
         770          43         119           5           2  -1.9769438469522478E-011
         771          43         119           5           3  -1.9770158725720300E-011
         772          43         119           6           1  -5.5279349491304646E-012
         773          43         119           6           2  -1.5722547430196689E-011
         774          43         119           6           3  -1.5722198539547732E-011
         775          44         147           1           1  -3.5651794749517897E-010
         776          44         147           1           2  -3.5651794749686543E-010
         777          44         147           1           3  -3.5653125268769794E-010
         778          44         147           2           1  -3.5268251526799199E-010
         779          44         147           2           2  -3.5268251526797069E-010
         780          44         147           2           3  -3.5264507978356082E-010
         781          44         147           3           1  -4.7663041746381435E-010
         782          44         147           3           2  -4.7663041746369524E-010
         783          44         147           3           3  -4.7662847481936306E-010
         784          44         147           4           1   5.9532216580459868E-011
         785          44         147           4           2   5.9532216580385125E-011
         786          44         147           4           3   5.9531806896344915E-011
         787          44         147           5           1   1.4931654301488145E-011
         788          44         147           5           2   1.4931654301402041E-011
         789          44         147           5           3   1.4930711554335463E-011
         790          44         147           6           1   1.4920697452230378E-011
         791          44         147           6           2   1.4920697452144274E-011
         792          44         147           6           3   1.4921058166796420E-011
         793          45         148           1           1  -7.5467300591139407E-011
         794          45         148           1           2  -7.5467300591801901E-011
         795          45         148           1           3  -7.1949123262415477E-010
         796          45         148           2           1  -2.2932306193964568E-010
         797          45         148           2           2  -2.2932306193945864E-010
         798          45         148           2           3  -9.6108800494357960E-010
         799          45         148           3           1  -2.9549257635485673E-010
         800          45         148           3           2  -2.9549257635493366E-010
         801          45         148           3           3  -6.6442569156215032E-010
         802          45         148           4           1   3.2414818508619100E-011
         803          45         148           4           2   3.2414818508564183E-011
         804          45         148           4           3   7.4584835647430022E-011
         805          45         148           5           1  -3.9461652336588099E-012
         806          45         148           5           2  -3.9461652336231862E-012
         807          45         148           5           3   5.8859953063630167E-011
         808          45         148           6           1   1.6582504300437023E-011
         809          45         148           6           2   1.6582504300437023E-011
         810          45         148           6           3   3.1841403381450894E-011
         811          46         149           1           1   4.1268087374014699E-022
         812          46         149           1           2  -2.1923671417445310E-022
         813          46         149           1           3  -5.0045852799912394E-010
         814          46         149           2           1  -3.0951065530510892E-022
         815          46         149           2           2   1.6765160495693404E-022
         816          46         149           2           3  -5.0046948776829249E-010
         817          46         149           3           1  -6.2868405157953273E-023
         818          46         149           3           2  -4.1912270105302161E-023
         819          46         149           3           3  -6.7632253979927764E-010
         820          46         149           4           1   5.6549376421021488E-023
         821          46         149           4           2  -1.8849792140340494E-023
         822          46         149           4           3   5.4945653413298847E-011
         823          46         149           5           1   1.8849792140340494E-023
         824          46         149           5           2   5.6549376421021488E-023
         825          46         149           5           3   5.4945152810113745E-011
         826          46         149           6           1   0.0000000000000000     
         827          46         149           6           2   0.0000000000000000     
         828          46         149           6           3   6.4152500920269142E-011
         829          47         156           1           1  -1.8541453150714076E-021
         830          47         156           1           2  -7.1547911335988622E-010
         831          47         156           1           3  -7.1546096886244231E-010
         832          47         156           2           1   8.4060597421455209E-022
         833          47         156           2           2  -8.8905030094195300E-010
         834          47         156           2           3  -8.8904928657411102E-010
         835          47         156           3           1  -1.5275143603899387E-022
         836          47         156           3           2  -6.3887108591163830E-010
         837          47         156           3           3  -6.3886735727675445E-010
         838          47         156           4           1  -1.7747250168472206E-023
         839          47         156           4           2   7.0673825294023253E-011
         840          47         156           4           3   7.0673442427182457E-011
         841          47         156           5           1  -1.7200488718294363E-023
         842          47         156           5           2   2.1888497324564825E-011
         843          47         156           5           3   2.1888461221014212E-011
         844          47         156           6           1  -3.3675177448017873E-023
         845          47         156           6           2   2.7998067432075330E-011
         846          47         156           6           3   2.7997743264748338E-011
         847          48         220           1           1  -9.9335827156691491E-010
         848          48         220           1           2  -9.9335827157028257E-010
         849          48         220           1           3  -9.9343909248948558E-010
         850          48         220           2           1  -9.8800055061348540E-010
         851          48         220           2           2  -9.8800055061616567E-010
         852          48         220           2           3  -9.8815742642331772E-010
         853          48         220           3           1  -1.0457378166983716E-009
         854          48         220           3           2  -1.0457378166981119E-009
         855          48         220           3           3  -1.0457633386477356E-009
         856          48         220           4           1   3.1889253815827165E-011
         857          48         220           4           2   3.1889253815744079E-011
         858          48         220           4           3   3.1890361487870292E-011
         859          48         220           5           1   1.9177112114603824E-011
         860          48         220           5           2   1.9177112114505457E-011
         861          48         220           5           3   1.9178283453661277E-011
         862          48         220           6           1   1.9114661770508570E-011
         863          48         220           6           2   1.9114661770541360E-011
         864          48         220           6           3   1.9115276458175914E-011
         865          49         221           1           1  -4.6895008061578997E-014
         866          49         221           1           2  -4.6895008061578997E-014
         867          49         221           1           3  -1.5118475861124190E-009
         868          49         221           2           1  -4.6675321245522083E-014
         869          49         221           2           2  -4.6675313241275084E-014
         870          49         221           2           3  -1.5118503213407980E-009
         871          49         221           3           1  -2.0138714382290098E-019
         872          49         221           3           2  -2.0122948679671606E-019
         873          49         221           3           3  -1.5233568849371083E-009
         874          49         221           4           1   5.8447568044047545E-016
         875          49         221           4           2   5.8447573110227974E-016
         876          49         221           4           3   6.1160534479260715E-011
         877          49         221           5           1   6.0001520549359334E-016
         878          49         221           5           2   6.0001508728271678E-016
         879          49         221           5           3   6.1160491915818448E-011
         880          49         221           6           1   1.2634495680769285E-021
         881          49         221           6           2   1.2634495680769285E-021
         882          49         221           6           3   2.0968396913348089E-011
         883          50         293           1           1   0.0000000000000000     
         884          50         293           1           2   0.0000000000000000     
         885          50         293           1           3   0.0000000000000000     
         886          50         293           2           1   0.0000000000000000     
         887          50         293           2           2   0.0000000000000000     
         888          50         293           2           3   0.0000000000000000     
         889          50         293           3           1   0.0000000000000000     
         890          50         293           3           2   0.0000000000000000     
         891          50         293           3           3   0.0000000000000000     
         892          50         293           4           1   0.0000000000000000     
         893          50         293           4           2   0.0000000000000000     
         894          50         293           4           3   0.0000000000000000     
         895          50         293           5           1   0.0000000000000000     
         896          50         293           5           2   0.0000000000000000     
         897          50         293           5           3   0.0000000000000000     
         898          50         293           6           1   0.0000000000000000     
         899          50         293           6           2   0.0000000000000000     
         900          50         293           6           3   0.0000000000000000     
