 tempk,i,kibz(:,i),ii,omega,nb0,1/tauinv_N(i,ii),1/tauinv_U(i,ii),1/tauinv_tot(i,ii),1/tauinv_eff(i,ii),veloc(:,ii,mapinv(i))
  300.00000                  1 -.55093850     -.55093850     -.55093850                  1  62.132285      2.8807105     0.68306082E-09 0.57973448E-10 0.53438002E-10       Infinity 0.47637764E-17 -.47637764E-18 -.19055105E-17
  300.00000                  1 -.55093850     -.55093850     -.55093850                  2  62.132290      2.8807102     0.71166204E-09 0.55217840E-10 0.51241976E-10       Infinity 0.22627936E-17 -.48828704E-17 -.29773600E-17
  300.00000                  1 -.55093850     -.55093850     -.55093850                  3  210.28644     0.57420758     0.11513419E-10 0.47285000E-11 0.33518947E-11       Infinity -.56301170E-18 0.11260234E-17 -.56301170E-18
  300.00000                  1 -.55093850     -.55093850     -.55093850                  4  240.27256     0.46177611     0.64751526E-10 0.53662711E-10 0.29343958E-10       Infinity  0.0000000      0.0000000     -.98549515E-18
  300.00000                  1 -.55093850     -.55093850     -.55093850                  5  284.45071     0.34333587     0.22618836E-10 0.44834031E-11 0.37417336E-11       Infinity -.83243752E-18 -.24973126E-17 0.83243752E-18
  300.00000                  1 -.55093850     -.55093850     -.55093850                  6  284.45072     0.34333587     0.23642815E-10 0.40855901E-11 0.34836064E-11       Infinity 0.83243752E-18 -.74919377E-17 0.16648750E-17
  300.00000                  2 -.41320388     -.41320388     -.68867313                  1  65.725398      2.6986767     0.58818369E-09 0.52372987E-10 0.48090884E-10       Infinity 0.50246958E-06 0.50246958E-06 -.20343023E-05
  300.00000                  2 -.41320388     -.41320388     -.68867313                  2  82.079071      2.0730830     0.43661344E-09 0.30381131E-10 0.28404634E-10       Infinity 0.39172089E-05 0.39172089E-05 -.70225122E-05
  300.00000                  2 -.41320388     -.41320388     -.68867313                  3  196.16307     0.64021154     0.81262548E-11 0.15957648E-11 0.13338372E-11       Infinity -.52180025E-05 -.52180025E-05 0.70428864E-06
  300.00000                  2 -.41320388     -.41320388     -.68867313                  4  238.83470     0.46646200     0.33127799E-10 0.31336171E-10 0.16103544E-10       Infinity 0.16189454E-05 0.16189454E-05 0.40534376E-05
  300.00000                  2 -.41320388     -.41320388     -.68867313                  5  280.11021     0.35310805     0.18304169E-10 0.44426663E-11 0.35749727E-11       Infinity -.94553542E-06 -.94553542E-06 0.16109599E-05
  300.00000                  2 -.41320388     -.41320388     -.68867313                  6  283.26430     0.34597281     0.14304311E-10 0.54849467E-11 0.39646956E-11       Infinity -.33388389E-06 -.33388389E-06 0.48639100E-06
  300.00000                  3 -.27546925     -.27546925     -.82640775                  1  73.003828      2.3852783     0.26948482E-09 0.41050646E-10 0.35624034E-10       Infinity 0.41639321E-06 0.41639321E-06 -.20419562E-05
  300.00000                  3 -.27546925     -.27546925     -.82640775                  2  105.19275      1.5240413     0.17034842E-09 0.25220016E-10 0.21967706E-10       Infinity -.72518136E-06 -.72518136E-06 -.16114613E-05
  300.00000                  3 -.27546925     -.27546925     -.82640775                  3  180.37350     0.72719867     0.27554833E-10 0.28727670E-11 0.26015399E-11       Infinity -.12059174E-05 -.12059174E-05 -.55587150E-05
  300.00000                  3 -.27546925     -.27546925     -.82640775                  4  239.13179     0.46548867     0.31869573E-10 0.16525561E-10 0.10882552E-10       Infinity 0.32874256E-05 0.32874256E-05 0.52586304E-05
  300.00000                  3 -.27546925     -.27546925     -.82640775                  5  272.33798     0.37150052     0.95397981E-11 0.44133191E-11 0.30174027E-11       Infinity -.73337101E-06 -.73337101E-06 0.13571235E-05
  300.00000                  3 -.27546925     -.27546925     -.82640775                  6  279.27540     0.35502754     0.14251663E-10 0.78926311E-11 0.50795531E-11       Infinity -.76146898E-06 -.76146898E-06 0.91116162E-06
  300.00000                  4 -.13773463     -.13773463     -.96414238                  1  76.625619      2.2517170     0.18679860E-09 0.29417140E-10 0.25414804E-10       Infinity -.66780927E-07 -.66780927E-07 -.67976763E-06
  300.00000                  4 -.13773463     -.13773463     -.96414238                  2  88.155121      1.9003978     0.11870075E-09 0.13339653E-10 0.11991987E-10       Infinity -.44852932E-05 -.44852932E-05 0.53756115E-06
  300.00000                  4 -.13773463     -.13773463     -.96414238                  3  207.33957     0.58717937     0.78096068E-11 0.43083787E-11 0.27765955E-11       Infinity 0.31720921E-05 0.31720921E-05 -.93588450E-05
  300.00000                  4 -.13773463     -.13773463     -.96414238                  4  242.58231     0.45437765     0.38373269E-10 0.12277703E-10 0.93016104E-11       Infinity 0.35687357E-05 0.35687357E-05 0.65018996E-05
  300.00000                  4 -.13773463     -.13773463     -.96414238                  5  269.25018     0.37914434     0.14500639E-10 0.58490660E-11 0.41678832E-11       Infinity -.93488529E-08 -.93488529E-08 0.17238618E-06
  300.00000                  4 -.13773463     -.13773463     -.96414238                  6  273.17295     0.36946731     0.10104461E-10 0.11285047E-10 0.53310865E-11       Infinity -.11806580E-05 -.11806580E-05 0.47134899E-06
  300.00000                  5  0.0000000      0.0000000     -1.1018770                  1  76.917478      2.2415076     0.96605973E-10 0.27659038E-10 0.21502660E-10       Infinity 0.26936533E-17 0.75037485E-17 0.15392305E-17
  300.00000                  5  0.0000000      0.0000000     -1.1018770                  2  76.917478      2.2415076     0.15106227E-09 0.26151261E-10 0.22292140E-10       Infinity -.10389806E-16 0.46176914E-17 0.11544228E-17
  300.00000                  5  0.0000000      0.0000000     -1.1018770                  3  235.20750     0.47856471     0.36169582E-10 0.32834143E-10 0.17210625E-10       Infinity -.10067173E-17 -.20134345E-17 -.10067173E-17
  300.00000                  5  0.0000000      0.0000000     -1.1018770                  4  235.20750     0.47856471     0.38609699E-10 0.34832539E-10 0.18311994E-10       Infinity  0.0000000     -.15100759E-17 0.10067173E-17
  300.00000                  5  0.0000000      0.0000000     -1.1018770                  5  269.46875     0.37859673     0.21333644E-10 0.74813184E-11 0.55389204E-11       Infinity -.87871952E-18 0.87871952E-18 -.26361586E-17
  300.00000                  5  0.0000000      0.0000000     -1.1018770                  6  269.46875     0.37859673     0.15856446E-10 0.58022760E-11 0.42478719E-11       Infinity -.87871952E-18 -.26361586E-17 -.26361586E-17
  300.00000                  6 0.13773463     0.13773463     -1.2396116                  1  76.625619      2.2517170     0.14782298E-09 0.30691513E-10 0.25414804E-10       Infinity 0.66780927E-07 0.66780927E-07 0.67976763E-06
  300.00000                  6 0.13773463     0.13773463     -1.2396116                  2  88.155121      1.9003978     0.59942265E-10 0.14991088E-10 0.11991987E-10       Infinity 0.44852932E-05 0.44852932E-05 -.53756115E-06
  300.00000                  6 0.13773463     0.13773463     -1.2396116                  3  207.33957     0.58717937     0.21264298E-10 0.31936014E-11 0.27765955E-11       Infinity -.31720921E-05 -.31720921E-05 0.93588450E-05
  300.00000                  6 0.13773463     0.13773463     -1.2396116                  4  242.58231     0.45437765     0.17429204E-10 0.19946823E-10 0.93016104E-11       Infinity -.35687357E-05 -.35687357E-05 -.65018996E-05
  300.00000                  6 0.13773463     0.13773463     -1.2396116                  5  269.25018     0.37914434     0.17554871E-10 0.54655053E-11 0.41678832E-11       Infinity 0.93488529E-08 0.93488529E-08 -.17238618E-06
  300.00000                  6 0.13773463     0.13773463     -1.2396116                  6  273.17295     0.36946731     0.35374072E-10 0.62770805E-11 0.53310865E-11       Infinity 0.11806580E-05 0.11806580E-05 -.47134899E-06
  300.00000                  7 0.27546925     0.27546925     -1.3773463                  1  73.003828      2.3852783     0.18125008E-09 0.44338627E-10 0.35624034E-10       Infinity -.41639321E-06 -.41639321E-06 0.20419562E-05
  300.00000                  7 0.27546925     0.27546925     -1.3773463                  2  105.19275      1.5240413     0.98703326E-10 0.28256573E-10 0.21967706E-10       Infinity 0.72518136E-06 0.72518136E-06 0.16114613E-05
  300.00000                  7 0.27546925     0.27546925     -1.3773463                  3  180.37350     0.72719867     0.10814615E-10 0.34255929E-11 0.26015399E-11       Infinity 0.12059174E-05 0.12059174E-05 0.55587150E-05
  300.00000                  7 0.27546925     0.27546925     -1.3773463                  4  239.13179     0.46548867     0.28944495E-10 0.17439429E-10 0.10882552E-10       Infinity -.32874256E-05 -.32874256E-05 -.52586304E-05
  300.00000                  7 0.27546925     0.27546925     -1.3773463                  5  272.33798     0.37150052     0.13411318E-10 0.38933689E-11 0.30174027E-11       Infinity 0.73337101E-06 0.73337101E-06 -.13571235E-05
  300.00000                  7 0.27546925     0.27546925     -1.3773463                  6  279.27540     0.35502754     0.22733858E-10 0.65410584E-11 0.50795531E-11       Infinity 0.76146898E-06 0.76146898E-06 -.91116162E-06
  300.00000                  8 0.41320388     0.41320388     -1.5150809                  1  65.725398      2.6986767     0.25064136E-09 0.59508943E-10 0.48090884E-10       Infinity -.50246958E-06 -.50246958E-06 0.20343023E-05
  300.00000                  8 0.41320388     0.41320388     -1.5150809                  2  82.079071      2.0730830     0.12698053E-09 0.36589427E-10 0.28404634E-10       Infinity -.39172089E-05 -.39172089E-05 0.70225122E-05
  300.00000                  8 0.41320388     0.41320388     -1.5150809                  3  196.16307     0.64021154     0.13080829E-10 0.14852906E-11 0.13338372E-11       Infinity 0.52180025E-05 0.52180025E-05 -.70428864E-06
  300.00000                  8 0.41320388     0.41320388     -1.5150809                  4  238.83470     0.46646200     0.92266385E-10 0.19508408E-10 0.16103544E-10       Infinity -.16189454E-05 -.16189454E-05 -.40534376E-05
  300.00000                  8 0.41320388     0.41320388     -1.5150809                  5  280.11021     0.35310805     0.18155841E-10 0.44514932E-11 0.35749727E-11       Infinity 0.94553542E-06 0.94553543E-06 -.16109599E-05
  300.00000                  8 0.41320388     0.41320388     -1.5150809                  6  283.26430     0.34597281     0.22977941E-10 0.47914252E-11 0.39646956E-11       Infinity 0.33388389E-06 0.33388389E-06 -.48639100E-06
  300.00000                  9 -.27546925     -.55093850     -.55093850                  1  66.066181      2.6824480     0.74104815E-09 0.74411156E-10 0.67621093E-10       Infinity 0.14791409E-05 -.13097419E-05 -.13097249E-05
  300.00000                  9 -.27546925     -.55093850     -.55093850                  2  81.080997      2.1039579     0.22473484E-09 0.32348368E-10 0.28278025E-10       Infinity 0.73911969E-05 -.36185246E-05 -.36184984E-05
  300.00000                  9 -.27546925     -.55093850     -.55093850                  3  187.90355     0.68376901     0.13748028E-10 0.28933238E-11 0.23902803E-11       Infinity -.81851573E-05 -.35399481E-05 -.35399368E-05
  300.00000                  9 -.27546925     -.55093850     -.55093850                  4  242.39336     0.45497702     0.28294415E-10 0.25312035E-10 0.13360132E-10       Infinity -.14972594E-06 0.43764796E-05 0.43764742E-05
  300.00000                  9 -.27546925     -.55093850     -.55093850                  5  280.42736     0.35238226     0.70352236E-11 0.48408304E-11 0.28676465E-11       Infinity -.14781412E-05 0.88081799E-06 0.88081400E-06
  300.00000                  9 -.27546925     -.55093850     -.55093850                  6  283.61133     0.34519887     0.11198464E-10 0.50902160E-11 0.34995224E-11       Infinity -.13221497E-06 0.93143983E-07 0.93133649E-07
  300.00000                 10 -.13773463     -.41320388     -.68867313                  1  78.144871      2.1994166     0.29265140E-09 0.44498962E-10 0.38625744E-10       Infinity 0.38085226E-05 -.86601460E-06 -.43809432E-05
  300.00000                 10 -.13773463     -.41320388     -.68867313                  2  97.632950      1.6745371     0.15113091E-09 0.21327481E-10 0.18689967E-10       Infinity 0.18914462E-05 -.95551902E-06 -.26276369E-05
  300.00000                 10 -.13773463     -.41320388     -.68867313                  3  168.70309     0.80266200     0.30131011E-10 0.61214763E-11 0.50878239E-11       Infinity -.50576222E-05 -.44131218E-05 -.46935757E-05
  300.00000                 10 -.13773463     -.41320388     -.68867313                  4  242.61978     0.45425891     0.23084519E-10 0.17132727E-10 0.98341085E-11       Infinity 0.21697269E-07 0.56569570E-05 0.46362719E-05
  300.00000                 10 -.13773463     -.41320388     -.68867313                  5  276.52591     0.36144335     0.71566978E-11 0.55720967E-11 0.31328821E-11       Infinity -.45072161E-06 0.19290138E-06 0.14581353E-05
  300.00000                 10 -.13773463     -.41320388     -.68867313                  6  280.50544     0.35220386     0.12094265E-10 0.80481950E-11 0.48324288E-11       Infinity -.54002581E-06 -.71134714E-06 0.13218736E-05
  300.00000                 11  0.0000000     -.27546925     -.82640775                  1  86.033620      1.9578825     0.12370066E-09 0.17919213E-10 0.15651888E-10       Infinity 0.34403331E-18 -.45347127E-05 0.58632525E-06
  300.00000                 11  0.0000000     -.27546925     -.82640775                  2  89.701172      1.8602434     0.73801371E-10 0.20886308E-10 0.16279184E-10       Infinity -.29697034E-17 -.42333647E-05 -.18698724E-05
  300.00000                 11  0.0000000     -.27546925     -.82640775                  3  180.85834     0.72428645     0.18140408E-10 0.40594238E-11 0.33171244E-11       Infinity -.13092426E-17 0.33530074E-05 -.93714245E-05
  300.00000                 11  0.0000000     -.27546925     -.82640775                  4  246.49458     0.44219689     0.19098449E-10 0.12226426E-10 0.74543242E-11       Infinity -.96061928E-18 0.62746541E-05 0.47169841E-05
  300.00000                 11  0.0000000     -.27546925     -.82640775                  5  273.54307     0.36857057     0.10325482E-10 0.97551700E-11 0.50161137E-11       Infinity -.86563132E-18 -.13854944E-05 0.98851830E-06
  300.00000                 11  0.0000000     -.27546925     -.82640775                  6  274.13347     0.36714581     0.71677007E-11 0.94452651E-11 0.40751804E-11       Infinity  0.0000000     -.12820612E-06 0.13076972E-05
  300.00000                 12 0.27546925      0.0000000     -1.1018770                  1  88.346828      1.8953413     0.61977240E-10 0.17315065E-10 0.13533973E-10       Infinity 0.45405497E-05 0.11431336E-09 0.50834327E-10
  300.00000                 12 0.27546925      0.0000000     -1.1018770                  2  88.346828      1.8953413     0.61508995E-10 0.16766468E-10 0.13175120E-10       Infinity 0.45405553E-05 0.11421926E-09 0.51448808E-10
  300.00000                 12 0.27546925      0.0000000     -1.1018770                  3  219.05774     0.53783192     0.11351441E-10 0.91606035E-11 0.50695117E-11       Infinity -.59347100E-05 -.41741580E-11 0.14051869E-11
  300.00000                 12 0.27546925      0.0000000     -1.1018770                  4  219.05774     0.53783192     0.11455426E-10 0.91898591E-11 0.50991668E-11       Infinity -.59347079E-05 -.42344429E-11 0.13212408E-11
  300.00000                 12 0.27546925      0.0000000     -1.1018770                  5  271.54117     0.37345410     0.18014479E-10 0.62754695E-11 0.46541602E-11       Infinity 0.45628333E-06 -.33804339E-10 -.17660876E-10
  300.00000                 12 0.27546925      0.0000000     -1.1018770                  6  271.54117     0.37345410     0.18010019E-10 0.70142380E-11 0.50481642E-11       Infinity 0.45628961E-06 -.33766125E-10 -.17816753E-10
  300.00000                 13 0.41320388     0.13773463     -1.2396116                  1  88.673923      1.8867649     0.10005058E-09 0.18110834E-10 0.15334951E-10       Infinity 0.44805657E-05 -.42029835E-05 0.11083338E-05
  300.00000                 13 0.41320388     0.13773463     -1.2396116                  2  104.20833      1.5423779     0.48435152E-10 0.22960095E-10 0.15576326E-10       Infinity 0.94774351E-06 0.21530519E-05 0.18594993E-06
  300.00000                 13 0.41320388     0.13773463     -1.2396116                  3  191.70630     0.66321611     0.89538567E-11 0.20883487E-11 0.16933913E-11       Infinity -.19750418E-05 -.23809949E-06 0.60279955E-05
  300.00000                 13 0.41320388     0.13773463     -1.2396116                  4  220.45026     0.53234628     0.14730924E-10 0.81166522E-11 0.52331934E-11       Infinity -.48280817E-05 -.23758514E-07 -.57101170E-05
  300.00000                 13 0.41320388     0.13773463     -1.2396116                  5  271.31251     0.37401713     0.10116809E-10 0.50116832E-11 0.33514406E-11       Infinity 0.50560150E-06 -.31651946E-06 -.74644389E-06
  300.00000                 13 0.41320388     0.13773463     -1.2396116                  6  275.69496     0.36341115     0.29392471E-10 0.72581068E-11 0.58207457E-11       Infinity 0.43087735E-07 0.13939259E-05 -.58689528E-06
  300.00000                 14 0.55093850     0.27546925     -1.3773463                  1  79.566670      2.1523010     0.17009546E-09 0.33861892E-10 0.28239992E-10       Infinity -.17591933E-10 -.39098845E-05 0.39099129E-05
  300.00000                 14 0.55093850     0.27546925     -1.3773463                  2  97.795687      1.6710476     0.72428941E-10 0.20292189E-10 0.15851206E-10       Infinity -.41516771E-10 -.31733020E-05 0.31733440E-05
  300.00000                 14 0.55093850     0.27546925     -1.3773463                  3  189.13715     0.67700500     0.10121785E-10 0.19551971E-11 0.16386614E-11       Infinity 0.12380497E-10 0.18956728E-05 -.18956866E-05
  300.00000                 14 0.55093850     0.27546925     -1.3773463                  4  227.05651     0.50732177     0.43301839E-10 0.95443868E-11 0.78206058E-11       Infinity -.76297329E-11 0.26109096E-05 -.26108992E-05
  300.00000                 14 0.55093850     0.27546925     -1.3773463                  5  275.52794     0.36380831     0.11326751E-10 0.37381937E-11 0.28106037E-11       Infinity 0.63090985E-11 0.12184681E-05 -.12184736E-05
  300.00000                 14 0.55093850     0.27546925     -1.3773463                  6  280.21857     0.35285986     0.26059986E-10 0.69195899E-11 0.54677603E-11       Infinity 0.11106792E-10 0.99625874E-06 -.99627512E-06
  300.00000                 15  0.0000000     -.55093850     -.55093850                  1  70.389328      2.4903271     0.47897634E-09 0.79916480E-10 0.68489166E-10       Infinity 0.21024800E-17 -.20105459E-05 -.20105445E-05
  300.00000                 15  0.0000000     -.55093850     -.55093850                  2  106.91589      1.4927750     0.94247039E-10 0.33504583E-10 0.24717555E-10       Infinity -.55367695E-18 -.18210514E-05 -.18210585E-05
  300.00000                 15  0.0000000     -.55093850     -.55093850                  3  160.20796     0.86490756     0.23558895E-10 0.86744320E-11 0.63400229E-11       Infinity  0.0000000     -.61864897E-05 -.61864923E-05
  300.00000                 15  0.0000000     -.55093850     -.55093850                  4  240.58250     0.46077420     0.18092683E-10 0.17421035E-10 0.88752538E-11       Infinity 0.14763384E-17 0.53483289E-05 0.53483317E-05
  300.00000                 15  0.0000000     -.55093850     -.55093850                  5  276.19052     0.36223597     0.52893492E-11 0.51993100E-11 0.26219716E-11       Infinity -.85733373E-18 0.13341179E-05 0.13341175E-05
  300.00000                 15  0.0000000     -.55093850     -.55093850                  6  283.62324     0.34517236     0.12365662E-10 0.83870224E-11 0.49974781E-11       Infinity 0.16697324E-17 0.28592075E-06 0.28592264E-06
  300.00000                 16 0.41320388     -.13773463     -.96414238                  1  88.673923      1.8867649     0.47944084E-10 0.22334992E-10 0.15236836E-10       Infinity 0.44805657E-05 0.42029248E-05 -.11085063E-05
  300.00000                 16 0.41320388     -.13773463     -.96414238                  2  104.20833      1.5423779     0.51421911E-10 0.21255221E-10 0.15038900E-10       Infinity 0.94774351E-06 -.21531609E-05 -.18593950E-06
  300.00000                 16 0.41320388     -.13773463     -.96414238                  3  191.70630     0.66321611     0.50223170E-11 0.23847888E-11 0.16169832E-11       Infinity -.19750418E-05 0.23806043E-06 -.60279901E-05
  300.00000                 16 0.41320388     -.13773463     -.96414238                  4  220.45026     0.53234628     0.11102276E-10 0.84263367E-11 0.47904844E-11       Infinity -.48280817E-05 0.23797406E-07 0.57101309E-05
  300.00000                 16 0.41320388     -.13773463     -.96414238                  5  271.31251     0.37401713     0.18139820E-10 0.38647688E-11 0.31859814E-11       Infinity 0.50560150E-06 0.31653912E-06 0.74649211E-06
  300.00000                 16 0.41320388     -.13773463     -.96414238                  6  275.69496     0.36341115     0.13204174E-10 0.11919610E-10 0.62645262E-11       Infinity 0.43087735E-07 -.13938890E-05 0.58688448E-06
  300.00000                 17 0.55093850      0.0000000     -1.1018770                  1  102.94690      1.5663973     0.46531711E-10 0.20094377E-10 0.14033929E-10       Infinity -.55553667E-11 -.86253489E-18 -.51752093E-17
  300.00000                 17 0.55093850      0.0000000     -1.1018770                  2  102.94690      1.5663973     0.46194786E-10 0.19946044E-10 0.13930929E-10       Infinity -.46001860E-17  0.0000000     0.14375581E-17
  300.00000                 17 0.55093850      0.0000000     -1.1018770                  3  201.04052     0.61628738     0.50246847E-11 0.20619879E-11 0.14620175E-11       Infinity -.64779527E-17 -.58890479E-18 -.23556192E-17
  300.00000                 17 0.55093850      0.0000000     -1.1018770                  4  201.04052     0.61628738     0.50194531E-11 0.18105295E-11 0.13305843E-11       Infinity 0.31824415E-14 0.11778096E-17 -.11778096E-17
  300.00000                 17 0.55093850      0.0000000     -1.1018770                  5  272.36832     0.37142641     0.16383711E-10 0.56534563E-11 0.42031080E-11       Infinity 0.20974062E-11 0.26080946E-17 -.86936488E-18
  300.00000                 17 0.55093850      0.0000000     -1.1018770                  6  272.36832     0.37142641     0.16260723E-10 0.59376325E-11 0.43494301E-11       Infinity -.26080946E-17 0.34774595E-17  0.0000000    
  300.00000                 18 0.68867313     0.13773463     -1.2396116                  1  88.673924      1.8867649     0.49984555E-10 0.21608880E-10 0.15086722E-10       Infinity -.44806691E-05 -.11084476E-05 0.42028798E-05
  300.00000                 18 0.68867313     0.13773463     -1.2396116                  2  104.20833      1.5423778     0.68348148E-10 0.20549094E-10 0.15799056E-10       Infinity -.94772954E-06 -.18603581E-06 -.21531029E-05
  300.00000                 18 0.68867313     0.13773463     -1.2396116                  3  191.70630     0.66321611     0.80751131E-11 0.21402603E-11 0.16918465E-11       Infinity 0.19750339E-05 -.60279934E-05 0.23810368E-06
  300.00000                 18 0.68867313     0.13773463     -1.2396116                  4  220.45026     0.53234628     0.26253983E-10 0.60395643E-11 0.49100403E-11       Infinity 0.48281011E-05 0.57101142E-05 0.23766790E-07
  300.00000                 18 0.68867313     0.13773463     -1.2396116                  5  271.31251     0.37401713     0.10545814E-10 0.48112136E-11 0.33039052E-11       Infinity -.50557417E-06 0.74648169E-06 0.31654937E-06
  300.00000                 18 0.68867313     0.13773463     -1.2396116                  6  275.69496     0.36341115     0.27969100E-10 0.81648194E-11 0.63198971E-11       Infinity -.43096643E-07 0.58692792E-06 -.13939122E-05
  300.00000                 19 0.55093850     -.27546925     -.82640775                  1  79.566670      2.1523010     0.10190882E-09 0.35059550E-10 0.26085420E-10       Infinity -.17591936E-10 0.39100497E-05 -.39100119E-05
  300.00000                 19 0.55093850     -.27546925     -.82640775                  2  97.795687      1.6710476     0.41665602E-10 0.26495100E-10 0.16196052E-10       Infinity -.41516772E-10 0.31733231E-05 -.31732808E-05
  300.00000                 19 0.55093850     -.27546925     -.82640775                  3  189.13715     0.67700500     0.47810016E-11 0.23833979E-11 0.15905072E-11       Infinity 0.12380494E-10 -.18957064E-05 0.18957060E-05
  300.00000                 19 0.55093850     -.27546925     -.82640775                  4  227.05651     0.50732177     0.13227489E-10 0.16641074E-10 0.73696086E-11       Infinity -.76297329E-11 -.26108877E-05 0.26108910E-05
  300.00000                 19 0.55093850     -.27546925     -.82640775                  5  275.52794     0.36380831     0.86905238E-11 0.38911792E-11 0.26877431E-11       Infinity 0.63091037E-11 -.12185114E-05 0.12184967E-05
  300.00000                 19 0.55093850     -.27546925     -.82640775                  6  280.21857     0.35285986     0.10173351E-10 0.11610879E-10 0.54223420E-11       Infinity 0.11106792E-10 -.99626545E-06 0.99625203E-06
  300.00000                 20 0.68867313     -.13773463     -.96414238                  1  88.673924      1.8867649     0.69148811E-10 0.20504736E-10 0.15815081E-10       Infinity -.44806691E-05 0.11085080E-05 -.42028285E-05
  300.00000                 20 0.68867313     -.13773463     -.96414238                  2  104.20833      1.5423778     0.41602028E-10 0.24329405E-10 0.15351594E-10       Infinity -.94772954E-06 0.18594789E-06 0.21532095E-05
  300.00000                 20 0.68867313     -.13773463     -.96414238                  3  191.70630     0.66321611     0.54335136E-11 0.24584927E-11 0.16926309E-11       Infinity 0.19750339E-05 0.60279888E-05 -.23803698E-06
  300.00000                 20 0.68867313     -.13773463     -.96414238                  4  220.45026     0.53234628     0.99611320E-11 0.94101342E-11 0.48388984E-11       Infinity 0.48281011E-05 -.57101348E-05 -.23813328E-07
  300.00000                 20 0.68867313     -.13773463     -.96414238                  5  271.31251     0.37401713     0.97091018E-11 0.47677559E-11 0.31975604E-11       Infinity -.50557417E-06 -.74649189E-06 -.31657073E-06
  300.00000                 20 0.68867313     -.13773463     -.96414238                  6  275.69496     0.36341115     0.18795298E-10 0.95318582E-11 0.63244652E-11       Infinity -.43096643E-07 -.58688443E-06 0.13938673E-05
  300.00000                 21 0.82640775      0.0000000     -1.1018770                  1  88.346825      1.8953414     0.50883866E-10 0.18763084E-10 0.13708257E-10       Infinity -.45406536E-05 -.36073827E-10 -.61848890E-10
  300.00000                 21 0.82640775      0.0000000     -1.1018770                  2  88.346828      1.8953413     0.51089287E-10 0.18492986E-10 0.13578077E-10       Infinity -.45405447E-05 -.36444801E-10 -.61899807E-10
  300.00000                 21 0.82640775      0.0000000     -1.1018770                  3  219.05774     0.53783192     0.18458893E-10 0.64552336E-11 0.47826869E-11       Infinity 0.59347100E-05 -.62744847E-11 -.38545052E-12
  300.00000                 21 0.82640775      0.0000000     -1.1018770                  4  219.05774     0.53783191     0.18524236E-10 0.64319459E-11 0.47742433E-11       Infinity 0.59347197E-05 -.61127237E-11 -.30023869E-12
  300.00000                 21 0.82640775      0.0000000     -1.1018770                  5  271.54117     0.37345410     0.16018757E-10 0.68589145E-11 0.48025554E-11       Infinity -.45628986E-06 0.16736173E-10 0.20384887E-10
  300.00000                 21 0.82640775      0.0000000     -1.1018770                  6  271.54117     0.37345410     0.16048069E-10 0.72209432E-11 0.49801081E-11       Infinity -.45626233E-06 0.16851007E-10 0.20430320E-10
  300.00000                 22 0.68867313     -.41320388     -.68867313                  1  65.725399      2.6986766     0.11884153E-09 0.10603835E-09 0.56037738E-10       Infinity 0.50279415E-06 0.20340441E-05 -.50297374E-06
  300.00000                 22 0.68867313     -.41320388     -.68867313                  2  82.079070      2.0730830     0.58719536E-10 0.59556218E-10 0.29567459E-10       Infinity 0.39171110E-05 0.70226326E-05 -.39173637E-05
  300.00000                 22 0.68867313     -.41320388     -.68867313                  3  196.16307     0.64021154     0.36351941E-11 0.20434312E-11 0.13081104E-11       Infinity -.52179777E-05 -.70444389E-06 0.52179283E-05
  300.00000                 22 0.68867313     -.41320388     -.68867313                  4  238.83470     0.46646200     0.26102756E-10 0.29870262E-10 0.13929857E-10       Infinity 0.16189242E-05 -.40533197E-05 -.16188956E-05
  300.00000                 22 0.68867313     -.41320388     -.68867313                  5  280.11021     0.35310805     0.12563019E-10 0.39911368E-11 0.30288906E-11       Infinity -.94560983E-06 -.16109024E-05 0.94565195E-06
  300.00000                 22 0.68867313     -.41320388     -.68867313                  6  283.26430     0.34597281     0.12136079E-10 0.55495118E-11 0.38081461E-11       Infinity -.33385652E-06 -.48641461E-06 0.33393986E-06
  300.00000                 23 0.82640775     -.27546925     -.82640775                  1  73.003825      2.3852784     0.10633040E-09 0.54333201E-10 0.35958804E-10       Infinity 0.41642775E-06 0.20420092E-05 -.41656261E-06
  300.00000                 23 0.82640775     -.27546925     -.82640775                  2  105.19275      1.5240413     0.57585948E-10 0.32614085E-10 0.20821644E-10       Infinity -.72516299E-06 0.16114262E-05 0.72516158E-06
  300.00000                 23 0.82640775     -.27546925     -.82640775                  3  180.37350     0.72719868     0.55710693E-11 0.43670338E-11 0.24480575E-11       Infinity -.12058896E-05 0.55586933E-05 0.12059241E-05
  300.00000                 23 0.82640775     -.27546925     -.82640775                  4  239.13179     0.46548867     0.19250109E-10 0.22230879E-10 0.10316698E-10       Infinity 0.32874038E-05 -.52586159E-05 -.32874229E-05
  300.00000                 23 0.82640775     -.27546925     -.82640775                  5  272.33799     0.37150052     0.12779223E-10 0.36243898E-11 0.28235783E-11       Infinity -.73338035E-06 -.13571373E-05 0.73341657E-06
  300.00000                 23 0.82640775     -.27546925     -.82640775                  6  279.27540     0.35502754     0.18726822E-10 0.74336570E-11 0.53213388E-11       Infinity -.76147513E-06 -.91114706E-06 0.76146971E-06
  300.00000                 24 0.96414238     -.13773463     -.96414238                  1  76.625617      2.2517171     0.91141006E-10 0.34984232E-10 0.25280413E-10       Infinity -.66833159E-07 0.67970640E-06 0.66728801E-07
  300.00000                 24 0.96414238     -.13773463     -.96414238                  2  88.155120      1.9003979     0.36835214E-10 0.20273763E-10 0.13076550E-10       Infinity -.44853805E-05 -.53760383E-06 0.44853170E-05
  300.00000                 24 0.96414238     -.13773463     -.96414238                  3  207.33957     0.58717937     0.13723416E-10 0.36847579E-11 0.29048116E-11       Infinity 0.31720844E-05 0.93588720E-05 -.31721161E-05
  300.00000                 24 0.96414238     -.13773463     -.96414238                  4  242.58231     0.45437765     0.19930020E-10 0.16215167E-10 0.89408475E-11       Infinity 0.35687494E-05 -.65019073E-05 -.35687182E-05
  300.00000                 24 0.96414238     -.13773463     -.96414238                  5  269.25018     0.37914434     0.24775708E-10 0.47104793E-11 0.39579705E-11       Infinity -.93337118E-08 -.17236867E-06 0.93634235E-08
  300.00000                 24 0.96414238     -.13773463     -.96414238                  6  273.17295     0.36946731     0.20497994E-10 0.92559563E-11 0.63765831E-11       Infinity -.11806365E-05 -.47134897E-06 0.11806534E-05
  300.00000                 25 0.82640775     -.55093850     -.55093850                  1  66.066181      2.6824480     0.12613275E-09 0.16609529E-09 0.71690777E-10       Infinity 0.14791409E-05 0.13097092E-05 0.13096859E-05
  300.00000                 25 0.82640775     -.55093850     -.55093850                  2  81.080997      2.1039579     0.68584295E-10 0.41658402E-10 0.25916566E-10       Infinity 0.73911969E-05 0.36185283E-05 0.36185014E-05
  300.00000                 25 0.82640775     -.55093850     -.55093850                  3  187.90355     0.68376901     0.91497769E-11 0.29217463E-11 0.22145778E-11       Infinity -.81851573E-05 0.35399265E-05 0.35399141E-05
  300.00000                 25 0.82640775     -.55093850     -.55093850                  4  242.39336     0.45497702     0.22373256E-10 0.31200905E-10 0.13029898E-10       Infinity -.14972594E-06 -.43764702E-05 -.43764635E-05
  300.00000                 25 0.82640775     -.55093850     -.55093850                  5  280.42736     0.35238226     0.11762244E-10 0.40484227E-11 0.30117981E-11       Infinity -.14781412E-05 -.88081028E-06 -.88080480E-06
  300.00000                 25 0.82640775     -.55093850     -.55093850                  6  283.61133     0.34519887     0.18949003E-10 0.34799228E-11 0.29400012E-11       Infinity -.13221497E-06 -.93138849E-07 -.93128571E-07
  300.00000                 26 0.96414238     -.41320388     -.68867313                  1  78.144868      2.1994167     0.99673256E-10 0.56980608E-10 0.36254725E-10       Infinity 0.38084998E-05 0.43810699E-05 0.86608514E-06
  300.00000                 26 0.96414238     -.41320388     -.68867313                  2  97.632949      1.6745371     0.45969183E-10 0.32198364E-10 0.18935384E-10       Infinity 0.18914990E-05 0.26276662E-05 0.95565804E-06
  300.00000                 26 0.96414238     -.41320388     -.68867313                  3  168.70309     0.80266200     0.16418727E-10 0.77520649E-11 0.52658199E-11       Infinity -.50575832E-05 0.46936288E-05 0.44131575E-05
  300.00000                 26 0.96414238     -.41320388     -.68867313                  4  242.61978     0.45425891     0.19465267E-10 0.19691471E-10 0.97888577E-11       Infinity 0.21674472E-07 -.46362945E-05 -.56569827E-05
  300.00000                 26 0.96414238     -.41320388     -.68867313                  5  276.52591     0.36144335     0.15085514E-10 0.38705469E-11 0.30802386E-11       Infinity -.45071873E-06 -.14581862E-05 -.19291266E-06
  300.00000                 26 0.96414238     -.41320388     -.68867313                  6  280.50544     0.35220385     0.24119097E-10 0.58534713E-11 0.47103218E-11       Infinity -.54004438E-06 -.13218812E-05 0.71129104E-06
  300.00000                 27  1.1018770     -.27546925     -.82640775                  1  86.033619      1.9578825     0.51306099E-10 0.24187978E-10 0.16438254E-10       Infinity -.10320999E-17 -.58641493E-06 0.45345973E-05
  300.00000                 27  1.1018770     -.27546925     -.82640775                  2  89.701174      1.8602433     0.63091313E-10 0.22881681E-10 0.16791730E-10       Infinity -.65993409E-18 0.18697774E-05 0.42333031E-05
  300.00000                 27  1.1018770     -.27546925     -.82640775                  3  180.85834     0.72428645     0.86866499E-11 0.48432082E-11 0.31095119E-11       Infinity -.32731066E-18 0.93713706E-05 -.33530170E-05
  300.00000                 27  1.1018770     -.27546925     -.82640775                  4  246.49458     0.44219689     0.20372816E-10 0.10826174E-10 0.70694484E-11       Infinity -.96061928E-18 -.47169452E-05 -.62746391E-05
  300.00000                 27  1.1018770     -.27546925     -.82640775                  5  273.54307     0.36857056     0.22721566E-10 0.67039683E-11 0.51766149E-11       Infinity 0.86563132E-18 -.98849647E-06 0.13855273E-05
  300.00000                 27  1.1018770     -.27546925     -.82640775                  6  274.13347     0.36714581     0.26944060E-10 0.48846045E-11 0.41349858E-11       Infinity 0.86376702E-18 -.13076592E-05 0.12822246E-06
  300.00000                 28  1.1018770     -.55093850     -.55093850                  1  70.389328      2.4903271     0.15294924E-09 0.12402743E-09 0.68489166E-10       Infinity 0.16819840E-17 0.20105459E-05 0.20105445E-05
  300.00000                 28  1.1018770     -.55093850     -.55093850                  2  106.91589      1.4927750     0.87137114E-10 0.34505473E-10 0.24717555E-10       Infinity  0.0000000     0.18210514E-05 0.18210585E-05
  300.00000                 28  1.1018770     -.55093850     -.55093850                  3  160.20796     0.86490756     0.23016367E-10 0.87503768E-11 0.63400229E-11       Infinity -.73900024E-18 0.61864897E-05 0.61864923E-05
  300.00000                 28  1.1018770     -.55093850     -.55093850                  4  240.58250     0.46077420     0.19369232E-10 0.16381475E-10 0.88752538E-11       Infinity -.49211279E-18 -.53483289E-05 -.53483317E-05
  300.00000                 28  1.1018770     -.55093850     -.55093850                  5  276.19052     0.36223597     0.14081347E-10 0.32218939E-11 0.26219716E-11       Infinity 0.17146675E-17 -.13341179E-05 -.13341175E-05
  300.00000                 28  1.1018770     -.55093850     -.55093850                  6  283.62324     0.34517236     0.31624861E-10 0.59354143E-11 0.49974781E-11       Infinity 0.16697324E-17 -.28592075E-06 -.28592264E-06
  300.00000                 29  1.2396116     -.41320388     -.68867313                  1  78.144868      2.1994167     0.12446398E-09 0.51909107E-10 0.36631519E-10       Infinity -.38084998E-05 0.43809019E-05 0.86603029E-06
  300.00000                 29  1.2396116     -.41320388     -.68867313                  2  97.632949      1.6745371     0.61054802E-10 0.26237499E-10 0.18351278E-10       Infinity -.18914990E-05 0.26276033E-05 0.95554626E-06
  300.00000                 29  1.2396116     -.41320388     -.68867313                  3  168.70309     0.80266200     0.28482705E-10 0.61289305E-11 0.50436369E-11       Infinity 0.50575832E-05 0.46935380E-05 0.44131276E-05
  300.00000                 29  1.2396116     -.41320388     -.68867313                  4  242.61978     0.45425891     0.33151829E-10 0.13319401E-10 0.95018465E-11       Infinity -.21674472E-07 -.46362458E-05 -.56569610E-05
  300.00000                 29  1.2396116     -.41320388     -.68867313                  5  276.52591     0.36144335     0.25398281E-10 0.34820859E-11 0.30622532E-11       Infinity 0.45071873E-06 -.14581142E-05 -.19290161E-06
  300.00000                 29  1.2396116     -.41320388     -.68867313                  6  280.50544     0.35220385     0.31847735E-10 0.57399717E-11 0.48634278E-11       Infinity 0.54004438E-06 -.13218710E-05 0.71133348E-06
  300.00000                 30  1.3773463     -.55093850     -.55093850                  1  66.066181      2.6824480     0.20959308E-09 0.99828940E-10 0.67621093E-10       Infinity -.14791409E-05 0.13097419E-05 0.13097249E-05
  300.00000                 30  1.3773463     -.55093850     -.55093850                  2  81.080997      2.1039579     0.13784838E-09 0.35576045E-10 0.28278025E-10       Infinity -.73911969E-05 0.36185246E-05 0.36184984E-05
  300.00000                 30  1.3773463     -.55093850     -.55093850                  3  187.90355     0.68376901     0.12487504E-10 0.29561230E-11 0.23902803E-11       Infinity 0.81851573E-05 0.35399481E-05 0.35399368E-05
  300.00000                 30  1.3773463     -.55093850     -.55093850                  4  242.39336     0.45497702     0.68460227E-10 0.16599566E-10 0.13360132E-10       Infinity 0.14972594E-06 -.43764796E-05 -.43764742E-05
  300.00000                 30  1.3773463     -.55093850     -.55093850                  5  280.42736     0.35238226     0.41332959E-10 0.30814338E-11 0.28676465E-11       Infinity 0.14781412E-05 -.88081799E-06 -.88081400E-06
  300.00000                 30  1.3773463     -.55093850     -.55093850                  6  283.61133     0.34519887     0.20715926E-10 0.42108589E-11 0.34995224E-11       Infinity 0.13221497E-06 -.93143983E-07 -.93133649E-07
  300.00000                 31 -.41320388     -.41320388     -.41320388                  1  59.711264      3.0158141     0.10787094E-08 0.65155357E-10 0.61444061E-10       Infinity -.84028812E-06 -.84028812E-06 -.84023460E-06
  300.00000                 31 -.41320388     -.41320388     -.41320388                  2  59.711264      3.0158141     0.11187824E-08 0.66793623E-10 0.63030568E-10       Infinity -.86055611E-06 -.86055611E-06 -.86047170E-06
  300.00000                 31 -.41320388     -.41320388     -.41320388                  3  182.57474     0.71410870     0.23950047E-10 0.48016614E-11 0.39997629E-11       Infinity -.67392836E-05 -.67392836E-05 -.67392766E-05
  300.00000                 31 -.41320388     -.41320388     -.41320388                  4  256.19471     0.41377953     0.59170130E-10 0.17655904E-10 0.13598283E-10       Infinity 0.32086591E-05 0.32086591E-05 0.32086537E-05
  300.00000                 31 -.41320388     -.41320388     -.41320388                  5  284.03525     0.34425641     0.76208640E-11 0.49986777E-11 0.30186709E-11       Infinity -.85095403E-08 -.85095403E-08 -.85189374E-08
  300.00000                 31 -.41320388     -.41320388     -.41320388                  6  284.03525     0.34425641     0.75228273E-11 0.48968586E-11 0.29661154E-11       Infinity -.10267105E-07 -.10267105E-07 -.10286288E-07
  300.00000                 32 -.27546925     -.27546925     -.55093850                  1  61.916939      2.8922966     0.62146246E-09 0.54612578E-10 0.50201036E-10       Infinity 0.70658694E-07 0.70658694E-07 -.28677836E-05
  300.00000                 32 -.27546925     -.27546925     -.55093850                  2  80.201050      2.1318242     0.27185095E-09 0.54229559E-10 0.45210789E-10       Infinity 0.24559481E-05 0.24559481E-05 -.87156250E-05
  300.00000                 32 -.27546925     -.27546925     -.55093850                  3  160.83617     0.86006788     0.24223026E-10 0.90958798E-11 0.66127542E-11       Infinity -.76264749E-05 -.76264749E-05 -.49292336E-05
  300.00000                 32 -.27546925     -.27546925     -.55093850                  4  259.84453     0.40370114     0.27594132E-10 0.96342210E-11 0.71410080E-11       Infinity 0.28073334E-05 0.28073334E-05 0.44015528E-05
  300.00000                 32 -.27546925     -.27546925     -.55093850                  5  279.44726     0.35463131     0.62106569E-11 0.60069992E-11 0.30535653E-11       Infinity -.83931411E-06 -.83931411E-06 0.17196345E-05
  300.00000                 32 -.27546925     -.27546925     -.55093850                  6  283.69316     0.34501670     0.55220063E-11 0.67749850E-11 0.30423304E-11       Infinity -.19566316E-07 -.19566316E-07 0.89269085E-06
  300.00000                 33 -.13773463     -.13773463     -.68867313                  1  69.845973      2.5131555     0.25803678E-09 0.50064033E-10 0.41929010E-10       Infinity 0.35440914E-06 0.35440914E-06 -.26338351E-05
  300.00000                 33 -.13773463     -.13773463     -.68867313                  2  86.737085      1.9385051     0.12223374E-09 0.23823367E-10 0.19937539E-10       Infinity -.53060953E-05 -.53060953E-05 -.23295258E-05
  300.00000                 33 -.13773463     -.13773463     -.68867313                  3  162.48348     0.84756342     0.18606450E-10 0.10359840E-10 0.66546267E-11       Infinity 0.10131881E-05 0.10131881E-05 -.10834598E-04
  300.00000                 33 -.13773463     -.13773463     -.68867313                  4  263.61955     0.39360708     0.13266100E-10 0.77806078E-11 0.49042502E-11       Infinity 0.28112656E-05 0.28112656E-05 0.34788899E-05
  300.00000                 33 -.13773463     -.13773463     -.68867313                  5  272.20675     0.37182139     0.51299951E-11 0.83015188E-11 0.31706590E-11       Infinity -.56617265E-06 -.56617265E-06 0.14090106E-05
  300.00000                 33 -.13773463     -.13773463     -.68867313                  6  279.15522     0.35530495     0.56641813E-11 0.12702955E-10 0.39174229E-11       Infinity -.60645220E-06 -.60645220E-06 0.22037218E-05
  300.00000                 34  0.0000000      0.0000000     -.82640775                  1  74.674711      2.3220339     0.15292284E-09 0.36899620E-10 0.29726697E-10       Infinity 0.13669038E-12 0.13668801E-12 -.12012880E-05
  300.00000                 34  0.0000000      0.0000000     -.82640775                  2  74.674718      2.3220337     0.11491505E-09 0.37468474E-10 0.28255624E-10       Infinity 0.23807748E-09 0.23807748E-09 -.12012931E-05
  300.00000                 34  0.0000000      0.0000000     -.82640775                  3  192.55490     0.65874794     0.96426876E-11 0.52957955E-11 0.34183994E-11       Infinity -.11313368E-15 -.11067426E-15 -.11129109E-04
  300.00000                 34  0.0000000      0.0000000     -.82640775                  4  266.02829     0.38733517     0.21626833E-10 0.13025874E-10 0.81294775E-11       Infinity -.11163430E-13 -.11166990E-13 0.57000143E-05
  300.00000                 34  0.0000000      0.0000000     -.82640775                  5  269.39407     0.37878372     0.91090899E-11 0.58760724E-11 0.35719114E-11       Infinity -.15732121E-12 -.15732297E-12 0.26166999E-06
  300.00000                 34  0.0000000      0.0000000     -.82640775                  6  269.39407     0.37878371     0.87990061E-11 0.91427760E-11 0.44837988E-11       Infinity -.65863372E-10 -.65863373E-10 0.26166854E-06
  300.00000                 35 0.27546925     0.27546925     -1.1018770                  1  77.895984      2.2078433     0.14078935E-09 0.32901339E-10 0.26669007E-10       Infinity -.13623548E-07 -.13623548E-07 -.75994755E-18
  300.00000                 35 0.27546925     0.27546925     -1.1018770                  2  104.53120      1.5363250     0.34970526E-10 0.25840662E-10 0.14860120E-10       Infinity 0.28436499E-05 0.28436499E-05 -.39641564E-17
  300.00000                 35 0.27546925     0.27546925     -1.1018770                  3  207.54101     0.58627996     0.75082790E-11 0.36732364E-11 0.24665426E-11       Infinity -.46623453E-05 -.46623453E-05 -.11409189E-17
  300.00000                 35 0.27546925     0.27546925     -1.1018770                  4  214.49670     0.55634359     0.81810859E-11 0.61829517E-11 0.35215209E-11       Infinity -.13338171E-05 -.13338171E-05 0.55196058E-18
  300.00000                 35 0.27546925     0.27546925     -1.1018770                  5  269.07978     0.37957197     0.10684316E-10 0.60262274E-11 0.38530236E-11       Infinity 0.20158590E-06 0.20158590E-06 -.87998975E-18
  300.00000                 35 0.27546925     0.27546925     -1.1018770                  6  277.14415     0.35998803     0.30922271E-10 0.97920407E-11 0.74369951E-11       Infinity 0.92708454E-06 0.92708454E-06 -.17087674E-17
  300.00000                 36 0.41320388     0.41320388     -1.2396116                  1  74.688788      2.3215133     0.19928031E-09 0.52416596E-10 0.41500691E-10       Infinity -.79094430E-06 -.79094430E-06 0.14708446E-05
  300.00000                 36 0.41320388     0.41320388     -1.2396116                  2  106.78590      1.4950976     0.66436723E-10 0.32121377E-10 0.21652599E-10       Infinity -.13051741E-05 -.13051741E-05 0.31330749E-05
  300.00000                 36 0.41320388     0.41320388     -1.2396116                  3  187.11787     0.68812666     0.55913883E-11 0.24698398E-11 0.17131178E-11       Infinity -.26014368E-05 -.26014368E-05 -.15062115E-05
  300.00000                 36 0.41320388     0.41320388     -1.2396116                  4  223.23903     0.52158473     0.22663338E-10 0.90305363E-11 0.64574655E-11       Infinity 0.22709397E-05 0.22709397E-05 -.26970680E-05
  300.00000                 36 0.41320388     0.41320388     -1.2396116                  5  272.74150     0.37051617     0.14361977E-10 0.44176095E-11 0.33784347E-11       Infinity 0.89294545E-06 0.89294545E-06 -.12280261E-05
  300.00000                 36 0.41320388     0.41320388     -1.2396116                  6  281.33337     0.35031919     0.22842740E-10 0.81825998E-11 0.60245271E-11       Infinity 0.73902745E-06 0.73902745E-06 -.25984714E-06
  300.00000                 37 -.13773463     -.41320388     -.41320388                  1  58.619207      3.0804339     0.66180675E-09 0.12228454E-09 0.10321340E-09       Infinity -.13577797E-08 -.29416066E-05 -.29413692E-05
  300.00000                 37 -.13773463     -.41320388     -.41320388                  2  79.644147      2.1497825     0.14536500E-09 0.43686733E-10 0.33591451E-10       Infinity 0.78457879E-05 -.53515000E-05 -.53514735E-05
  300.00000                 37 -.13773463     -.41320388     -.41320388                  3  144.09843      1.0041389     0.21686948E-10 0.14669006E-10 0.87503128E-11       Infinity -.91861444E-05 -.69150695E-05 -.69149987E-05
  300.00000                 37 -.13773463     -.41320388     -.41320388                  4  263.55716     0.39377126     0.96242748E-11 0.77656908E-11 0.42978315E-11       Infinity 0.37372251E-06 0.47120044E-05 0.47119578E-05
  300.00000                 37 -.13773463     -.41320388     -.41320388                  5  282.93927     0.34669966     0.43486448E-11 0.66973413E-11 0.26366463E-11       Infinity -.33306009E-06 0.12593040E-05 0.12592547E-05
  300.00000                 37 -.13773463     -.41320388     -.41320388                  6  283.81713     0.34474093     0.56408244E-11 0.70814510E-11 0.31397859E-11       Infinity 0.14710657E-06 0.10284420E-06 0.10284418E-06
  300.00000                 38  0.0000000     -.27546925     -.55093850                  1  69.284949      2.5371054     0.29753994E-09 0.92243133E-10 0.70413567E-10       Infinity 0.11379816E-09 -.74220272E-06 -.67833173E-05
  300.00000                 38  0.0000000     -.27546925     -.55093850                  2  85.002851      1.9868631     0.85640687E-10 0.30987670E-10 0.22754375E-10       Infinity -.15942170E-09 -.72341427E-05 -.24306518E-05
  300.00000                 38  0.0000000     -.27546925     -.55093850                  3  138.71171      1.0582275     0.23095620E-10 0.26070909E-10 0.12246620E-10       Infinity 0.28133548E-10 -.22246094E-05 -.98037493E-05
  300.00000                 38  0.0000000     -.27546925     -.55093850                  4  264.38751     0.39159341     0.57562314E-11 0.82651250E-11 0.33931077E-11       Infinity -.29938210E-10 0.46533979E-05 0.41239707E-05
  300.00000                 38  0.0000000     -.27546925     -.55093850                  5  279.87512     0.35364726     0.54305125E-11 0.97247539E-11 0.34846235E-11       Infinity 0.47414636E-10 -.16116342E-05 0.17011808E-05
  300.00000                 38  0.0000000     -.27546925     -.55093850                  6  282.03010     0.34874302     0.42312409E-11 0.10146387E-10 0.29860146E-11       Infinity -.12731062E-10 0.11822725E-05 0.19012895E-05
  300.00000                 39 0.55093850     0.27546925     -1.1018770                  1  89.650169      1.8615456     0.82413879E-10 0.23603393E-10 0.18348399E-10       Infinity 0.38164280E-05 -.51243773E-05 0.50427208E-10
  300.00000                 39 0.55093850     0.27546925     -1.1018770                  2  105.22413      1.5234626     0.36909516E-10 0.33490585E-10 0.17558516E-10       Infinity -.29177785E-05 0.11140744E-05 -.33357838E-10
  300.00000                 39 0.55093850     0.27546925     -1.1018770                  3  183.84869     0.70668505     0.54907754E-11 0.34886748E-11 0.21332631E-11       Infinity -.47955955E-05 -.43008885E-05 0.16353762E-10
  300.00000                 39 0.55093850     0.27546925     -1.1018770                  4  219.98797     0.53415898     0.11580779E-10 0.91820779E-11 0.51214347E-11       Infinity 0.44721494E-05 0.43560367E-05 -.11882477E-10
  300.00000                 39 0.55093850     0.27546925     -1.1018770                  5  271.92564     0.37250986     0.11922369E-10 0.51495504E-11 0.35962471E-11       Infinity 0.84533713E-06 0.47141222E-06 -.18162026E-10
  300.00000                 39 0.55093850     0.27546925     -1.1018770                  6  278.09028     0.35777516     0.20920869E-10 0.95452420E-11 0.65546521E-11       Infinity -.49966867E-06 0.17511808E-05 0.12712947E-10
  300.00000                 40 0.55093850      0.0000000     -.82640775                  1  89.650171      1.8615456     0.60973076E-10 0.24588450E-10 0.17522285E-10       Infinity -.38163676E-05 0.60612199E-10 -.51243415E-05
  300.00000                 40 0.55093850      0.0000000     -.82640775                  2  105.22413      1.5234626     0.28792149E-10 0.37734888E-10 0.16331233E-10       Infinity 0.29177005E-05 -.12959192E-09 0.11140791E-05
  300.00000                 40 0.55093850      0.0000000     -.82640775                  3  183.84869     0.70668505     0.35752602E-11 0.39902669E-11 0.18856905E-11       Infinity 0.47955133E-05 -.26419633E-10 -.43009381E-05
  300.00000                 40 0.55093850      0.0000000     -.82640775                  4  219.98797     0.53415897     0.77393528E-11 0.12220809E-10 0.47384963E-11       Infinity -.44720793E-05 0.22820555E-10 0.43560736E-05
  300.00000                 40 0.55093850      0.0000000     -.82640775                  5  271.92564     0.37250987     0.69847855E-11 0.62908811E-11 0.33098492E-11       Infinity -.84535672E-06 -.14635831E-10 0.47140298E-06
  300.00000                 40 0.55093850      0.0000000     -.82640775                  6  278.09028     0.35777516     0.16167492E-10 0.11945463E-10 0.68697218E-11       Infinity 0.49969683E-06 0.43220247E-10 0.17511801E-05
  300.00000                 41 0.68867313     -.13773463     -.68867313                  1  74.688787      2.3215133     0.11864413E-09 0.64596616E-10 0.41824810E-10       Infinity 0.79073392E-06 0.14708504E-05 -.79088280E-06
  300.00000                 41 0.68867313     -.13773463     -.68867313                  2  106.78590      1.4950976     0.33430179E-10 0.43247562E-10 0.18855195E-10       Infinity 0.13051433E-05 0.31330098E-05 -.13050926E-05
  300.00000                 41 0.68867313     -.13773463     -.68867313                  3  187.11786     0.68812666     0.31559343E-11 0.35579046E-11 0.16724430E-11       Infinity 0.26014757E-05 -.15062491E-05 -.26014367E-05
  300.00000                 41 0.68867313     -.13773463     -.68867313                  4  223.23903     0.52158473     0.87722670E-11 0.18639898E-10 0.59650218E-11       Infinity -.22709766E-05 -.26970405E-05 0.22709409E-05
  300.00000                 41 0.68867313     -.13773463     -.68867313                  5  272.74150     0.37051617     0.97862765E-11 0.40113431E-11 0.28451366E-11       Infinity -.89288875E-06 -.12280286E-05 0.89292954E-06
  300.00000                 41 0.68867313     -.13773463     -.68867313                  6  281.33337     0.35031919     0.17906409E-10 0.90218841E-11 0.59992494E-11       Infinity -.73901137E-06 -.25981836E-06 0.73899454E-06
  300.00000                 42 0.82640775      0.0000000     -.82640775                  1  77.895973      2.2078436     0.91934146E-10 0.37071001E-10 0.26418255E-10       Infinity 0.13662852E-07 0.13299084E-17 -.13637507E-07
  300.00000                 42 0.82640775      0.0000000     -.82640775                  2  104.53120      1.5363251     0.31319198E-10 0.25672073E-10 0.14107928E-10       Infinity -.28435840E-05 -.84946214E-18 0.28435718E-05
  300.00000                 42 0.82640775      0.0000000     -.82640775                  3  207.54101     0.58627995     0.68704806E-11 0.41727611E-11 0.25960560E-11       Infinity 0.46623017E-05 -.11409188E-17 -.46622974E-05
  300.00000                 42 0.82640775      0.0000000     -.82640775                  4  214.49670     0.55634360     0.62770015E-11 0.53728674E-11 0.28949250E-11       Infinity 0.13338489E-05 0.55196058E-18 -.13338520E-05
  300.00000                 42 0.82640775      0.0000000     -.82640775                  5  269.07978     0.37957196     0.14044441E-10 0.47370419E-11 0.35422712E-11       Infinity -.20159726E-06 -.17599795E-17 0.20158987E-06
  300.00000                 42 0.82640775      0.0000000     -.82640775                  6  277.14415     0.35998803     0.23485318E-10 0.11180866E-10 0.75747074E-11       Infinity -.92710145E-06 0.85438371E-18 0.92710530E-06
  300.00000                 43 0.96414238     -.41320388     -.41320388                  1  74.688787      2.3215133     0.10467485E-09 0.72908730E-10 0.42975316E-10       Infinity 0.14708766E-05 0.79076402E-06 0.79088280E-06
  300.00000                 43 0.96414238     -.41320388     -.41320388                  2  106.78590      1.4950976     0.39425717E-10 0.38835040E-10 0.19564075E-10       Infinity 0.31330480E-05 0.13051340E-05 0.13050926E-05
  300.00000                 43 0.96414238     -.41320388     -.41320388                  3  187.11786     0.68812666     0.37694824E-11 0.30669381E-11 0.16910559E-11       Infinity -.15062113E-05 0.26014402E-05 0.26014367E-05
  300.00000                 43 0.96414238     -.41320388     -.41320388                  4  223.23903     0.52158473     0.12145267E-10 0.12993752E-10 0.62775954E-11       Infinity -.26970746E-05 -.22709429E-05 -.22709409E-05
  300.00000                 43 0.96414238     -.41320388     -.41320388                  5  272.74150     0.37051617     0.14606360E-10 0.41289290E-11 0.32189855E-11       Infinity -.12280358E-05 -.89289701E-06 -.89292954E-06
  300.00000                 43 0.96414238     -.41320388     -.41320388                  6  281.33337     0.35031919     0.31542162E-10 0.74977463E-11 0.60577788E-11       Infinity -.25983095E-06 -.73901094E-06 -.73899454E-06
  300.00000                 44 -.27546925     -.27546925     -.27546925                  1  48.973234      3.7772005     0.47007497E-09 0.12126680E-09 0.96398549E-10       Infinity -.25236474E-05 -.25236474E-05 -.25237416E-05
  300.00000                 44 -.27546925     -.27546925     -.27546925                  2  48.973238      3.7772002     0.47343630E-09 0.12457541E-09 0.98624361E-10       Infinity -.24964981E-05 -.24964981E-05 -.24962331E-05
  300.00000                 44 -.27546925     -.27546925     -.27546925                  3  129.37156      1.1630956     0.24097960E-10 0.31626141E-10 0.13676766E-10       Infinity -.91601251E-05 -.91601251E-05 -.91600878E-05
  300.00000                 44 -.27546925     -.27546925     -.27546925                  4  276.15825     0.36231234     0.11407354E-10 0.66496688E-11 0.42008656E-11       Infinity 0.27320194E-05 0.27320194E-05 0.27320006E-05
  300.00000                 44 -.27546925     -.27546925     -.27546925                  5  286.15183     0.33959883     0.34663775E-11 0.67152824E-11 0.22862386E-11       Infinity 0.71749692E-06 0.71749692E-06 0.71745162E-06
  300.00000                 44 -.27546925     -.27546925     -.27546925                  6  286.15183     0.33959883     0.36572322E-11 0.67668917E-11 0.23741174E-11       Infinity 0.71697043E-06 0.71697043E-06 0.71698776E-06
  300.00000                 45 -.13773463     -.13773463     -.41320388                  1  51.989724      3.5313702     0.20178166E-09 0.71690641E-10 0.52896972E-10       Infinity -.56743757E-06 -.56743757E-06 -.54098445E-05
  300.00000                 45 -.13773463     -.13773463     -.41320388                  2  61.833031      2.8968330     0.33078557E-09 0.12735400E-09 0.91952036E-10       Infinity -.20551405E-05 -.20551405E-05 -.86130494E-05
  300.00000                 45 -.13773463     -.13773463     -.41320388                  3  114.14993      1.3720336     0.47450335E-10 0.82347306E-10 0.30103839E-10       Infinity -.49754790E-05 -.49754790E-05 -.11187544E-04
  300.00000                 45 -.13773463     -.13773463     -.41320388                  4  278.66049     0.35644984     0.52112328E-11 0.81945120E-11 0.31854634E-11       Infinity 0.15049276E-05 0.15049276E-05 0.34627614E-05
  300.00000                 45 -.13773463     -.13773463     -.41320388                  5  281.98001     0.34885606     0.37090895E-11 0.11326703E-10 0.27941164E-11       Infinity -.18603500E-06 -.18603500E-06 0.27748487E-05
  300.00000                 45 -.13773463     -.13773463     -.41320388                  6  288.10214     0.33537683     0.31136351E-11 0.10102744E-10 0.23800966E-11       Infinity 0.80392644E-06 0.80392644E-06 0.15436840E-05
  300.00000                 46  0.0000000      0.0000000     -.55093850                  1  62.911442      2.8394575     0.15555329E-09 0.82013494E-10 0.53700558E-10       Infinity 0.37638217E-17 -.19995303E-17 -.45643905E-05
  300.00000                 46  0.0000000      0.0000000     -.55093850                  2  62.911442      2.8394575     0.14888568E-09 0.79654838E-10 0.51892175E-10       Infinity -.28228663E-17 0.15290526E-17 -.45644904E-05
  300.00000                 46  0.0000000      0.0000000     -.55093850                  3  137.60818      1.0698505     0.20815006E-10 0.36673352E-10 0.13278446E-10       Infinity -.12905525E-17 -.86036833E-18 -.13883440E-04
  300.00000                 46  0.0000000      0.0000000     -.55093850                  4  275.09147     0.36484880     0.46066652E-11 0.52176917E-11 0.24465885E-11       Infinity 0.25822769E-17 -.86075896E-18 0.25090443E-05
  300.00000                 46  0.0000000      0.0000000     -.55093850                  5  275.09147     0.36484880     0.45429571E-11 0.52732064E-11 0.24404596E-11       Infinity 0.86075896E-18 0.25822769E-17 0.25090215E-05
  300.00000                 46  0.0000000      0.0000000     -.55093850                  6  285.18122     0.34172478     0.80661303E-11 0.10417919E-10 0.45462058E-11       Infinity  0.0000000      0.0000000     0.30690384E-05
  300.00000                 47  0.0000000     -.27546925     -.27546925                  1  41.733193      4.5129473     0.55631034E-09 0.55049243E-09 0.27669305E-09       Infinity -.11170372E-16 -.43104323E-05 -.43103230E-05
  300.00000                 47  0.0000000     -.27546925     -.27546925                  2  60.874484      2.9495505     0.19975300E-09 0.99896869E-10 0.66593386E-10       Infinity 0.74148648E-17 -.78421853E-05 -.78421764E-05
  300.00000                 47  0.0000000     -.27546925     -.27546925                  3  96.237915      1.7049434     0.46119055E-10 0.74692707E-10 0.28513424E-10       Infinity -.21528835E-17 -.90042689E-05 -.90042163E-05
  300.00000                 47  0.0000000     -.27546925     -.27546925                  4  282.42990     0.34784262     0.41498303E-11 0.12462969E-10 0.31132144E-11       Infinity -.83839370E-18 0.33386857E-05 0.33386676E-05
  300.00000                 47  0.0000000     -.27546925     -.27546925                  5  286.29746     0.33928127     0.27612405E-11 0.19539924E-10 0.24193548E-11       Infinity -.82706794E-18 0.10524860E-05 0.10524843E-05
  300.00000                 47  0.0000000     -.27546925     -.27546925                  6  288.95543     0.33355034     0.22234574E-11 0.25276590E-10 0.20436845E-11       Infinity -.16389202E-17 0.13626238E-05 0.13626081E-05
  300.00000                 48 -.13773463     -.13773463     -.13773463                  1  27.337441      7.1382162     0.67283044E-09 0.94806361E-09 0.39353964E-09       Infinity -.39127195E-05 -.39127195E-05 -.39130379E-05
  300.00000                 48 -.13773463     -.13773463     -.13773463                  2  27.337451      7.1382132     0.65840637E-09 0.96887161E-09 0.39201123E-09       Infinity -.38916176E-05 -.38916176E-05 -.38922355E-05
  300.00000                 48 -.13773463     -.13773463     -.13773463                  3  65.707293      2.6995436     0.18805204E-09 0.22621467E-09 0.10268778E-09       Infinity -.99682819E-05 -.99682819E-05 -.99685252E-05
  300.00000                 48 -.13773463     -.13773463     -.13773463                  4  290.60979     0.33004436     0.23337464E-11 0.10000000E-09 0.23337464E-11       Infinity 0.15636705E-05 0.15636705E-05 0.15637248E-05
  300.00000                 48 -.13773463     -.13773463     -.13773463                  5  292.30721     0.32649482     0.18818717E-11 0.10000000E-09 0.18818717E-11       Infinity 0.94757021E-06 0.94757021E-06 0.94762809E-06
  300.00000                 48 -.13773463     -.13773463     -.13773463                  6  292.30721     0.32649482     0.17261951E-11 0.10000000E-09 0.17261951E-11       Infinity 0.94448445E-06 0.94448445E-06 0.94451482E-06
  300.00000                 49  0.0000000      0.0000000     -.27546925                  1  35.082137      5.4575146     0.18315021E-09 0.31047973E-09 0.11519647E-09       Infinity -.23726291E-09 -.23726291E-09 -.76491161E-05
  300.00000                 49  0.0000000      0.0000000     -.27546925                  2  35.082143      5.4575134     0.18103774E-09 0.35993873E-09 0.12045347E-09       Infinity -.23615146E-09 -.23615142E-09 -.76491314E-05
  300.00000                 49  0.0000000      0.0000000     -.27546925                  3  71.888982      2.4291284     0.26802389E-09 0.13418597E-08 0.22340153E-09       Infinity -.21037046E-14 -.21020577E-14 -.15913096E-04
  300.00000                 49  0.0000000      0.0000000     -.27546925                  4  288.58711     0.33433720     0.32141214E-11 0.70844793E-11 0.22110165E-11       Infinity 0.28398068E-10 0.28398070E-10 0.29716224E-05
  300.00000                 49  0.0000000      0.0000000     -.27546925                  5  288.58711     0.33433720     0.24062152E-11 0.34422628E-10 0.22490049E-11       Infinity 0.29153091E-10 0.29153085E-10 0.29716203E-05
  300.00000                 49  0.0000000      0.0000000     -.27546925                  6  293.82849     0.32335396     0.27507933E-11 0.15973895E-10 0.23466817E-11       Infinity 0.62857830E-16 0.62857830E-16 0.10431979E-05
  300.00000                 50  0.0000000      0.0000000      0.0000000                  1 0.30257443      688.62210      26211.059     0.10000000E-09  26211.059           Infinity  0.0000000      0.0000000      0.0000000    
  300.00000                 50  0.0000000      0.0000000      0.0000000                  2 0.30475491      683.69152      60056.827     0.10000000E-09  60056.827           Infinity  0.0000000      0.0000000      0.0000000    
  300.00000                 50  0.0000000      0.0000000      0.0000000                  3 0.30475491      683.69152      25986.304     0.10000000E-09  25986.304           Infinity  0.0000000      0.0000000      0.0000000    
  300.00000                 50  0.0000000      0.0000000      0.0000000                  4  295.85365     0.31923086     0.43419121E-11 0.47214886E-11 0.22618760E-11       Infinity  0.0000000      0.0000000      0.0000000    
  300.00000                 50  0.0000000      0.0000000      0.0000000                  5  295.85365     0.31923086     0.38053757E-11 0.43449481E-11 0.20286507E-11       Infinity  0.0000000      0.0000000      0.0000000    
  300.00000                 50  0.0000000      0.0000000      0.0000000                  6  295.85365     0.31923086     0.43456768E-11 0.43905536E-11 0.21840000E-11 0.24039224E+17  0.0000000      0.0000000      0.0000000    
