  Crystal data: translation vectors of the primitive cell 
         0.0000000000         2.8814310000         2.8814310000
         2.8814310000         0.0000000000         2.8814310000
         2.8814310000         2.8814310000         0.0000000000
  Crystal data: atoms in primitive cell: label,type,x,y,z,mass 
           2
      1 Ge      1         0.0000000000         0.0000000000         0.0000000000        72.6400000000
      2 Ge      1         1.4407155000         1.4407155000         1.4407155000        72.6400000000
  Crystal data written ************************************
  Included ranks of FCs 
           1           1           1           1
  Number of FCs for each rank 
           0        1500        1146        7980
  Number of independent FCs for each rank 
           0          17           5          14
  Neighborshell atoms: i,x,y,z,type_tau,n1,n2,n3 
         106
      1         0.0000000000         0.0000000000         0.0000000000      1      0      0      0    0.00000
      2         1.4407155000         1.4407155000         1.4407155000      2      0      0      0    2.49539
      3        -4.3221465000        -4.3221465000        -4.3221465000      2     -1     -1     -1    7.48618
      4        -2.8814310000        -2.8814310000        -5.7628620000      1     -1     -1      0    7.05804
      5        -1.4407155000        -1.4407155000        -4.3221465000      2     -1     -1      0    4.77831
      6         0.0000000000         0.0000000000        -5.7628620000      1     -1     -1      1    5.76286
      7         1.4407155000         1.4407155000        -4.3221465000      2     -1     -1      1    4.77831
      8        -2.8814310000        -5.7628620000        -2.8814310000      1     -1      0     -1    7.05804
      9        -1.4407155000        -4.3221465000        -1.4407155000      2     -1      0     -1    4.77831
     10         0.0000000000        -2.8814310000        -2.8814310000      1     -1      0      0    4.07496
     11         1.4407155000        -1.4407155000        -1.4407155000      2     -1      0      0    2.49539
     12         2.8814310000         0.0000000000        -2.8814310000      1     -1      0      1    4.07496
     13         4.3221465000         1.4407155000        -1.4407155000      2     -1      0      1    4.77831
     14         0.0000000000        -5.7628620000         0.0000000000      1     -1      1     -1    5.76286
     15         1.4407155000        -4.3221465000         1.4407155000      2     -1      1     -1    4.77831
     16         2.8814310000        -2.8814310000         0.0000000000      1     -1      1      0    4.07496
     17         4.3221465000        -1.4407155000         1.4407155000      2     -1      1      0    4.77831
     18         5.7628620000         0.0000000000         0.0000000000      1     -1      1      1    5.76286
     19         7.2035775000         1.4407155000         1.4407155000      2     -1      1      1    7.48618
     20        -5.7628620000        -2.8814310000        -2.8814310000      1      0     -1     -1    7.05804
     21        -4.3221465000        -1.4407155000        -1.4407155000      2      0     -1     -1    4.77831
     22        -2.8814310000         0.0000000000        -2.8814310000      1      0     -1      0    4.07496
     23        -1.4407155000         1.4407155000        -1.4407155000      2      0     -1      0    2.49539
     24         0.0000000000         2.8814310000        -2.8814310000      1      0     -1      1    4.07496
     25         1.4407155000         4.3221465000        -1.4407155000      2      0     -1      1    4.77831
     26        -2.8814310000        -2.8814310000         0.0000000000      1      0      0     -1    4.07496
     27        -1.4407155000        -1.4407155000         1.4407155000      2      0      0     -1    2.49539
     28         2.8814310000         2.8814310000         0.0000000000      1      0      0      1    4.07496
     29         4.3221465000         4.3221465000         1.4407155000      2      0      0      1    6.27993
     30         0.0000000000        -2.8814310000         2.8814310000      1      0      1     -1    4.07496
     31         1.4407155000        -1.4407155000         4.3221465000      2      0      1     -1    4.77831
     32         2.8814310000         0.0000000000         2.8814310000      1      0      1      0    4.07496
     33         4.3221465000         1.4407155000         4.3221465000      2      0      1      0    6.27993
     34         5.7628620000         2.8814310000         2.8814310000      1      0      1      1    7.05804
     35        -5.7628620000         0.0000000000         0.0000000000      1      1     -1     -1    5.76286
     36        -4.3221465000         1.4407155000         1.4407155000      2      1     -1     -1    4.77831
     37        -2.8814310000         2.8814310000         0.0000000000      1      1     -1      0    4.07496
     38        -1.4407155000         4.3221465000         1.4407155000      2      1     -1      0    4.77831
     39         0.0000000000         5.7628620000         0.0000000000      1      1     -1      1    5.76286
     40         1.4407155000         7.2035775000         1.4407155000      2      1     -1      1    7.48618
     41        -2.8814310000         0.0000000000         2.8814310000      1      1      0     -1    4.07496
     42        -1.4407155000         1.4407155000         4.3221465000      2      1      0     -1    4.77831
     43         0.0000000000         2.8814310000         2.8814310000      1      1      0      0    4.07496
     44         1.4407155000         4.3221465000         4.3221465000      2      1      0      0    6.27993
     45         2.8814310000         5.7628620000         2.8814310000      1      1      0      1    7.05804
     46         0.0000000000         0.0000000000         5.7628620000      1      1      1     -1    5.76286
     47         1.4407155000         1.4407155000         7.2035775000      2      1      1     -1    7.48618
     48         2.8814310000         2.8814310000         5.7628620000      1      1      1      0    7.05804
     49         1.4407155000        -1.4407155000        -7.2035775000      2     -2     -1      1    7.48618
     50         1.4407155000        -4.3221465000        -4.3221465000      2     -2      0      0    6.27993
     51         2.8814310000        -2.8814310000        -5.7628620000      1     -2      0      1    7.05804
     52         4.3221465000        -1.4407155000        -4.3221465000      2     -2      0      1    6.27993
     53         1.4407155000        -7.2035775000        -1.4407155000      2     -2      1     -1    7.48618
     54         2.8814310000        -5.7628620000        -2.8814310000      1     -2      1      0    7.05804
     55         4.3221465000        -4.3221465000        -1.4407155000      2     -2      1      0    6.27993
     56         5.7628620000        -2.8814310000        -2.8814310000      1     -2      1      1    7.05804
     57         7.2035775000        -1.4407155000        -1.4407155000      2     -2      1      1    7.48618
     58        -1.4407155000         1.4407155000        -7.2035775000      2     -1     -2      1    7.48618
     59         2.8814310000         2.8814310000        -5.7628620000      1     -1     -1      2    7.05804
     60         4.3221465000         4.3221465000        -4.3221465000      2     -1     -1      2    7.48618
     61         5.7628620000         2.8814310000        -2.8814310000      1     -1      0      2    7.05804
     62        -1.4407155000        -7.2035775000         1.4407155000      2     -1      1     -2    7.48618
     63         2.8814310000        -5.7628620000         2.8814310000      1     -1      2     -1    7.05804
     64         4.3221465000        -4.3221465000         4.3221465000      2     -1      2     -1    7.48618
     65         5.7628620000        -2.8814310000         2.8814310000      1     -1      2      0    7.05804
     66        -4.3221465000         1.4407155000        -4.3221465000      2      0     -2      0    6.27993
     67        -2.8814310000         2.8814310000        -5.7628620000      1      0     -2      1    7.05804
     68        -1.4407155000         4.3221465000        -4.3221465000      2      0     -2      1    6.27993
     69         2.8814310000         5.7628620000        -2.8814310000      1      0     -1      2    7.05804
     70        -4.3221465000        -4.3221465000         1.4407155000      2      0      0     -2    6.27993
     71        -2.8814310000        -5.7628620000         2.8814310000      1      0      1     -2    7.05804
     72        -1.4407155000        -4.3221465000         4.3221465000      2      0      1     -2    6.27993
     73         2.8814310000        -2.8814310000         5.7628620000      1      0      2     -1    7.05804
     74        -7.2035775000         1.4407155000        -1.4407155000      2      1     -2     -1    7.48618
     75        -5.7628620000         2.8814310000        -2.8814310000      1      1     -2      0    7.05804
     76        -4.3221465000         4.3221465000        -1.4407155000      2      1     -2      0    6.27993
     77        -2.8814310000         5.7628620000        -2.8814310000      1      1     -2      1    7.05804
     78        -1.4407155000         7.2035775000        -1.4407155000      2      1     -2      1    7.48618
     79        -7.2035775000        -1.4407155000         1.4407155000      2      1     -1     -2    7.48618
     80        -5.7628620000        -2.8814310000         2.8814310000      1      1      0     -2    7.05804
     81        -4.3221465000        -1.4407155000         4.3221465000      2      1      0     -2    6.27993
     82        -2.8814310000        -2.8814310000         5.7628620000      1      1      1     -2    7.05804
     83        -1.4407155000        -1.4407155000         7.2035775000      2      1      1     -2    7.48618
     84        -5.7628620000         2.8814310000         2.8814310000      1      2     -1     -1    7.05804
     85        -4.3221465000         4.3221465000         4.3221465000      2      2     -1     -1    7.48618
     86        -2.8814310000         5.7628620000         2.8814310000      1      2     -1      0    7.05804
     87        -2.8814310000         2.8814310000         5.7628620000      1      2      0     -1    7.05804
     88         7.2035775000         4.3221465000         4.3221465000      2      0      1      1    9.44740
     89         4.3221465000         7.2035775000         4.3221465000      2      1      0      1    9.44740
     90         4.3221465000         4.3221465000         7.2035775000      2      1      1      0    9.44740
     91         5.7628620000         5.7628620000         5.7628620000      1      1      1      1    9.98157
     92         7.2035775000         4.3221465000        -1.4407155000      2     -1      0      2    8.52339
     93         8.6442930000         2.8814310000         0.0000000000      1     -1      1      2    9.11188
     94         7.2035775000        -1.4407155000         4.3221465000      2     -1      2      0    8.52339
     95         8.6442930000         0.0000000000         2.8814310000      1     -1      2      1    9.11188
     96         4.3221465000         7.2035775000        -1.4407155000      2      0     -1      2    8.52339
     97         5.7628620000         5.7628620000         0.0000000000      1      0      0      2    8.14992
     98         4.3221465000        -1.4407155000         7.2035775000      2      0      2     -1    8.52339
     99         5.7628620000         0.0000000000         5.7628620000      1      0      2      0    8.14992
    100         2.8814310000         8.6442930000         0.0000000000      1      1     -1      2    9.11188
    101         2.8814310000         0.0000000000         8.6442930000      1      1      2     -1    9.11188
    102        -1.4407155000         7.2035775000         4.3221465000      2      2     -1      0    8.52339
    103         0.0000000000         8.6442930000         2.8814310000      1      2     -1      1    9.11188
    104        -1.4407155000         4.3221465000         7.2035775000      2      2      0     -1    8.52339
    105         0.0000000000         5.7628620000         5.7628620000      1      2      0      0    8.14992
    106         0.0000000000         2.8814310000         8.6442930000      1      2      1     -1    9.11188
