   11.525724    0.000000    0.000000
    0.000000   11.525724    0.000000
    0.000000    0.000000   11.525724
    1    0.0000    0.0000    0.0000    2.8814    0.0000    2.8814
    2    0.0000    0.0000    5.7629    2.8814    0.0000    8.6443
    3    0.0000    5.7629    0.0000    2.8814    5.7629    2.8814
    4    0.0000    5.7629    5.7629    2.8814    5.7629    8.6443
    5    5.7629    0.0000    0.0000    8.6443    0.0000    2.8814
    6    5.7629    0.0000    5.7629    8.6443    0.0000    8.6443
    7    5.7629    5.7629    0.0000    8.6443    5.7629    2.8814
    8    5.7629    5.7629    5.7629    8.6443    5.7629    8.6443
   17    0.0000    2.8814   -2.8814    2.8814    2.8814    0.0000
   18    0.0000    2.8814    2.8814    2.8814    2.8814    5.7629
   19    0.0000    8.6443   -2.8814    2.8814    8.6443    0.0000
   20    0.0000    8.6443    2.8814    2.8814    8.6443    5.7629
   21    5.7629    2.8814   -2.8814    8.6443    2.8814    0.0000
   22    5.7629    2.8814    2.8814    8.6443    2.8814    5.7629
   23    5.7629    8.6443   -2.8814    8.6443    8.6443    0.0000
   24    5.7629    8.6443    2.8814    8.6443    8.6443    5.7629
   33   -2.8814    0.0000   -2.8814    0.0000    0.0000    0.0000
   34   -2.8814    0.0000    2.8814    0.0000    0.0000    5.7629
   35   -2.8814    5.7629   -2.8814    0.0000    5.7629    0.0000
   36   -2.8814    5.7629    2.8814    0.0000    5.7629    5.7629
   37    2.8814    0.0000   -2.8814    5.7629    0.0000    0.0000
   38    2.8814    0.0000    2.8814    5.7629    0.0000    5.7629
   39    2.8814    5.7629   -2.8814    5.7629    5.7629    0.0000
   40    2.8814    5.7629    2.8814    5.7629    5.7629    5.7629
   49   -2.8814    2.8814    0.0000    0.0000    2.8814    2.8814
   50   -2.8814    2.8814    5.7629    0.0000    2.8814    8.6443
   51   -2.8814    8.6443    0.0000    0.0000    8.6443    2.8814
   52   -2.8814    8.6443    5.7629    0.0000    8.6443    8.6443
   53    2.8814    2.8814    0.0000    5.7629    2.8814    2.8814
   54    2.8814    2.8814    5.7629    5.7629    2.8814    8.6443
   55    2.8814    8.6443    0.0000    5.7629    8.6443    2.8814
   56    2.8814    8.6443    5.7629    5.7629    8.6443    8.6443
