     1     1 -.27257     -.27257     -.27257      58.759     -.66921E-09 0.53537E-08 0.20076E-08 0.57567E-08
     1     2 -.23363     -.23363     -.31151      61.655      648.45      648.45     -1301.9      1592.4    
     1     3 -.19469     -.19469     -.35045      68.179      839.69      839.69     -1668.5      2047.9    
     1     4 -.15576     -.15576     -.38939      74.157      556.52      556.52     -1070.1      1328.3    
     1     5 -.11682     -.11682     -.42833      76.580      49.620      49.620     -23.053      73.863    
     1     6 -.77878E-01 -.77878E-01 -.46727      74.999     -343.63     -343.63      773.75      913.70    
     1     7 -.38939E-01 -.38939E-01 -.50621      71.647     -355.31     -355.31      769.26      918.83    
     1     8  0.0000      0.0000     -.54514      69.955     0.35691E-08 0.17846E-08 0.44614E-09 0.40152E-08
     1     9 -.19469     -.27257     -.27257      62.920      1830.7     -379.79     -379.93      1907.9    
     1    10 -.15576     -.23363     -.31151      68.089      2225.6     -254.51     -1185.6      2534.5    
     1    11 -.11682     -.19469     -.35045      74.841      2210.5     -366.67     -1214.6      2548.7    
     1    12 -.77878E-01 -.15576     -.38939      79.686      2019.6     -965.78     -412.86      2276.4    
     1    13 -.38939E-01 -.11682     -.42833      80.692      1891.2     -1748.1      572.46      2638.2    
     1    14  0.0000     -.77878E-01 -.46727      78.565     0.17846E-08 -2261.6      1030.0      2485.1    
     1    15 0.38939E-01 -.38939E-01 -.50621      71.647      355.31     -355.31      769.26      918.83    
     1    16 0.77878E-01  0.0000     -.54514      76.080      2720.8     0.31645     -.81990E-01  2720.8    
     1    17 0.11682     0.38939E-01 -.58408      78.327      2584.7     -1672.3     -389.57      3103.0    
     1    18 0.15576     0.77878E-01 -.62302      80.374      1974.9     -1541.7      4.0533      2505.4    
     1    19 0.19469     0.11682     -.66196      79.373      1133.1     -1680.9      928.79      2229.8    
     1    20 0.23363     0.15576     -.70090      74.408      381.24     -1837.7      1726.9      2550.5    
     1    21 0.27257     0.19469     -.73984      67.181     -.41069E-01 -1747.9      1748.0      2471.9    
     1    22 -.11682     -.27257     -.27257      71.641      2094.8     -647.33     -647.42      2286.2    
     1    23 -.77878E-01 -.23363     -.31151      77.180      1833.3     -111.32     -1439.7      2333.7    
     1    24 -.38939E-01 -.19469     -.35045      83.717      1588.9     -187.71     -1473.5      2175.1    
     1    25  0.0000     -.15576     -.38939      87.513      0.0000     -885.29     -754.17      1163.0    
     1    26 0.38939E-01 -.11682     -.42833      80.692     -1891.2     -1748.2      572.26      2638.3    
     1    27 0.77878E-01 -.77878E-01 -.46727      74.999      343.63     -343.59      773.73      913.67    
     1    28 0.11682     -.38939E-01 -.50621      78.327      2584.7      1672.1      389.73      3102.9    
     1    29 0.15576      0.0000     -.54514      89.425      3323.4     -.15480     0.15568      3323.4    
     1    30 0.19469     0.38939E-01 -.58408      89.859      2565.6     -2478.4      192.56      3572.4    
     1    31 0.23363     0.77878E-01 -.62302      88.148      1316.4     -2057.4      966.40      2626.7    
     1    32 0.27257     0.11682     -.66196      82.594     -.33248E-01 -1787.5      1787.6      2528.0    
     1    33 -.38939E-01 -.27257     -.27257      78.184      887.16     -787.88     -787.96      1424.3    
     1    34  0.0000     -.23363     -.31151      81.231     -.31230E-08  136.36     -1725.8      1731.2    
     1    35 0.38939E-01 -.19469     -.35045      83.717     -1588.9     -187.74     -1473.1      2174.9    
     1    36 0.77878E-01 -.15576     -.38939      79.686     -2019.6     -965.77     -412.94      2276.4    
     1    37 0.11682     -.11682     -.42833      76.580     -49.620      49.717     -22.953      73.897    
     1    38 0.15576     -.77878E-01 -.46727      80.374      1974.9      1541.5     -4.2451      2505.3    
     1    39 0.19469     -.38939E-01 -.50621      89.859      2565.6      2478.2     -192.47      3572.2    
     1    40 0.23363      0.0000     -.54514      100.23      1534.4     -.53660E-01 -.53470E-01  1534.4    
     1    41 0.27257     0.38939E-01 -.58408      95.906     0.58836E-02 -1478.1      1478.1      2090.4    
     1    42 0.38939E-01 -.27257     -.27257      78.184     -887.16     -787.92     -787.91      1424.3    
     1    43 0.77878E-01 -.23363     -.31151      77.180     -1833.3     -111.26     -1439.7      2333.7    
     1    44 0.11682     -.19469     -.35045      74.841     -2210.5     -366.53     -1214.3      2548.6    
     1    45 0.15576     -.15576     -.38939      74.157     -556.52      557.06     -1070.0      1328.5    
     1    46 0.19469     -.11682     -.42833      79.373      1133.1      1680.9     -929.14      2229.9    
     1    47 0.23363     -.77878E-01 -.46727      88.148      1316.4      2057.4     -966.43      2626.7    
     1    48 0.27257     -.38939E-01 -.50621      95.906     0.58836E-02  1478.2     -1478.2      2090.5    
     1    49 0.11682     -.27257     -.27257      71.641     -2094.8     -647.45     -647.54      2286.2    
     1    50 0.15576     -.23363     -.31151      68.089     -2225.6     -254.46     -1185.6      2534.5    
     1    51 0.19469     -.19469     -.35045      68.179     -839.69      839.97     -1668.4      2048.0    
     1    52 0.23363     -.15576     -.38939      74.408      381.24      1837.8     -1726.8      2550.4    
     1    53 0.27257     -.11682     -.42833      82.594     -.33248E-01  1787.6     -1787.6      2528.1    
     1    54 0.19469     -.27257     -.27257      62.920     -1830.7     -379.96     -380.07      1908.0    
     1    55 0.23363     -.23363     -.31151      61.655     -648.45      649.05     -1301.5      1592.4    
     1    56 0.27257     -.19469     -.35045      67.181     -.41069E-01  1747.6     -1747.6      2471.5    
     1    57 0.27257     -.27257     -.27257      58.759     -.24538E-08 -.20076E-08 -.49075E-08 0.58425E-08
     1    58 -.11682     -.19469     -.27257      69.641      1967.5     -249.89     -1284.5      2362.9    
     1    59 -.77878E-01 -.15576     -.31151      76.298      1968.8     -157.35     -1295.4      2362.0    
     1    60 -.38939E-01 -.11682     -.35045      81.370      1837.6     -660.62     -440.59      2001.8    
     1    61  0.0000     -.77878E-01 -.38939      82.466     -.70126E-01 -1254.1      567.73      1376.6    
     1    62 0.38939E-01 -.38939E-01 -.42833      76.624      13.260     -13.115      1358.0      1358.1    
     1    63 0.77878E-01  0.0000     -.46727      78.565      2261.4     0.19552E-02  1029.9      2484.9    
     1    64 -.38939E-01 -.19469     -.27257      75.948      857.88     -295.25     -2211.7      2390.6    
     1    65  0.0000     -.15576     -.31151      81.644     0.37892E-01  5.4310     -2137.2      2137.2    
     1    66 0.38939E-01 -.11682     -.35045      81.370     -1837.8     -660.77     -440.42      2002.0    
     1    67 0.77878E-01 -.77878E-01 -.38939      78.025     -345.66      345.50      476.62      682.66    
     1    68 0.11682     -.38939E-01 -.42833      80.692      1748.1      1890.8      572.52      2637.9    
     1    69 0.15576      0.0000     -.46727      88.905      2307.0     -.42553E-01 -82.972      2308.5    
     1    70 0.19469     0.38939E-01 -.50621      89.859      2565.6     -2478.4     -192.56      3572.4    
     1    71 0.23363     0.77878E-01 -.54514      90.302      2035.8     -2077.1     -.42652E-01  2908.4    
     1    72 0.27257     0.11682     -.58408      88.767      1006.6     -1719.9      938.24      2202.6    
     1    73 0.38939E-01 -.19469     -.27257      75.948     -857.86     -295.23     -2211.7      2390.6    
     1    74 0.77878E-01 -.15576     -.31151      76.298     -1968.7     -157.47     -1295.5      2362.0    
     1    75 0.11682     -.11682     -.35045      75.430     -820.28      820.58     -611.44      1311.5    
     1    76 0.15576     -.77878E-01 -.38939      79.686      965.74      2019.4     -413.00      2276.3    
     1    77 0.19469     -.38939E-01 -.42833      88.109      1343.1      2185.2     -693.37      2657.0    
     1    78 0.23363      0.0000     -.46727      94.546      182.85     0.21709E-01 -1462.0      1473.4    
     1    79 0.27257     0.38939E-01 -.50621      95.906     0.19314E-02 -1478.1     -1478.1      2090.4    
     1    80 0.11682     -.19469     -.27257      69.641     -1967.4     -249.76     -1284.7      2362.9    
     1    81 0.15576     -.15576     -.31151      69.357     -1082.3      1082.6     -1203.3      1947.1    
     1    82 0.19469     -.11682     -.35045      74.841      366.68      2210.7     -1214.6      2548.9    
     1    83 0.23363     -.77878E-01 -.38939      83.108      256.89      2067.9     -1386.7      2503.1    
     1    84 0.27257     -.38939E-01 -.42833      88.767     -1006.7      938.27     -1719.9      2202.7    
     1    85 0.19469     -.19469     -.27257      62.843     -888.14      888.26     -797.99      1488.2    
     1    86 0.23363     -.15576     -.31151      68.089      254.35      2225.6     -1185.7      2534.5    
     1    87 0.27257     -.11682     -.35045      75.740     -141.33      2114.4     -1383.2      2530.6    
     1    88 0.27257     -.19469     -.27257      62.920      379.94      1830.6     -379.88      1907.9    
     1    89 0.38939E-01 -.11682     -.27257      75.712     -872.89      166.71     -2408.1      2566.8    
     1    90 0.77878E-01 -.77878E-01 -.31151      77.416     -759.36      759.32     -901.61      1402.2    
     1    91 0.11682     -.38939E-01 -.35045      81.370      660.52      1837.8     -440.62      2002.0    
     1    92 0.15576      0.0000     -.38939      87.513      885.10     0.31990E-01 -754.23      1162.9    
     1    93 0.11682     -.11682     -.27257      71.096     -965.35      965.81     -1502.9      2030.6    
     1    94 0.15576     -.77878E-01 -.31151      76.298      157.47      1968.9     -1295.4      2362.0    
     1    95 0.19469     -.38939E-01 -.35045      83.717      187.44      1589.0     -1473.0      2174.9    
     1    96 0.23363      0.0000     -.38939      88.198     -581.04     0.29717E-01 -1615.0      1716.3    
     1    97 0.27257     0.38939E-01 -.42833      88.767     -1006.7     -938.15     -1720.0      2202.7    
     1    98 0.19469     -.11682     -.27257      69.641      249.79      1967.5     -1284.7      2363.0    
     1    99 0.23363     -.77878E-01 -.31151      77.180      111.40      1833.2     -1439.8      2333.7    
     1   100 0.27257     -.38939E-01 -.35045      82.479     -621.80      931.83     -1290.1      1708.6    
     1   101 0.27257     -.11682     -.27257      71.641      647.51      2095.0     -647.46      2286.3    
     1   102 0.19469     -.38939E-01 -.27257      75.948      294.95      857.63     -2211.6      2390.3    
     1   103 0.23363      0.0000     -.31151      81.231     -136.24     0.63875E-02 -1725.7      1731.1    
     1   104 0.27257     -.38939E-01 -.27257      78.184      787.86      887.05     -787.94      1424.2    
     2     1 -.27257     -.27257     -.27257      58.759     -.22307E-09 0.37922E-08 0.82536E-08 0.90858E-08
     2     2 -.23363     -.23363     -.31151      66.612      1907.0      1907.0     -3130.1      4131.7    
     2     3 -.19469     -.19469     -.35045      83.811      2276.5      2276.5     -4234.7      5319.5    
     2     4 -.15576     -.15576     -.38939      99.126      853.82      853.82     -3333.9      3545.8    
     2     5 -.11682     -.11682     -.42833      101.46     -1907.5     -1907.5     -938.91      2856.4    
     2     6 -.77878E-01 -.77878E-01 -.46727      90.121     -3229.9     -3229.9      599.44      4606.9    
     2     7 -.38939E-01 -.38939E-01 -.50621      76.189     -2418.6     -2418.6      744.26      3500.5    
     2     8  0.0000      0.0000     -.54514      69.955     -.26768E-08 0.22307E-08 0.44614E-09 0.35129E-08
     2     9 -.19469     -.27257     -.27257      66.219      3323.0     -1492.0     -1492.0      3936.3    
     2    10 -.15576     -.23363     -.31151      78.424      3459.6      395.83     -3537.0      4963.4    
     2    11 -.11682     -.19469     -.35045      92.961      1814.4      493.95     -3450.9      3930.0    
     2    12 -.77878E-01 -.15576     -.38939      98.684     -1140.9     -1157.1     -1570.6      2259.9    
     2    13 -.38939E-01 -.11682     -.42833      91.068     -2795.6     -2641.3      345.59      3861.5    
     2    14  0.0000     -.77878E-01 -.46727      78.633     -.89228E-09 -2393.5      1094.6      2631.9    
     2    15 0.38939E-01 -.38939E-01 -.50621      76.189      2418.6     -2418.7      744.24      3500.5    
     2    16 0.77878E-01  0.0000     -.54514      76.080      2720.8     0.31613     -.81489E-01  2720.8    
     2    17 0.11682     0.38939E-01 -.58408      89.204      3500.3      3338.1     -346.02      4849.3    
     2    18 0.15576     0.77878E-01 -.62302      102.45      2399.8      2710.8      384.97      3640.9    
     2    19 0.19469     0.11682     -.66196      105.29      10.551     -17.042      2367.7      2367.7    
     2    20 0.23363     0.15576     -.70090      94.180     -1047.2     -2629.0      3826.4      4759.1    
     2    21 0.27257     0.19469     -.73984      77.955     -.11225     -3688.5      3688.7      5216.5    
     2    22 -.11682     -.27257     -.27257      82.952      4346.7     -2145.4     -2145.3      5300.8    
     2    23 -.77878E-01 -.23363     -.31151      92.645      3064.4     -1494.2     -2590.3      4281.7    
     2    24 -.38939E-01 -.19469     -.35045      97.154      246.73     -1964.0     -1478.4      2470.6    
     2    25  0.0000     -.15576     -.38939      92.628     -.26768E-08 -2771.0      2.7699      2771.0    
     2    26 0.38939E-01 -.11682     -.42833      91.068      2795.6     -2641.4      345.43      3861.6    
     2    27 0.77878E-01 -.77878E-01 -.46727      90.121      3229.9     -3229.9      599.51      4606.9    
     2    28 0.11682     -.38939E-01 -.50621      89.204      3500.3     -3338.3      346.13      4849.4    
     2    29 0.15576      0.0000     -.54514      89.425      3323.4     -.15460     0.15591      3323.4    
     2    30 0.19469     0.38939E-01 -.58408      102.00      2347.0      2862.5      23.181      3701.7    
     2    31 0.23363     0.77878E-01 -.62302      108.37      522.69      876.74      832.69      1317.3    
     2    32 0.27257     0.11682     -.66196      104.40     0.15039E-01 -1989.0      1989.1      2812.9    
     2    33 -.38939E-01 -.27257     -.27257      98.143      2383.3     -2214.3     -2214.2      3935.2    
     2    34  0.0000     -.23363     -.31151      99.917     0.13384E-08 -2476.7     -1681.2      2993.4    
     2    35 0.38939E-01 -.19469     -.35045      97.154     -246.73     -1964.1     -1478.0      2470.4    
     2    36 0.77878E-01 -.15576     -.38939      98.684      1140.9     -1157.1     -1570.6      2259.9    
     2    37 0.11682     -.11682     -.42833      101.46      1907.5     -1907.6     -938.83      2856.4    
     2    38 0.15576     -.77878E-01 -.46727      102.45      2399.8     -2711.0     -385.01      3641.0    
     2    39 0.19469     -.38939E-01 -.50621      102.00      2347.0     -2862.7     -23.115      3701.9    
     2    40 0.23363      0.0000     -.54514      100.23      1534.3     -.53423E-01 -.53566E-01  1534.3    
     2    41 0.27257     0.38939E-01 -.58408      106.92     -.92204E-03  979.43     -979.41      1385.1    
     2    42 0.38939E-01 -.27257     -.27257      98.143     -2383.3     -2214.4     -2214.4      3935.4    
     2    43 0.77878E-01 -.23363     -.31151      92.645     -3064.4     -1494.2     -2590.1      4281.5    
     2    44 0.11682     -.19469     -.35045      92.961     -1814.4      493.86     -3450.9      3929.9    
     2    45 0.15576     -.15576     -.38939      99.126     -853.82      853.84     -3333.9      3545.8    
     2    46 0.19469     -.11682     -.42833      105.29      10.551      17.007     -2367.8      2367.9    
     2    47 0.23363     -.77878E-01 -.46727      108.37      522.69     -876.75     -832.79      1317.4    
     2    48 0.27257     -.38939E-01 -.50621      106.92     -.92204E-03 -979.31      979.29      1384.9    
     2    49 0.11682     -.27257     -.27257      82.952     -4346.7     -2145.5     -2145.5      5300.9    
     2    50 0.15576     -.23363     -.31151      78.424     -3459.6      395.83     -3537.0      4963.5    
     2    51 0.19469     -.19469     -.35045      83.811     -2276.5      2276.4     -4234.7      5319.5    
     2    52 0.23363     -.15576     -.38939      94.180     -1047.2      2628.9     -3826.4      4759.1    
     2    53 0.27257     -.11682     -.42833      104.40     0.15039E-01  1989.0     -1989.0      2812.8    
     2    54 0.19469     -.27257     -.27257      66.219     -3323.0     -1492.0     -1492.1      3936.3    
     2    55 0.23363     -.23363     -.31151      66.612     -1907.0      1907.0     -3130.3      4131.8    
     2    56 0.27257     -.19469     -.35045      77.955     -.11225      3688.7     -3688.6      5216.5    
     2    57 0.27257     -.27257     -.27257      58.759     -.35691E-08 -.46845E-08 0.37922E-08 0.70045E-08
     2    58 -.11682     -.19469     -.27257      78.455      2859.9     -33.924     -3304.5      4370.4    
     2    59 -.77878E-01 -.15576     -.31151      89.136      799.21     -402.91     -2959.2      3091.6    
     2    60 -.38939E-01 -.11682     -.35045      90.203     -1600.4     -1535.8     -945.64      2411.2    
     2    61  0.0000     -.77878E-01 -.38939      83.115     0.92464E-01 -1691.7      792.98      1868.3    
     2    62 0.38939E-01 -.38939E-01 -.42833      80.937      1979.1     -1979.0      1264.5      3071.2    
     2    63 0.77878E-01  0.0000     -.46727      78.633      2393.3     -.12009E-01  1094.7      2631.7    
     2    64 -.38939E-01 -.19469     -.27257      89.290      1823.6     -1938.8     -2237.3      3477.0    
     2    65  0.0000     -.15576     -.31151      90.180     -.20066     -2112.1     -1256.2      2457.5    
     2    66 0.38939E-01 -.11682     -.35045      90.203      1600.0     -1535.8     -945.47      2410.9    
     2    67 0.77878E-01 -.77878E-01 -.38939      91.616      2154.0     -2154.2     -149.28      3050.1    
     2    68 0.11682     -.38939E-01 -.42833      91.068      2641.5     -2795.8      345.60      3861.8    
     2    69 0.15576      0.0000     -.46727      91.212      3409.3     -.46757E-01  522.67      3449.1    
     2    70 0.19469     0.38939E-01 -.50621      102.00      2346.9      2862.5     -23.196      3701.7    
     2    71 0.23363     0.77878E-01 -.54514      109.93      133.67      1866.6     -.35569E-01  1871.4    
     2    72 0.27257     0.11682     -.58408      109.57     -1630.4     -2.3397      542.63      1718.3    
     2    73 0.38939E-01 -.19469     -.27257      89.290     -1824.0     -1938.8     -2237.2      3477.2    
     2    74 0.77878E-01 -.15576     -.31151      89.136     -799.19     -402.96     -2959.3      3091.7    
     2    75 0.11682     -.11682     -.35045      94.262      215.39     -215.50     -2609.3      2627.1    
     2    76 0.15576     -.77878E-01 -.38939      98.684      1157.1     -1140.8     -1570.6      2259.9    
     2    77 0.19469     -.38939E-01 -.42833      101.17      2227.4     -1661.0     -494.25      2822.2    
     2    78 0.23363      0.0000     -.46727      104.31      2595.3     0.17249E-02  623.78      2669.3    
     2    79 0.27257     0.38939E-01 -.50621      106.92     -.28459E-02  979.39      979.37      1385.1    
     2    80 0.11682     -.19469     -.27257      78.455     -2859.8     -34.056     -3304.4      4370.2    
     2    81 0.15576     -.15576     -.31151      83.634     -1637.5      1637.4     -3955.7      4583.6    
     2    82 0.19469     -.11682     -.35045      92.961     -493.82      1814.5     -3450.9      3930.0    
     2    83 0.23363     -.77878E-01 -.38939      102.49      1048.5      1226.1     -2002.8      2571.7    
     2    84 0.27257     -.38939E-01 -.42833      109.57      1630.3      542.64     -2.3006      1718.2    
     2    85 0.19469     -.19469     -.27257      68.347     -1837.5      1837.5     -2942.8      3925.9    
     2    86 0.23363     -.15576     -.31151      78.424     -395.95      3459.7     -3537.1      4963.6    
     2    87 0.27257     -.11682     -.35045      93.954      1230.3      3755.1     -2860.0      4877.9    
     2    88 0.27257     -.19469     -.27257      66.219      1492.1      3323.1     -1492.1      3936.4    
     2    89 0.38939E-01 -.11682     -.27257      82.765     -330.50     -1193.6     -2563.9      2847.4    
     2    90 0.77878E-01 -.77878E-01 -.31151      87.008      801.54     -801.38     -2211.4      2485.0    
     2    91 0.11682     -.38939E-01 -.35045      90.203      1535.6     -1600.1     -945.53      2410.9    
     2    92 0.15576      0.0000     -.38939      92.628      2770.8     0.54199E-01  2.6958      2770.8    
     2    93 0.11682     -.11682     -.27257      80.406     -702.83      702.73     -3912.8      4037.0    
     2    94 0.15576     -.77878E-01 -.31151      89.136      402.93      799.10     -2959.4      3091.7    
     2    95 0.19469     -.38939E-01 -.35045      97.154      1964.0      246.58     -1478.1      2470.4    
     2    96 0.23363      0.0000     -.38939      104.62      2821.8     0.28225E-01 -532.58      2871.6    
     2    97 0.27257     0.38939E-01 -.42833      109.57      1630.3     -542.54     -2.3782      1718.2    
     2    98 0.19469     -.11682     -.27257      78.455      33.930      2859.8     -3304.3      4370.1    
     2    99 0.23363     -.77878E-01 -.31151      92.645      1494.0      3064.3     -2589.9      4281.3    
     2   100 0.27257     -.38939E-01 -.35045      106.25      2230.7      1798.3     -1529.9      3248.2    
     2   101 0.27257     -.11682     -.27257      82.952      2145.2      4346.5     -2145.5      5300.7    
     2   102 0.19469     -.38939E-01 -.27257      89.290      1939.0      1823.7     -2237.3      3477.2    
     2   103 0.23363      0.0000     -.31151      99.917      2476.4     -.13749     -1681.3      2993.2    
     2   104 0.27257     -.38939E-01 -.27257      98.143      2214.5      2383.3     -2214.3      3935.4    
     3     1 -.27257     -.27257     -.27257      198.74     0.17846E-08  0.0000      0.0000     0.17846E-08
     3     2 -.23363     -.23363     -.31151      194.65     -2402.6     -2402.6     -1217.3      3609.2    
     3     3 -.19469     -.19469     -.35045      185.51     -3084.1     -3084.1     -1333.1      4560.7    
     3     4 -.15576     -.15576     -.38939      177.08     -2262.3     -2262.3     -2018.0      3782.6    
     3     5 -.11682     -.11682     -.42833      178.13     -92.201     -92.201     -3854.6      3856.8    
     3     6 -.77878E-01 -.77878E-01 -.46727      190.02      1031.9      1031.9     -4986.6      5195.7    
     3     7 -.38939E-01 -.38939E-01 -.50621      204.87      876.03      876.03     -5174.6      5320.8    
     3     8  0.0000      0.0000     -.54514      217.41     0.17846E-08 0.17846E-08  0.0000     0.25237E-08
     3     9 -.19469     -.27257     -.27257      189.75     -3363.9     -2488.3     -2488.3      4868.2    
     3    10 -.15576     -.23363     -.31151      181.36     -3619.9     -3109.6     -2189.8      5250.6    
     3    11 -.11682     -.19469     -.35045      172.58     -2893.8     -2821.6     -2361.8      4681.2    
     3    12 -.77878E-01 -.15576     -.38939      170.41     -913.37     -1078.0     -3730.8      3989.4    
     3    13 -.38939E-01 -.11682     -.42833      179.04      270.30      643.65     -5042.6      5090.7    
     3    14  0.0000     -.77878E-01 -.46727      192.47     -.17846E-08  1181.4     -5394.1      5521.9    
     3    15 0.38939E-01 -.38939E-01 -.50621      204.87     -876.03      876.04     -5174.6      5320.8    
     3    16 0.77878E-01  0.0000     -.54514      213.08     -1872.6     -.12227E-01 0.54592E-02  1872.6    
     3    17 0.11682     0.38939E-01 -.58408      198.90     -1765.3     -712.48      4520.2      4904.7    
     3    18 0.15576     0.77878E-01 -.62302      185.96     -654.05     -465.02      3779.8      3864.1    
     3    19 0.19469     0.11682     -.66196      181.29      1384.0      1256.6      1977.6      2721.3    
     3    20 0.23363     0.15576     -.70090      186.92      1957.5      2344.6      407.01      3081.3    
     3    21 0.27257     0.19469     -.73984      193.86     0.29313E-01  1070.1     -1070.1      1513.4    
     3    22 -.11682     -.27257     -.27257      174.53     -3766.9     -2884.0     -2884.0      5552.0    
     3    23 -.77878E-01 -.23363     -.31151      166.92     -3051.8     -2998.0     -2895.3      5165.7    
     3    24 -.38939E-01 -.19469     -.35045      163.66     -1200.3     -2025.0     -3652.6      4345.4    
     3    25  0.0000     -.15576     -.38939      168.77      0.0000     -460.63     -4613.3      4636.2    
     3    26 0.38939E-01 -.11682     -.42833      179.04     -270.30      643.64     -5042.6      5090.7    
     3    27 0.77878E-01 -.77878E-01 -.46727      190.02     -1031.9      1031.9     -4986.6      5195.7    
     3    28 0.11682     -.38939E-01 -.50621      198.90     -1765.3      712.48     -4520.2      4904.7    
     3    29 0.15576      0.0000     -.54514      204.04     -2253.3     0.61679E-02 -.13533E-01  2253.3    
     3    30 0.19469     0.38939E-01 -.58408      192.44     -1117.6     -434.82      3263.0      3476.4    
     3    31 0.23363     0.77878E-01 -.62302      185.77      393.46      51.794      1847.0      1889.2    
     3    32 0.27257     0.11682     -.66196      185.81     -.21067E-01  416.45     -416.44      588.94    
     3    33 -.38939E-01 -.27257     -.27257      161.34     -2095.5     -3144.8     -3144.8      4916.3    
     3    34  0.0000     -.23363     -.31151      159.71     -.17846E-08 -2774.9     -3467.3      4441.0    
     3    35 0.38939E-01 -.19469     -.35045      163.66      1200.3     -2025.1     -3652.5      4345.4    
     3    36 0.77878E-01 -.15576     -.38939      170.41      913.37     -1078.1     -3730.8      3989.4    
     3    37 0.11682     -.11682     -.42833      178.13      92.201     -92.193     -3854.6      3856.8    
     3    38 0.15576     -.77878E-01 -.46727      185.96     -654.05      465.04     -3779.8      3864.1    
     3    39 0.19469     -.38939E-01 -.50621      192.44     -1117.6      434.82     -3263.0      3476.4    
     3    40 0.23363      0.0000     -.54514      196.60     -1077.0     0.24407E-02 0.23677E-02  1077.0    
     3    41 0.27257     0.38939E-01 -.58408      190.40     0.26504E-02 -1210.5      1210.5      1711.9    
     3    42 0.38939E-01 -.27257     -.27257      161.34      2095.5     -3144.8     -3144.8      4916.4    
     3    43 0.77878E-01 -.23363     -.31151      166.92      3051.8     -2998.1     -2895.3      5165.8    
     3    44 0.11682     -.19469     -.35045      172.58      2893.8     -2821.6     -2361.6      4681.1    
     3    45 0.15576     -.15576     -.38939      177.08      2262.3     -2262.2     -2017.9      3782.5    
     3    46 0.19469     -.11682     -.42833      181.29      1384.0     -1256.6     -1977.7      2721.4    
     3    47 0.23363     -.77878E-01 -.46727      185.77      393.46     -51.791     -1847.0      1889.1    
     3    48 0.27257     -.38939E-01 -.50621      190.40     0.26504E-02  1210.5     -1210.5      1712.0    
     3    49 0.11682     -.27257     -.27257      174.53      3766.9     -2884.0     -2884.0      5552.0    
     3    50 0.15576     -.23363     -.31151      181.36      3619.9     -3109.6     -2189.9      5250.6    
     3    51 0.19469     -.19469     -.35045      185.51      3084.1     -3084.1     -1333.1      4560.7    
     3    52 0.23363     -.15576     -.38939      186.92      1957.5     -2344.5     -406.97      3081.3    
     3    53 0.27257     -.11682     -.42833      185.81     -.21067E-01 -416.38      416.38      588.85    
     3    54 0.19469     -.27257     -.27257      189.75      3363.9     -2488.3     -2488.3      4868.2    
     3    55 0.23363     -.23363     -.31151      194.65      2402.6     -2402.7     -1217.4      3609.3    
     3    56 0.27257     -.19469     -.35045      193.86     0.29313E-01 -1070.1      1070.1      1513.3    
     3    57 0.27257     -.27257     -.27257      198.74      0.0000      0.0000     -.89228E-09 0.89228E-09
     3    58 -.11682     -.19469     -.27257      160.99     -3789.0     -3553.4     -3287.0      6147.2    
     3    59 -.77878E-01 -.15576     -.31151      154.82     -2457.1     -2703.6     -3886.0      5333.7    
     3    60 -.38939E-01 -.11682     -.35045      157.57     -535.03     -905.40     -5307.3      5410.5    
     3    61  0.0000     -.77878E-01 -.38939      168.72     -.61164E-02  252.82     -6063.5      6068.8    
     3    62 0.38939E-01 -.38939E-01 -.42833      181.77     -455.83      455.83     -5980.1      6014.8    
     3    63 0.77878E-01  0.0000     -.46727      192.47     -1181.4     0.47216E-03 -5394.1      5521.9    
     3    64 -.38939E-01 -.19469     -.27257      147.93     -2036.8     -3258.4     -3991.1      5540.3    
     3    65  0.0000     -.15576     -.31151      149.34     0.19061E-02 -2143.6     -4781.8      5240.3    
     3    66 0.38939E-01 -.11682     -.35045      157.57      535.02     -905.39     -5307.2      5410.4    
     3    67 0.77878E-01 -.77878E-01 -.38939      168.48      14.152     -14.151     -5386.1      5386.2    
     3    68 0.11682     -.38939E-01 -.42833      179.04     -643.65      270.28     -5042.6      5090.7    
     3    69 0.15576      0.0000     -.46727      187.29     -1059.3     -.22115E-02 -4305.7      4434.1    
     3    70 0.19469     0.38939E-01 -.50621      192.44     -1117.6     -434.83     -3263.0      3476.4    
     3    71 0.23363     0.77878E-01 -.54514      191.08     -1970.9     -1737.8     -.92186E-03  2627.6    
     3    72 0.27257     0.11682     -.58408      183.32     -1673.9     -2082.2     -445.08      2708.4    
     3    73 0.38939E-01 -.19469     -.27257      147.93      2036.7     -3258.4     -3991.1      5540.3    
     3    74 0.77878E-01 -.15576     -.31151      154.82      2457.1     -2703.6     -3886.0      5333.7    
     3    75 0.11682     -.11682     -.35045      162.49      1885.3     -1885.3     -3760.7      4609.9    
     3    76 0.15576     -.77878E-01 -.38939      170.41      1078.0     -913.40     -3730.8      3989.5    
     3    77 0.19469     -.38939E-01 -.42833      178.40      510.81     -237.73     -3490.3      3535.5    
     3    78 0.23363      0.0000     -.46727      185.73      464.30     -.35896E-02 -2810.1      2848.2    
     3    79 0.27257     0.38939E-01 -.50621      190.40     0.49747E-02 -1210.5     -1210.5      1711.9    
     3    80 0.11682     -.19469     -.27257      160.99      3789.0     -3553.4     -3287.0      6147.2    
     3    81 0.15576     -.15576     -.31151      167.48      3416.4     -3416.4     -2745.4      5557.1    
     3    82 0.19469     -.11682     -.35045      172.58      2821.7     -2893.8     -2361.7      4681.2    
     3    83 0.23363     -.77878E-01 -.38939      177.42      2133.4     -1855.4     -2222.8      3596.5    
     3    84 0.27257     -.38939E-01 -.42833      183.32      1673.9     -445.13     -2082.1      2708.4    
     3    85 0.19469     -.19469     -.27257      176.71      3632.0     -3632.0     -2850.4      5874.3    
     3    86 0.23363     -.15576     -.31151      181.36      3109.6     -3620.0     -2189.8      5250.7    
     3    87 0.27257     -.11682     -.35045      183.83      2285.3     -2991.6     -1471.1      4041.8    
     3    88 0.27257     -.19469     -.27257      189.75      2488.3     -3363.9     -2488.3      4868.2    
     3    89 0.38939E-01 -.11682     -.27257      135.30      1598.0     -2708.5     -5472.5      6311.7    
     3    90 0.77878E-01 -.77878E-01 -.31151      145.80      1538.4     -1538.4     -5561.5      5971.9    
     3    91 0.11682     -.38939E-01 -.35045      157.57      905.38     -535.02     -5307.3      5410.4    
     3    92 0.15576      0.0000     -.38939      168.77      460.61     0.37769E-02 -4613.3      4636.2    
     3    93 0.11682     -.11682     -.27257      146.29      3371.6     -3371.6     -4171.1      6335.1    
     3    94 0.15576     -.77878E-01 -.31151      154.82      2703.6     -2457.1     -3886.0      5333.7    
     3    95 0.19469     -.38939E-01 -.35045      163.66      2025.0     -1200.3     -3652.5      4345.3    
     3    96 0.23363      0.0000     -.38939      173.39      1760.9     -.70682E-03 -3149.2      3608.0    
     3    97 0.27257     0.38939E-01 -.42833      183.32      1673.9      445.09     -2082.2      2708.4    
     3    98 0.19469     -.11682     -.27257      160.99      3553.4     -3789.0     -3287.1      6147.2    
     3    99 0.23363     -.77878E-01 -.31151      166.92      2998.1     -3051.9     -2895.4      5165.9    
     3   100 0.27257     -.38939E-01 -.35045      173.46      2557.2     -1583.2     -2680.7      4028.9    
     3   101 0.27257     -.11682     -.27257      174.53      2884.0     -3766.9     -2884.0      5552.0    
     3   102 0.19469     -.38939E-01 -.27257      147.93      3258.3     -2036.7     -3991.1      5540.2    
     3   103 0.23363      0.0000     -.31151      159.71      2775.0     -.49650E-01 -3467.3      4441.0    
     3   104 0.27257     -.38939E-01 -.27257      161.34      3144.7     -2095.5     -3144.7      4916.2    
     4     1 -.27257     -.27257     -.27257      212.64      0.0000     -.17846E-08  0.0000     0.17846E-08
     4     2 -.23363     -.23363     -.31151      214.27      1666.3      1666.3      2027.1      3108.4    
     4     3 -.19469     -.19469     -.35045      217.29      2095.3      2095.3      2647.6      3973.7    
     4     4 -.15576     -.15576     -.38939      220.53      2209.0      2209.0      2854.7      4231.9    
     4     5 -.11682     -.11682     -.42833      223.56      2171.7      2171.7      3042.9      4323.4    
     4     6 -.77878E-01 -.77878E-01 -.46727      225.49      1928.5      1928.5      3439.9      4389.9    
     4     7 -.38939E-01 -.38939E-01 -.50621      224.38      1228.3      1228.3      4226.2      4569.3    
     4     8  0.0000      0.0000     -.54514      217.41      0.0000      0.0000      0.0000      0.0000    
     4     9 -.19469     -.27257     -.27257      218.33      1804.4      2531.4      2531.3      4008.9    
     4    10 -.15576     -.23363     -.31151      221.76      1624.4      2724.6      2801.2      4231.9    
     4    11 -.11682     -.19469     -.35045      224.85      1422.3      2858.6      2829.0      4265.8    
     4    12 -.77878E-01 -.15576     -.38939      227.69      1145.4      2897.0      2787.8      4180.5    
     4    13 -.38939E-01 -.11682     -.42833      229.78      740.81      2804.6      2877.8      4086.1    
     4    14  0.0000     -.77878E-01 -.46727      229.72     -.17846E-08  2429.5      3439.2      4210.7    
     4    15 0.38939E-01 -.38939E-01 -.50621      224.38     -1228.3      1228.3      4226.2      4569.3    
     4    16 0.77878E-01  0.0000     -.54514      213.08     -1872.6     -.12009E-01 0.54755E-02  1872.6    
     4    17 0.11682     0.38939E-01 -.58408      216.10     -2509.2     -850.28     -3751.0      4592.3    
     4    18 0.15576     0.77878E-01 -.62302      215.48     -2694.8     -1279.9     -3158.1      4344.4    
     4    19 0.19469     0.11682     -.66196      213.33     -2526.9     -1337.7     -2724.8      3949.6    
     4    20 0.23363     0.15576     -.70090      211.25     -1832.8     -977.42     -2072.6      2934.3    
     4    21 0.27257     0.19469     -.73984      211.06     -.24264E-01  380.57     -380.56      538.20    
     4    22 -.11682     -.27257     -.27257      224.64      1173.2      2983.3      2983.3      4379.2    
     4    23 -.77878E-01 -.23363     -.31151      226.83      806.65      3152.8      2996.0      4423.4    
     4    24 -.38939E-01 -.19469     -.35045      228.64      427.15      3189.0      2836.9      4289.5    
     4    25  0.0000     -.15576     -.38939      229.94     0.89228E-09  3087.6      2672.7      4083.7    
     4    26 0.38939E-01 -.11682     -.42833      229.78     -740.81      2804.7      2877.8      4086.2    
     4    27 0.77878E-01 -.77878E-01 -.46727      225.49     -1928.5      1928.5      3439.9      4389.9    
     4    28 0.11682     -.38939E-01 -.50621      216.10     -2509.2      850.30      3751.0      4592.3    
     4    29 0.15576      0.0000     -.54514      204.04     -2253.3     0.61265E-02 -.13615E-01  2253.3    
     4    30 0.19469     0.38939E-01 -.58408      205.57     -2325.7     -473.93     -2931.2      3771.7    
     4    31 0.23363     0.77878E-01 -.62302      205.43     -1734.1     -346.67     -2055.5      2711.6    
     4    32 0.27257     0.11682     -.66196      206.57     0.16090E-01  682.67     -682.67      965.44    
     4    33 -.38939E-01 -.27257     -.27257      227.86      386.92      3218.5      3218.5      4568.1    
     4    34  0.0000     -.23363     -.31151      228.47     0.89228E-09  3284.3      3086.8      4507.2    
     4    35 0.38939E-01 -.19469     -.35045      228.64     -427.15      3189.0      2836.8      4289.5    
     4    36 0.77878E-01 -.15576     -.38939      227.69     -1145.4      2897.1      2787.8      4180.6    
     4    37 0.11682     -.11682     -.42833      223.56     -2171.7      2171.7      3042.9      4323.3    
     4    38 0.15576     -.77878E-01 -.46727      215.48     -2694.8      1279.9      3158.1      4344.4    
     4    39 0.19469     -.38939E-01 -.50621      205.57     -2325.7      473.95      2931.2      3771.7    
     4    40 0.23363      0.0000     -.54514      196.60     -1077.0     0.23090E-02 0.23753E-02  1077.0    
     4    41 0.27257     0.38939E-01 -.58408      199.88     -.39295E-02  962.57     -962.57      1361.3    
     4    42 0.38939E-01 -.27257     -.27257      227.86     -386.92      3218.5      3218.5      4568.1    
     4    43 0.77878E-01 -.23363     -.31151      226.83     -806.65      3152.9      2996.0      4423.5    
     4    44 0.11682     -.19469     -.35045      224.85     -1422.3      2858.6      2828.9      4265.8    
     4    45 0.15576     -.15576     -.38939      220.53     -2209.0      2208.9      2854.7      4231.8    
     4    46 0.19469     -.11682     -.42833      213.33     -2526.9      1337.7      2724.9      3949.7    
     4    47 0.23363     -.77878E-01 -.46727      205.43     -1734.1      346.68      2055.5      2711.5    
     4    48 0.27257     -.38939E-01 -.50621      199.88     -.39295E-02 -962.58      962.58      1361.3    
     4    49 0.11682     -.27257     -.27257      224.64     -1173.2      2983.3      2983.4      4379.2    
     4    50 0.15576     -.23363     -.31151      221.76     -1624.4      2724.6      2801.2      4232.0    
     4    51 0.19469     -.19469     -.35045      217.29     -2095.3      2095.3      2647.6      3973.7    
     4    52 0.23363     -.15576     -.38939      211.25     -1832.8      977.38      2072.6      2934.3    
     4    53 0.27257     -.11682     -.42833      206.57     0.16090E-01 -682.72      682.72      965.51    
     4    54 0.19469     -.27257     -.27257      218.33     -1804.4      2531.4      2531.4      4009.0    
     4    55 0.23363     -.23363     -.31151      214.27     -1666.3      1666.4      2027.1      3108.4    
     4    56 0.27257     -.19469     -.35045      211.06     -.24264E-01 -380.59      380.61      538.25    
     4    57 0.27257     -.27257     -.27257      212.64      0.0000      0.0000     -.89228E-09 0.89228E-09
     4    58 -.11682     -.19469     -.27257      236.48      1497.8      2640.0      2749.8      4095.6    
     4    59 -.77878E-01 -.15576     -.31151      238.93      1064.7      2600.3      2684.5      3886.1    
     4    60 -.38939E-01 -.11682     -.35045      240.51      523.74      2462.0      2434.5      3501.8    
     4    61  0.0000     -.77878E-01 -.38939      241.23     0.21441E-01  2313.5      2217.2      3204.4    
     4    62 0.38939E-01 -.38939E-01 -.42833      239.24     -1518.5      1518.5      2836.9      3558.0    
     4    63 0.77878E-01  0.0000     -.46727      229.72     -2429.4     0.10054E-02  3439.2      4210.7    
     4    64 -.38939E-01 -.19469     -.27257      240.67      510.79      2855.2      2932.3      4124.5    
     4    65  0.0000     -.15576     -.31151      241.01     -.22807E-02  2672.6      2732.9      3822.5    
     4    66 0.38939E-01 -.11682     -.35045      240.51     -523.67      2462.0      2434.5      3501.8    
     4    67 0.77878E-01 -.77878E-01 -.38939      237.78     -1794.6      1794.6      2552.2      3599.3    
     4    68 0.11682     -.38939E-01 -.42833      229.78     -2804.7      740.90      2877.8      4086.2    
     4    69 0.15576      0.0000     -.46727      218.20     -2997.6     -.68401E-02  3088.3      4303.8    
     4    70 0.19469     0.38939E-01 -.50621      205.57     -2325.7     -473.92      2931.2      3771.7    
     4    71 0.23363     0.77878E-01 -.54514      199.72      484.08      749.28     -.13979E-03  892.05    
     4    72 0.27257     0.11682     -.58408      205.62      2152.5      1810.2     -13.632      2812.5    
     4    73 0.38939E-01 -.19469     -.27257      240.67     -510.77      2855.2      2932.3      4124.5    
     4    74 0.77878E-01 -.15576     -.31151      238.93     -1064.7      2600.3      2684.5      3886.1    
     4    75 0.11682     -.11682     -.35045      235.23     -2020.6      2020.6      2648.3      3896.1    
     4    76 0.15576     -.77878E-01 -.38939      227.69     -2897.0      1145.5      2787.9      4180.6    
     4    77 0.19469     -.38939E-01 -.42833      217.22     -3132.4      477.51      2732.8      4184.3    
     4    78 0.23363      0.0000     -.46727      206.36     -2501.4     0.16857E-02  2324.6      3414.7    
     4    79 0.27257     0.38939E-01 -.50621      199.88     -.51798E-02  962.58      962.57      1361.3    
     4    80 0.11682     -.19469     -.27257      236.48     -1497.8      2640.0      2749.8      4095.6    
     4    81 0.15576     -.15576     -.31151      232.12     -2169.1      2169.1      2735.9      4110.3    
     4    82 0.19469     -.11682     -.35045      224.85     -2858.6      1422.3      2828.9      4265.8    
     4    83 0.23363     -.77878E-01 -.38939      215.10     -2998.7      685.73      2612.0      4035.5    
     4    84 0.27257     -.38939E-01 -.42833      205.62     -2152.5     -13.590      1810.1      2812.5    
     4    85 0.19469     -.19469     -.27257      228.58     -2272.3      2272.4      2693.8      4193.3    
     4    86 0.23363     -.15576     -.31151      221.76     -2724.6      1624.5      2801.2      4231.9    
     4    87 0.27257     -.11682     -.35045      213.05     -2551.8      729.69      2407.0      3583.0    
     4    88 0.27257     -.19469     -.27257      218.33     -2531.4      1804.4      2531.3      4008.9    
     4    89 0.38939E-01 -.11682     -.27257      250.67     -537.93      1906.4      2503.0      3192.0    
     4    90 0.77878E-01 -.77878E-01 -.31151      247.47     -1386.9      1386.8      2257.8      2990.7    
     4    91 0.11682     -.38939E-01 -.35045      240.51     -2462.0      523.68      2434.5      3501.8    
     4    92 0.15576      0.0000     -.38939      229.94     -3087.6     -.35896E-02  2672.7      4083.7    
     4    93 0.11682     -.11682     -.27257      245.80     -1792.0      1792.1      2480.6      3546.3    
     4    94 0.15576     -.77878E-01 -.31151      238.93     -2600.3      1064.7      2684.5      3886.1    
     4    95 0.19469     -.38939E-01 -.35045      228.64     -3188.9      427.12      2836.8      4289.4    
     4    96 0.23363      0.0000     -.38939      216.51     -3261.5     -.10597E-03  2655.4      4205.8    
     4    97 0.27257     0.38939E-01 -.42833      205.62     -2152.5      13.629      1810.2      2812.5    
     4    98 0.19469     -.11682     -.27257      236.48     -2640.0      1497.8      2749.8      4095.6    
     4    99 0.23363     -.77878E-01 -.31151      226.83     -3152.9      806.69      2996.0      4423.5    
     4   100 0.27257     -.38939E-01 -.35045      215.17     -3149.4      258.71      2785.9      4212.7    
     4   101 0.27257     -.11682     -.27257      224.64     -2983.4      1173.2      2983.4      4379.2    
     4   102 0.19469     -.38939E-01 -.27257      240.67     -2855.1      510.79      2932.3      4124.4    
     4   103 0.23363      0.0000     -.31151      228.47     -3284.3     0.38844E-01  3086.8      4507.3    
     4   104 0.27257     -.38939E-01 -.27257      227.86     -3218.5      386.88      3218.5      4568.0    
     5     1 -.27257     -.27257     -.27257      263.91      0.0000      0.0000      0.0000      0.0000    
     5     2 -.23363     -.23363     -.31151      262.47     -347.66     -347.66      656.57      820.26    
     5     3 -.19469     -.19469     -.35045      258.64     -578.54     -578.54      1081.2      1355.9    
     5     4 -.15576     -.15576     -.38939      253.75     -616.65     -616.65      1127.9      1425.8    
     5     5 -.11682     -.11682     -.42833      249.37     -477.23     -477.23      836.63      1074.9    
     5     6 -.77878E-01 -.77878E-01 -.46727      246.51     -270.23     -270.23      437.55      580.95    
     5     7 -.38939E-01 -.38939E-01 -.50621      245.18     -105.29     -105.29      150.69      211.85    
     5     8  0.0000      0.0000     -.54514      244.83     -.89228E-09 -.17846E-08 -.17846E-08 0.26768E-08
     5     9 -.19469     -.27257     -.27257      262.76     -520.82      395.55      395.58      764.33    
     5    10 -.15576     -.23363     -.31151      260.40     -581.07     -92.457      960.28      1126.2    
     5    11 -.11682     -.19469     -.35045      256.48     -352.03     -505.00      1186.1      1336.3    
     5    12 -.77878E-01 -.15576     -.38939      252.44      120.25     -783.04      1091.8      1348.9    
     5    13 -.38939E-01 -.11682     -.42833      249.49      614.13     -928.23      772.26      1354.7    
     5    14  0.0000     -.77878E-01 -.46727      247.60     -.89228E-09 -968.33      325.47      1021.6    
     5    15 0.38939E-01 -.38939E-01 -.50621      245.18      105.29     -105.29      150.69      211.85    
     5    16 0.77878E-01  0.0000     -.54514      247.04      890.00     -.87040E-01 0.20540E-01  890.00    
     5    17 0.11682     0.38939E-01 -.58408      247.38      767.86     -616.91     -246.45      1015.3    
     5    18 0.15576     0.77878E-01 -.62302      248.90      704.90     -178.72     -588.69      935.62    
     5    19 0.19469     0.11682     -.66196      252.00      627.45      296.01     -920.39      1152.6    
     5    20 0.23363     0.15576     -.70090      256.19      403.64      659.84     -1024.9      1284.0    
     5    21 0.27257     0.19469     -.73984      260.12     0.12044E-01  799.63     -799.66      1130.9    
     5    22 -.11682     -.27257     -.27257      260.10     -680.83      732.79      732.82      1240.0    
     5    23 -.77878E-01 -.23363     -.31151      258.21     -416.56      447.22      1060.2      1223.7    
     5    24 -.38939E-01 -.19469     -.35045      256.21      168.37      126.05      1144.2      1163.3    
     5    25  0.0000     -.15576     -.38939      254.74      0.0000      71.745      1166.5      1168.7    
     5    26 0.38939E-01 -.11682     -.42833      249.49     -614.13     -928.19      772.30      1354.7    
     5    27 0.77878E-01 -.77878E-01 -.46727      246.51      270.23     -270.24      437.55      580.96    
     5    28 0.11682     -.38939E-01 -.50621      247.38      767.86      616.97      246.41      1015.4    
     5    29 0.15576      0.0000     -.54514      250.74      786.81     0.50202E-01 -.44459E-01  786.81    
     5    30 0.19469     0.38939E-01 -.58408      250.31      557.87     -677.80     -199.23      900.18    
     5    31 0.23363     0.77878E-01 -.62302      251.23      328.73      5.9611     -470.43      573.94    
     5    32 0.27257     0.11682     -.66196      253.47     0.92537E-02  642.13     -642.15      908.13    
     5    33 -.38939E-01 -.27257     -.27257      257.88     -315.59      936.29      936.32      1361.2    
     5    34  0.0000     -.23363     -.31151      257.31      0.0000      811.88      1052.4      1329.2    
     5    35 0.38939E-01 -.19469     -.35045      256.21     -168.37      126.06      1144.1      1163.2    
     5    36 0.77878E-01 -.15576     -.38939      252.44     -120.25     -783.06      1091.8      1348.9    
     5    37 0.11682     -.11682     -.42833      249.37      477.23     -477.26      836.60      1074.9    
     5    38 0.15576     -.77878E-01 -.46727      248.90      704.90      178.78      588.75      935.67    
     5    39 0.19469     -.38939E-01 -.50621      250.31      557.87      677.88      199.20      900.24    
     5    40 0.23363      0.0000     -.54514      253.03      290.14     0.19411E-01 0.19334E-01  290.14    
     5    41 0.27257     0.38939E-01 -.58408      251.52     -.16075E-02 -227.43      227.42      321.63    
     5    42 0.38939E-01 -.27257     -.27257      257.88      315.59      936.31      936.30      1361.2    
     5    43 0.77878E-01 -.23363     -.31151      258.21      416.56      447.20      1060.2      1223.7    
     5    44 0.11682     -.19469     -.35045      256.48      352.03     -505.03      1186.0      1336.2    
     5    45 0.15576     -.15576     -.38939      253.75      616.65     -616.81      1127.9      1425.8    
     5    46 0.19469     -.11682     -.42833      252.00      627.45     -296.00      920.50      1152.7    
     5    47 0.23363     -.77878E-01 -.46727      251.23      328.73     -5.9669      470.44      573.94    
     5    48 0.27257     -.38939E-01 -.50621      251.52     -.16075E-02  227.38     -227.38      321.56    
     5    49 0.11682     -.27257     -.27257      260.10      680.83      732.82      732.85      1240.0    
     5    50 0.15576     -.23363     -.31151      260.40      581.07     -92.468      960.27      1126.2    
     5    51 0.19469     -.19469     -.35045      258.64      578.54     -578.61      1081.2      1355.9    
     5    52 0.23363     -.15576     -.38939      256.19      403.64     -659.86      1024.9      1284.0    
     5    53 0.27257     -.11682     -.42833      253.47     0.92537E-02 -642.15      642.16      908.15    
     5    54 0.19469     -.27257     -.27257      262.76      520.82      395.59      395.62      764.36    
     5    55 0.23363     -.23363     -.31151      262.47      347.66     -347.80      656.49      820.25    
     5    56 0.27257     -.19469     -.35045      260.12     0.12044E-01 -799.58      799.56      1130.8    
     5    57 0.27257     -.27257     -.27257      263.91      0.0000     -.17846E-08 0.53537E-08 0.56433E-08
     5    58 -.11682     -.19469     -.27257      261.35     -248.80     -252.27      1118.3      1173.1    
     5    59 -.77878E-01 -.15576     -.31151      257.53      33.847     -695.77      1312.7      1486.0    
     5    60 -.38939E-01 -.11682     -.35045      253.56      379.23     -1016.1      1174.7      1598.8    
     5    61  0.0000     -.77878E-01 -.38939      249.93     -.30553E-01 -980.77      836.41      1289.0    
     5    62 0.38939E-01 -.38939E-01 -.42833      246.63      171.62     -171.67      596.94      644.41    
     5    63 0.77878E-01  0.0000     -.46727      247.60      968.39     0.10706E-03  325.45      1021.6    
     5    64 -.38939E-01 -.19469     -.27257      261.08      139.85      167.22      1117.2      1138.3    
     5    65  0.0000     -.15576     -.31151      258.52     0.67681E-01 -1019.3      946.76      1391.2    
     5    66 0.38939E-01 -.11682     -.35045      253.56     -379.12     -1016.1      1174.7      1598.7    
     5    67 0.77878E-01 -.77878E-01 -.38939      249.44      389.47     -389.41      1001.1      1142.6    
     5    68 0.11682     -.38939E-01 -.42833      249.49      928.21      614.25      772.22      1354.7    
     5    69 0.15576      0.0000     -.46727      251.26      392.49     0.19177E-01  472.98      614.62    
     5    70 0.19469     0.38939E-01 -.50621      250.31      557.89     -677.81      199.23      900.20    
     5    71 0.23363     0.77878E-01 -.54514      250.26      532.65     -232.30     0.16476E-01  581.10    
     5    72 0.27257     0.11682     -.58408      251.62      423.05      340.25     -231.96      590.38    
     5    73 0.38939E-01 -.19469     -.27257      261.08     -139.79      167.22      1117.2      1138.3    
     5    74 0.77878E-01 -.15576     -.31151      257.53     -33.881     -695.75      1312.7      1486.1    
     5    75 0.11682     -.11682     -.35045      253.82      539.99     -540.08      1291.0      1500.0    
     5    76 0.15576     -.77878E-01 -.38939      252.44      783.06      120.31      1091.8      1349.0    
     5    77 0.19469     -.38939E-01 -.42833      252.21      228.15      331.05      735.60      838.30    
     5    78 0.23363      0.0000     -.46727      251.73     -146.53     -.59495E-02  57.238      157.32    
     5    79 0.27257     0.38939E-01 -.50621      251.52     0.24128E-03 -227.42     -227.42      321.62    
     5    80 0.11682     -.19469     -.27257      261.35      248.78     -252.27      1118.3      1173.1    
     5    81 0.15576     -.15576     -.31151      258.74      511.83     -511.93      1235.8      1432.2    
     5    82 0.19469     -.11682     -.35045      256.48      504.99     -352.08      1186.1      1336.3    
     5    83 0.23363     -.77878E-01 -.38939      254.09     -65.039     -323.28      886.42      945.77    
     5    84 0.27257     -.38939E-01 -.42833      251.62     -423.02     -231.97      340.27      590.37    
     5    85 0.19469     -.19469     -.27257      262.62      289.71     -289.74      800.51      899.27    
     5    86 0.23363     -.15576     -.31151      260.40      92.493     -581.06      960.29      1126.2    
     5    87 0.27257     -.11682     -.35045      256.66     -392.25     -802.41      858.10      1238.6    
     5    88 0.27257     -.19469     -.27257      262.76     -395.58     -520.80      395.57      764.32    
     5    89 0.38939E-01 -.11682     -.27257      259.13     -53.212     -580.28      1501.3      1610.4    
     5    90 0.77878E-01 -.77878E-01 -.31151      254.84      380.12     -380.11      1592.8      1681.0    
     5    91 0.11682     -.38939E-01 -.35045      253.56      1016.2      379.15      1174.7      1598.9    
     5    92 0.15576      0.0000     -.38939      254.74     -71.711     -.12850E-01  1166.5      1168.7    
     5    93 0.11682     -.11682     -.27257      259.73      361.58     -361.70      1522.0      1605.6    
     5    94 0.15576     -.77878E-01 -.31151      257.53      695.76      33.848      1312.7      1486.0    
     5    95 0.19469     -.38939E-01 -.35045      256.21     -125.98      168.36      1144.0      1163.2    
     5    96 0.23363      0.0000     -.38939      253.47     -500.24     -.10366E-01  738.34      891.84    
     5    97 0.27257     0.38939E-01 -.42833      251.62     -423.03      231.93      340.30      590.38    
     5    98 0.19469     -.11682     -.27257      261.35      252.27     -248.78      1118.3      1173.1    
     5    99 0.23363     -.77878E-01 -.31151      258.21     -447.24     -416.55      1060.2      1223.7    
     5   100 0.27257     -.38939E-01 -.35045      254.14     -691.60     -346.55      817.79      1125.7    
     5   101 0.27257     -.11682     -.27257      260.10     -732.84     -680.86      732.83      1240.0    
     5   102 0.19469     -.38939E-01 -.27257      261.08     -167.20      139.88      1117.2      1138.2    
     5   103 0.23363      0.0000     -.31151      257.31     -811.91     -.52785E-02  1052.4      1329.2    
     5   104 0.27257     -.38939E-01 -.27257      257.88     -936.29     -315.55      936.31      1361.2    
     6     1 -.27257     -.27257     -.27257      263.91      0.0000     -.17846E-08  0.0000     0.17846E-08
     6     2 -.23363     -.23363     -.31151      263.91      14.944      14.944      57.729      61.475    
     6     3 -.19469     -.19469     -.35045      263.54     -141.33     -141.33      130.44      238.67    
     6     4 -.15576     -.15576     -.38939      261.91     -478.80     -478.80      258.03      724.63    
     6     5 -.11682     -.11682     -.42833      258.37     -889.30     -889.30      429.35      1328.9    
     6     6 -.77878E-01 -.77878E-01 -.46727      252.98     -1198.3     -1198.3      495.34      1765.6    
     6     7 -.38939E-01 -.38939E-01 -.50621      247.32     -1012.6     -1012.6      239.62      1452.0    
     6     8  0.0000      0.0000     -.54514      244.83     0.26768E-08 0.89228E-09 -.89228E-09 0.29593E-08
     6     9 -.19469     -.27257     -.27257      263.82     -36.893      13.405      13.419      41.483    
     6    10 -.15576     -.23363     -.31151      263.58     -169.65     -7.4741      148.10      225.33    
     6    11 -.11682     -.19469     -.35045      262.16     -509.79     -203.21      379.63      667.30    
     6    12 -.77878E-01 -.15576     -.38939      258.94     -925.13     -478.42      625.98      1215.2    
     6    13 -.38939E-01 -.11682     -.42833      253.89     -1184.6     -779.18      809.50      1632.7    
     6    14  0.0000     -.77878E-01 -.46727      248.47      0.0000     -921.82      725.84      1173.3    
     6    15 0.38939E-01 -.38939E-01 -.50621      247.32      1012.6     -1012.6      239.63      1452.0    
     6    16 0.77878E-01  0.0000     -.54514      247.04      890.00     -.86869E-01 0.20374E-01  890.00    
     6    17 0.11682     0.38939E-01 -.58408      251.85      1025.0      1384.4     -221.86      1736.7    
     6    18 0.15576     0.77878E-01 -.62302      257.09      745.63      1270.9     -275.68      1499.1    
     6    19 0.19469     0.11682     -.66196      260.95      362.81      844.06     -198.63      939.96    
     6    20 0.23363     0.15576     -.70090      262.95      72.450      380.86     -127.44      408.10    
     6    21 0.27257     0.19469     -.73984      263.65     0.29640E-01  89.893     -89.926      127.15    
     6    22 -.11682     -.27257     -.27257      263.66     -34.533     -58.552     -58.567      89.728    
     6    23 -.77878E-01 -.23363     -.31151      262.78     -179.08     -435.78      292.36      554.48    
     6    24 -.38939E-01 -.19469     -.35045      259.80     -509.05     -792.11      653.24      1146.0    
     6    25  0.0000     -.15576     -.38939      254.98     0.89228E-09 -1339.3      757.36      1538.6    
     6    26 0.38939E-01 -.11682     -.42833      253.89      1184.6     -779.14      809.54      1632.7    
     6    27 0.77878E-01 -.77878E-01 -.46727      252.98      1198.3     -1198.3      495.33      1765.6    
     6    28 0.11682     -.38939E-01 -.50621      251.85      1025.0     -1384.3      221.83      1736.7    
     6    29 0.15576      0.0000     -.54514      250.74      786.81     0.50136E-01 -.44575E-01  786.81    
     6    30 0.19469     0.38939E-01 -.58408      255.16      545.90      1295.4     -286.99      1434.7    
     6    31 0.23363     0.77878E-01 -.62302      259.08      226.95      951.18     -413.51      1061.7    
     6    32 0.27257     0.11682     -.66196      261.63     -.22129E-02  446.99     -447.01      632.16    
     6    33 -.38939E-01 -.27257     -.27257      263.56     -10.870     -158.72     -158.74      224.74    
     6    34  0.0000     -.23363     -.31151      262.37      0.0000     -748.99      366.57      833.88    
     6    35 0.38939E-01 -.19469     -.35045      259.80      509.05     -792.10      653.11      1145.9    
     6    36 0.77878E-01 -.15576     -.38939      258.94      925.13     -478.43      626.00      1215.2    
     6    37 0.11682     -.11682     -.42833      258.37      889.30     -889.29      429.33      1328.9    
     6    38 0.15576     -.77878E-01 -.46727      257.09      745.63     -1270.9      275.70      1499.0    
     6    39 0.19469     -.38939E-01 -.50621      255.16      545.90     -1295.4      286.97      1434.7    
     6    40 0.23363      0.0000     -.54514      253.03      290.12     0.19314E-01 0.19378E-01  290.12    
     6    41 0.27257     0.38939E-01 -.58408      256.29     0.85615E-03  764.30     -764.31      1080.9    
     6    42 0.38939E-01 -.27257     -.27257      263.56      10.870     -158.69     -158.67      224.67    
     6    43 0.77878E-01 -.23363     -.31151      262.78      179.08     -435.81      292.29      554.47    
     6    44 0.11682     -.19469     -.35045      262.16      509.79     -203.18      379.60      667.28    
     6    45 0.15576     -.15576     -.38939      261.91      478.80     -478.82      258.02      724.64    
     6    46 0.19469     -.11682     -.42833      260.95      362.81     -844.04      198.70      939.96    
     6    47 0.23363     -.77878E-01 -.46727      259.08      226.95     -951.18      413.54      1061.7    
     6    48 0.27257     -.38939E-01 -.50621      256.29     0.85615E-03 -764.35      764.36      1081.0    
     6    49 0.11682     -.27257     -.27257      263.66      34.533     -58.511     -58.527      89.674    
     6    50 0.15576     -.23363     -.31151      263.58      169.65     -7.4703      148.12      225.34    
     6    51 0.19469     -.19469     -.35045      263.54      141.33     -141.32      130.45      238.66    
     6    52 0.23363     -.15576     -.38939      262.95      72.450     -380.84      127.45      408.08    
     6    53 0.27257     -.11682     -.42833      261.63     -.22129E-02 -446.97      446.98      632.12    
     6    54 0.19469     -.27257     -.27257      263.82      36.893      13.399      13.434      41.486    
     6    55 0.23363     -.23363     -.31151      263.91     -14.944      14.948      57.763      61.508    
     6    56 0.27257     -.19469     -.35045      263.65     0.29640E-01 -89.931      89.903      127.16    
     6    57 0.27257     -.27257     -.27257      263.91      0.0000     -.35691E-08  0.0000     0.35691E-08
     6    58 -.11682     -.19469     -.27257      263.92     -262.63      318.53      448.28      609.42    
     6    59 -.77878E-01 -.15576     -.31151      262.19     -509.83      132.54      912.88      1054.0    
     6    60 -.38939E-01 -.11682     -.35045      258.63     -627.26     -70.441      1422.5      1556.2    
     6    61  0.0000     -.77878E-01 -.38939      253.77     0.62788E-02 -562.33      1810.7      1896.0    
     6    62 0.38939E-01 -.38939E-01 -.42833      250.00      1068.2     -1068.2      1228.3      1947.0    
     6    63 0.77878E-01  0.0000     -.46727      248.47      921.85     0.17810E-02  725.84      1173.3    
     6    64 -.38939E-01 -.19469     -.27257      262.45     -390.53      88.617      658.37      770.59    
     6    65  0.0000     -.15576     -.31151      260.25     -.85702E-02  582.48      1412.4      1527.8    
     6    66 0.38939E-01 -.11682     -.35045      258.63      627.32     -70.436      1422.4      1556.2    
     6    67 0.77878E-01 -.77878E-01 -.38939      256.48      757.83     -757.79      1204.1      1612.0    
     6    68 0.11682     -.38939E-01 -.42833      253.89      779.11     -1184.5      809.49      1632.6    
     6    69 0.15576      0.0000     -.46727      252.29      1171.5     0.20358E-01  535.43      1288.0    
     6    70 0.19469     0.38939E-01 -.50621      255.16      545.93      1295.4      286.99      1434.7    
     6    71 0.23363     0.77878E-01 -.54514      258.14     -25.089      1276.0     0.14885E-01  1276.2    
     6    72 0.27257     0.11682     -.58408      260.12     -476.12      913.93     -219.37      1053.6    
     6    73 0.38939E-01 -.19469     -.27257      262.45      390.60      88.602      658.37      770.63    
     6    74 0.77878E-01 -.15576     -.31151      262.19      509.83      132.56      912.89      1054.0    
     6    75 0.11682     -.11682     -.35045      261.04      422.47     -422.45      843.62      1033.7    
     6    76 0.15576     -.77878E-01 -.38939      258.94      478.42     -925.15      625.98      1215.2    
     6    77 0.19469     -.38939E-01 -.42833      257.13      846.08     -823.89      607.66      1328.1    
     6    78 0.23363      0.0000     -.46727      256.45      761.20     -.16219E-02  922.13      1195.7    
     6    79 0.27257     0.38939E-01 -.50621      256.29     0.57173E-03  764.31      764.33      1080.9    
     6    80 0.11682     -.19469     -.27257      263.92      262.61      318.55      448.26      609.41    
     6    81 0.15576     -.15576     -.31151      263.53      125.74     -125.71      505.25      535.62    
     6    82 0.19469     -.11682     -.35045      262.16      203.16     -509.82      379.61      667.30    
     6    83 0.23363     -.77878E-01 -.38939      261.08      553.23     -442.69      495.70      864.73    
     6    84 0.27257     -.38939E-01 -.42833      260.12      476.16     -219.38      913.92      1053.6    
     6    85 0.19469     -.19469     -.27257      264.33     -76.504      76.496      225.38      250.00    
     6    86 0.23363     -.15576     -.31151      263.58      7.5098     -169.67      148.14      225.36    
     6    87 0.27257     -.11682     -.35045      263.24      254.47     -86.093      275.62      384.88    
     6    88 0.27257     -.19469     -.27257      263.82     -13.427     -36.895      13.428      41.495    
     6    89 0.38939E-01 -.11682     -.27257      264.77      115.53      555.87      1446.1      1553.5    
     6    90 0.77878E-01 -.77878E-01 -.31151      262.39      85.630     -85.652      1538.7      1543.5    
     6    91 0.11682     -.38939E-01 -.35045      258.63      70.459     -627.30      1422.5      1556.2    
     6    92 0.15576      0.0000     -.38939      254.98      1339.3     -.17093E-01  757.38      1538.6    
     6    93 0.11682     -.11682     -.27257      264.96     -95.992      96.011      988.58      997.86    
     6    94 0.15576     -.77878E-01 -.31151      262.19     -132.55     -509.81      912.92      1054.0    
     6    95 0.19469     -.38939E-01 -.35045      259.80      792.14     -509.00      653.16      1145.9    
     6    96 0.23363      0.0000     -.38939      260.03      997.29     -.10771E-01  751.52      1248.7    
     6    97 0.27257     0.38939E-01 -.42833      260.12      476.14      219.34      913.95      1053.6    
     6    98 0.19469     -.11682     -.27257      263.92     -318.52     -262.60      448.23      609.37    
     6    99 0.23363     -.77878E-01 -.31151      262.78      435.86     -179.06      292.25      554.48    
     6   100 0.27257     -.38939E-01 -.35045      263.02      542.49     -24.087      435.57      696.13    
     6   101 0.27257     -.11682     -.27257      263.66      58.600     -34.472     -58.522      89.705    
     6   102 0.19469     -.38939E-01 -.27257      262.45     -88.646     -390.55      658.37      770.60    
     6   103 0.23363      0.0000     -.31151      262.37      749.13     0.51960E-01  366.60      834.02    
     6   104 0.27257     -.38939E-01 -.27257      263.56      158.62     -10.892     -158.69      224.64    
