 # i,    taui (ni),  alpha ;   j,    tauj  (nj),   beta  :   term  group   rij 
   1  [    1 ( 0, 0, 0) ] 1     1  [    1 ( 0, 0, 0) ] 1  :     1    1    0.000
   1  [    1 ( 0, 0, 0) ] 1    41  [    2 ( 0, 0, 0) ] 1  :     1    2    4.075
   1  [    1 ( 0, 0, 0) ] 1    59  [    2 (-1, 0, 0) ] 1  :     7    2    7.486
   1  [    1 ( 0, 0, 0) ] 1     9  [    2 ( 0,-1, 0) ] 1  :    19    2    4.778
   1  [    1 ( 0, 0, 0) ] 1    27  [    2 ( 0, 0,-1) ] 1  :    31    2    2.495
   1  [    1 ( 0, 0, 0) ] 1    41  [    2 ( 0, 0, 0) ] 2  :     1    3    4.075
   1  [    1 ( 0, 0, 0) ] 1    41  [    2 ( 0, 0, 0) ] 3  :     3    3    4.075
   1  [    1 ( 0, 0, 0) ] 1    59  [    2 (-1, 0, 0) ] 2  :    13    3    7.486
   1  [    1 ( 0, 0, 0) ] 1    59  [    2 (-1, 0, 0) ] 3  :    17    3    7.486
   1  [    1 ( 0, 0, 0) ] 1     9  [    2 ( 0,-1, 0) ] 2  :    37    3    4.778
   1  [    1 ( 0, 0, 0) ] 1     9  [    2 ( 0,-1, 0) ] 3  :    41    3    4.778
   1  [    1 ( 0, 0, 0) ] 1    27  [    2 ( 0, 0,-1) ] 2  :    61    3    2.495
   1  [    1 ( 0, 0, 0) ] 1    27  [    2 ( 0, 0,-1) ] 3  :    65    3    2.495
   1  [    1 ( 0, 0, 0) ] 1    28  [    2 (-1,-1, 0) ] 1  :     1    4    4.075
   1  [    1 ( 0, 0, 0) ] 1    42  [    2 (-1,-1, 1) ] 1  :     9    4    4.778
   1  [    1 ( 0, 0, 0) ] 1    11  [    2 (-1, 0,-1) ] 1  :    17    4    2.495
   1  [    1 ( 0, 0, 0) ] 1    43  [    2 (-1, 1,-1) ] 1  :    33    4    4.075
   1  [    1 ( 0, 0, 0) ] 1    57  [    2 ( 0,-1, 1) ] 1  :    57    4    8.150
   1  [    1 ( 0, 0, 0) ] 1    60  [    2 ( 0, 1,-1) ] 1  :    65    4    7.058
   1  [    1 ( 0, 0, 0) ] 1    25  [    2 ( 1,-1, 0) ] 1  :    81    4    4.778
   1  [    1 ( 0, 0, 0) ] 1    10  [    2 ( 1, 0,-1) ] 1  :    89    4    4.075
   1  [    1 ( 0, 0, 0) ] 1    28  [    2 (-1,-1, 0) ] 2  :     1    5    4.075
   1  [    1 ( 0, 0, 0) ] 1    42  [    2 (-1,-1, 1) ] 2  :     9    5    4.778
   1  [    1 ( 0, 0, 0) ] 1    11  [    2 (-1, 0,-1) ] 3  :    17    5    2.495
   1  [    1 ( 0, 0, 0) ] 1    43  [    2 (-1, 1,-1) ] 3  :    33    5    4.075
   1  [    1 ( 0, 0, 0) ] 1    57  [    2 ( 0,-1, 1) ] 3  :    57    5    8.150
   1  [    1 ( 0, 0, 0) ] 1    60  [    2 ( 0, 1,-1) ] 2  :    65    5    7.058
   1  [    1 ( 0, 0, 0) ] 1    25  [    2 ( 1,-1, 0) ] 3  :    81    5    4.778
   1  [    1 ( 0, 0, 0) ] 1    10  [    2 ( 1, 0,-1) ] 2  :    89    5    4.075
   1  [    1 ( 0, 0, 0) ] 1    28  [    2 (-1,-1, 0) ] 3  :     1    6    4.075
   1  [    1 ( 0, 0, 0) ] 1    42  [    2 (-1,-1, 1) ] 3  :    17    6    4.778
   1  [    1 ( 0, 0, 0) ] 1    11  [    2 (-1, 0,-1) ] 2  :    33    6    2.495
   1  [    1 ( 0, 0, 0) ] 1    13  [    2 (-1, 0, 1) ] 2  :    49    6    4.778
   1  [    1 ( 0, 0, 0) ] 1    13  [    2 (-1, 0, 1) ] 3  :    53    6    4.778
   1  [    1 ( 0, 0, 0) ] 1    43  [    2 (-1, 1,-1) ] 2  :    65    6    4.075
   1  [    1 ( 0, 0, 0) ] 1    31  [    2 (-1, 1, 0) ] 2  :    81    6    4.778
   1  [    1 ( 0, 0, 0) ] 1    31  [    2 (-1, 1, 0) ] 3  :    85    6    4.778
   1  [    1 ( 0, 0, 0) ] 1    63  [    2 ( 0,-1,-1) ] 2  :    97    6    7.486
   1  [    1 ( 0, 0, 0) ] 1    63  [    2 ( 0,-1,-1) ] 3  :   101    6    7.486
   1  [    1 ( 0, 0, 0) ] 1    57  [    2 ( 0,-1, 1) ] 2  :   113    6    8.150
   1  [    1 ( 0, 0, 0) ] 1    60  [    2 ( 0, 1,-1) ] 3  :   129    6    7.058
   1  [    1 ( 0, 0, 0) ] 1    45  [    2 ( 1,-1,-1) ] 2  :   145    6    7.058
   1  [    1 ( 0, 0, 0) ] 1    45  [    2 ( 1,-1,-1) ] 3  :   149    6    7.058
   1  [    1 ( 0, 0, 0) ] 1    25  [    2 ( 1,-1, 0) ] 2  :   161    6    4.778
   1  [    1 ( 0, 0, 0) ] 1    10  [    2 ( 1, 0,-1) ] 3  :   177    6    4.075
   1  [    1 ( 0, 0, 0) ] 1    13  [    2 (-1, 0, 1) ] 1  :    13    7    4.778
   1  [    1 ( 0, 0, 0) ] 1    31  [    2 (-1, 1, 0) ] 1  :    21    7    4.778
   1  [    1 ( 0, 0, 0) ] 1    63  [    2 ( 0,-1,-1) ] 1  :    25    7    7.486
   1  [    1 ( 0, 0, 0) ] 1    45  [    2 ( 1,-1,-1) ] 1  :    37    7    7.058
   1  [    1 ( 0, 0, 0) ] 1     2  [    1 (-1,-1, 1) ] 1  :     1    8    2.495
   1  [    1 ( 0, 0, 0) ] 1     2  [    1 ( 1, 1,-1) ] 1  :     4    8    2.495
   1  [    1 ( 0, 0, 0) ] 1     3  [    1 (-1, 1,-1) ] 1  :     9    8    7.486
   1  [    1 ( 0, 0, 0) ] 1     3  [    1 ( 1,-1, 1) ] 1  :    12    8    7.486
   1  [    1 ( 0, 0, 0) ] 1     5  [    1 (-1, 1, 1) ] 1  :     9    9    4.778
   1  [    1 ( 0, 0, 0) ] 1     5  [    1 ( 1,-1,-1) ] 1  :    12    9    4.778
   1  [    1 ( 0, 0, 0) ] 1    19  [    1 (-1, 0, 0) ] 1  :     1   10    7.486
   1  [    1 ( 0, 0, 0) ] 1    18  [    1 ( 1, 0, 0) ] 1  :     4   10    5.763
   1  [    1 ( 0, 0, 0) ] 1    17  [    1 ( 0,-1, 1) ] 1  :    17   10    4.778
   1  [    1 ( 0, 0, 0) ] 1    20  [    1 ( 0, 1,-1) ] 1  :    20   10    7.058
   1  [    1 ( 0, 0, 0) ] 1    19  [    1 (-1, 0, 0) ] 2  :     1   11    7.486
   1  [    1 ( 0, 0, 0) ] 1    19  [    1 (-1, 0, 0) ] 3  :     5   11    7.486
   1  [    1 ( 0, 0, 0) ] 1    18  [    1 ( 1, 0, 0) ] 2  :    12   11    5.763
   1  [    1 ( 0, 0, 0) ] 1    18  [    1 ( 1, 0, 0) ] 3  :    16   11    5.763
   1  [    1 ( 0, 0, 0) ] 1    37  [    1 (-1, 0, 1) ] 2  :    17   11    4.075
   1  [    1 ( 0, 0, 0) ] 1    34  [    1 ( 1, 0,-1) ] 2  :    24   11    7.058
   1  [    1 ( 0, 0, 0) ] 1    55  [    1 (-1, 1, 0) ] 3  :    33   11    7.058
   1  [    1 ( 0, 0, 0) ] 1    49  [    1 ( 1,-1, 0) ] 3  :    44   11    8.523
   1  [    1 ( 0, 0, 0) ] 1    33  [    1 ( 0,-1, 0) ] 2  :    49   11    6.280
   1  [    1 ( 0, 0, 0) ] 1    38  [    1 ( 0, 1, 0) ] 2  :    56   11    4.778
   1  [    1 ( 0, 0, 0) ] 1    17  [    1 ( 0,-1, 1) ] 2  :    65   11    4.778
   1  [    1 ( 0, 0, 0) ] 1    17  [    1 ( 0,-1, 1) ] 3  :    69   11    4.778
   1  [    1 ( 0, 0, 0) ] 1    20  [    1 ( 0, 1,-1) ] 2  :    76   11    7.058
   1  [    1 ( 0, 0, 0) ] 1    20  [    1 ( 0, 1,-1) ] 3  :    80   11    7.058
   1  [    1 ( 0, 0, 0) ] 1    51  [    1 ( 0, 0,-1) ] 3  :    81   11    8.523
   1  [    1 ( 0, 0, 0) ] 1    53  [    1 ( 0, 0, 1) ] 3  :    92   11    8.150
   1  [    1 ( 0, 0, 0) ] 1    37  [    1 (-1, 0, 1) ] 1  :     9   12    4.075
   1  [    1 ( 0, 0, 0) ] 1    34  [    1 ( 1, 0,-1) ] 1  :    12   12    7.058
   1  [    1 ( 0, 0, 0) ] 1    55  [    1 (-1, 1, 0) ] 1  :    17   12    7.058
   1  [    1 ( 0, 0, 0) ] 1    49  [    1 ( 1,-1, 0) ] 1  :    20   12    8.523
   1  [    1 ( 0, 0, 0) ] 1    33  [    1 ( 0,-1, 0) ] 1  :    25   12    6.280
   1  [    1 ( 0, 0, 0) ] 1    38  [    1 ( 0, 1, 0) ] 1  :    28   12    4.778
   1  [    1 ( 0, 0, 0) ] 1    51  [    1 ( 0, 0,-1) ] 1  :    41   12    8.523
   1  [    1 ( 0, 0, 0) ] 1    53  [    1 ( 0, 0, 1) ] 1  :    44   12    8.150
   1  [    1 ( 0, 0, 0) ] 1    37  [    1 (-1, 0, 1) ] 3  :     9   13    4.075
   1  [    1 ( 0, 0, 0) ] 1    34  [    1 ( 1, 0,-1) ] 3  :    16   13    7.058
   1  [    1 ( 0, 0, 0) ] 1    55  [    1 (-1, 1, 0) ] 2  :    17   13    7.058
   1  [    1 ( 0, 0, 0) ] 1    49  [    1 ( 1,-1, 0) ] 2  :    24   13    8.523
   1  [    1 ( 0, 0, 0) ] 1    33  [    1 ( 0,-1, 0) ] 3  :    25   13    6.280
   1  [    1 ( 0, 0, 0) ] 1    38  [    1 ( 0, 1, 0) ] 3  :    32   13    4.778
   1  [    1 ( 0, 0, 0) ] 1    51  [    1 ( 0, 0,-1) ] 2  :    41   13    8.523
   1  [    1 ( 0, 0, 0) ] 1    53  [    1 ( 0, 0, 1) ] 2  :    48   13    8.150
   1  [    1 ( 0, 0, 0) ] 1    29  [    2 ( 0, 0, 1) ] 1  :     1   14    6.280
   1  [    1 ( 0, 0, 0) ] 1    14  [    2 ( 0, 1, 0) ] 1  :     9   14    5.763
   1  [    1 ( 0, 0, 0) ] 1    32  [    2 (-2, 0, 1) ] 1  :    33   14    4.075
   1  [    1 ( 0, 0, 0) ] 1    15  [    2 (-2, 1, 0) ] 1  :    41   14    4.778
   1  [    1 ( 0, 0, 0) ] 1    46  [    2 ( 0,-2, 0) ] 1  :    49   14    5.763
   1  [    1 ( 0, 0, 0) ] 1    47  [    2 ( 0, 0,-2) ] 1  :    65   14    7.486
   1  [    1 ( 0, 0, 0) ] 1    61  [    2 ( 1,-2, 0) ] 1  :    81   14    6.280
   1  [    1 ( 0, 0, 0) ] 1    64  [    2 ( 1, 0,-2) ] 1  :    89   14    8.523
   1  [    1 ( 0, 0, 0) ] 1    29  [    2 ( 0, 0, 1) ] 2  :     1   15    6.280
   1  [    1 ( 0, 0, 0) ] 1    14  [    2 ( 0, 1, 0) ] 3  :     9   15    5.763
   1  [    1 ( 0, 0, 0) ] 1    32  [    2 (-2, 0, 1) ] 3  :    33   15    4.075
   1  [    1 ( 0, 0, 0) ] 1    15  [    2 (-2, 1, 0) ] 2  :    41   15    4.778
   1  [    1 ( 0, 0, 0) ] 1    46  [    2 ( 0,-2, 0) ] 3  :    49   15    5.763
   1  [    1 ( 0, 0, 0) ] 1    47  [    2 ( 0, 0,-2) ] 2  :    65   15    7.486
   1  [    1 ( 0, 0, 0) ] 1    61  [    2 ( 1,-2, 0) ] 2  :    81   15    6.280
   1  [    1 ( 0, 0, 0) ] 1    64  [    2 ( 1, 0,-2) ] 3  :    89   15    8.523
   1  [    1 ( 0, 0, 0) ] 1    29  [    2 ( 0, 0, 1) ] 3  :     1   16    6.280
   1  [    1 ( 0, 0, 0) ] 1    14  [    2 ( 0, 1, 0) ] 2  :    17   16    5.763
   1  [    1 ( 0, 0, 0) ] 1    58  [    2 ( 1, 0, 0) ] 2  :    33   16    8.523
   1  [    1 ( 0, 0, 0) ] 1    58  [    2 ( 1, 0, 0) ] 3  :    37   16    8.523
   1  [    1 ( 0, 0, 0) ] 1    44  [    2 (-2, 0, 0) ] 2  :    49   16    6.280
   1  [    1 ( 0, 0, 0) ] 1    44  [    2 (-2, 0, 0) ] 3  :    53   16    6.280
   1  [    1 ( 0, 0, 0) ] 1    32  [    2 (-2, 0, 1) ] 2  :    65   16    4.075
   1  [    1 ( 0, 0, 0) ] 1    15  [    2 (-2, 1, 0) ] 3  :    81   16    4.778
   1  [    1 ( 0, 0, 0) ] 1    46  [    2 ( 0,-2, 0) ] 2  :    97   16    5.763
   1  [    1 ( 0, 0, 0) ] 1    26  [    2 ( 0,-2, 1) ] 2  :   113   16    4.075
   1  [    1 ( 0, 0, 0) ] 1    26  [    2 ( 0,-2, 1) ] 3  :   117   16    4.075
   1  [    1 ( 0, 0, 0) ] 1    47  [    2 ( 0, 0,-2) ] 3  :   129   16    7.486
   1  [    1 ( 0, 0, 0) ] 1    12  [    2 ( 0, 1,-2) ] 2  :   145   16    4.075
   1  [    1 ( 0, 0, 0) ] 1    12  [    2 ( 0, 1,-2) ] 3  :   149   16    4.075
   1  [    1 ( 0, 0, 0) ] 1    61  [    2 ( 1,-2, 0) ] 3  :   161   16    6.280
   1  [    1 ( 0, 0, 0) ] 1    64  [    2 ( 1, 0,-2) ] 2  :   177   16    8.523
   1  [    1 ( 0, 0, 0) ] 1    58  [    2 ( 1, 0, 0) ] 1  :     9   17    8.523
   1  [    1 ( 0, 0, 0) ] 1    44  [    2 (-2, 0, 0) ] 1  :    13   17    6.280
   1  [    1 ( 0, 0, 0) ] 1    26  [    2 ( 0,-2, 1) ] 1  :    29   17    4.075
   1  [    1 ( 0, 0, 0) ] 1    12  [    2 ( 0, 1,-2) ] 1  :    37   17    4.075
   1  [    1 ( 0, 0, 0) ] 2     1  [    1 ( 0, 0, 0) ] 2  :     2    1    0.000
   1  [    1 ( 0, 0, 0) ] 2    41  [    2 ( 0, 0, 0) ] 2  :     3    2    4.075
   1  [    1 ( 0, 0, 0) ] 2    59  [    2 (-1, 0, 0) ] 2  :    11    2    7.486
   1  [    1 ( 0, 0, 0) ] 2     9  [    2 ( 0,-1, 0) ] 2  :    23    2    4.778
   1  [    1 ( 0, 0, 0) ] 2    27  [    2 ( 0, 0,-1) ] 2  :    35    2    2.495
   1  [    1 ( 0, 0, 0) ] 2    41  [    2 ( 0, 0, 0) ] 1  :     5    3    4.075
   1  [    1 ( 0, 0, 0) ] 2    41  [    2 ( 0, 0, 0) ] 3  :     7    3    4.075
   1  [    1 ( 0, 0, 0) ] 2    59  [    2 (-1, 0, 0) ] 1  :    21    3    7.486
   1  [    1 ( 0, 0, 0) ] 2    59  [    2 (-1, 0, 0) ] 3  :    25    3    7.486
   1  [    1 ( 0, 0, 0) ] 2     9  [    2 ( 0,-1, 0) ] 1  :    45    3    4.778
   1  [    1 ( 0, 0, 0) ] 2     9  [    2 ( 0,-1, 0) ] 3  :    49    3    4.778
   1  [    1 ( 0, 0, 0) ] 2    27  [    2 ( 0, 0,-1) ] 1  :    69    3    2.495
   1  [    1 ( 0, 0, 0) ] 2    27  [    2 ( 0, 0,-1) ] 3  :    73    3    2.495
   1  [    1 ( 0, 0, 0) ] 2    28  [    2 (-1,-1, 0) ] 2  :     5    4    4.075
   1  [    1 ( 0, 0, 0) ] 2    42  [    2 (-1,-1, 1) ] 2  :    13    4    4.778
   1  [    1 ( 0, 0, 0) ] 2    13  [    2 (-1, 0, 1) ] 2  :    25    4    4.778
   1  [    1 ( 0, 0, 0) ] 2    31  [    2 (-1, 1, 0) ] 2  :    41    4    4.778
   1  [    1 ( 0, 0, 0) ] 2    63  [    2 ( 0,-1,-1) ] 2  :    49    4    7.486
   1  [    1 ( 0, 0, 0) ] 2    60  [    2 ( 0, 1,-1) ] 2  :    69    4    7.058
   1  [    1 ( 0, 0, 0) ] 2    45  [    2 ( 1,-1,-1) ] 2  :    73    4    7.058
   1  [    1 ( 0, 0, 0) ] 2    10  [    2 ( 1, 0,-1) ] 2  :    93    4    4.075
   1  [    1 ( 0, 0, 0) ] 2    28  [    2 (-1,-1, 0) ] 1  :     5    5    4.075
   1  [    1 ( 0, 0, 0) ] 2    42  [    2 (-1,-1, 1) ] 1  :    13    5    4.778
   1  [    1 ( 0, 0, 0) ] 2    13  [    2 (-1, 0, 1) ] 3  :    25    5    4.778
   1  [    1 ( 0, 0, 0) ] 2    31  [    2 (-1, 1, 0) ] 3  :    41    5    4.778
   1  [    1 ( 0, 0, 0) ] 2    63  [    2 ( 0,-1,-1) ] 3  :    49    5    7.486
   1  [    1 ( 0, 0, 0) ] 2    60  [    2 ( 0, 1,-1) ] 1  :    69    5    7.058
   1  [    1 ( 0, 0, 0) ] 2    45  [    2 ( 1,-1,-1) ] 3  :    73    5    7.058
   1  [    1 ( 0, 0, 0) ] 2    10  [    2 ( 1, 0,-1) ] 1  :    93    5    4.075
   1  [    1 ( 0, 0, 0) ] 2    28  [    2 (-1,-1, 0) ] 3  :     5    6    4.075
   1  [    1 ( 0, 0, 0) ] 2    42  [    2 (-1,-1, 1) ] 3  :    21    6    4.778
   1  [    1 ( 0, 0, 0) ] 2    11  [    2 (-1, 0,-1) ] 1  :    37    6    2.495
   1  [    1 ( 0, 0, 0) ] 2    11  [    2 (-1, 0,-1) ] 3  :    41    6    2.495
   1  [    1 ( 0, 0, 0) ] 2    13  [    2 (-1, 0, 1) ] 1  :    57    6    4.778
   1  [    1 ( 0, 0, 0) ] 2    43  [    2 (-1, 1,-1) ] 1  :    69    6    4.075
   1  [    1 ( 0, 0, 0) ] 2    43  [    2 (-1, 1,-1) ] 3  :    73    6    4.075
   1  [    1 ( 0, 0, 0) ] 2    31  [    2 (-1, 1, 0) ] 1  :    89    6    4.778
   1  [    1 ( 0, 0, 0) ] 2    63  [    2 ( 0,-1,-1) ] 1  :   105    6    7.486
   1  [    1 ( 0, 0, 0) ] 2    57  [    2 ( 0,-1, 1) ] 1  :   117    6    8.150
   1  [    1 ( 0, 0, 0) ] 2    57  [    2 ( 0,-1, 1) ] 3  :   121    6    8.150
   1  [    1 ( 0, 0, 0) ] 2    60  [    2 ( 0, 1,-1) ] 3  :   133    6    7.058
   1  [    1 ( 0, 0, 0) ] 2    45  [    2 ( 1,-1,-1) ] 1  :   153    6    7.058
   1  [    1 ( 0, 0, 0) ] 2    25  [    2 ( 1,-1, 0) ] 1  :   165    6    4.778
   1  [    1 ( 0, 0, 0) ] 2    25  [    2 ( 1,-1, 0) ] 3  :   169    6    4.778
   1  [    1 ( 0, 0, 0) ] 2    10  [    2 ( 1, 0,-1) ] 3  :   181    6    4.075
   1  [    1 ( 0, 0, 0) ] 2    11  [    2 (-1, 0,-1) ] 2  :     9    7    2.495
   1  [    1 ( 0, 0, 0) ] 2    43  [    2 (-1, 1,-1) ] 2  :    17    7    4.075
   1  [    1 ( 0, 0, 0) ] 2    57  [    2 ( 0,-1, 1) ] 2  :    29    7    8.150
   1  [    1 ( 0, 0, 0) ] 2    25  [    2 ( 1,-1, 0) ] 2  :    41    7    4.778
   1  [    1 ( 0, 0, 0) ] 2     2  [    1 (-1,-1, 1) ] 2  :     5    8    2.495
   1  [    1 ( 0, 0, 0) ] 2     2  [    1 ( 1, 1,-1) ] 2  :     8    8    2.495
   1  [    1 ( 0, 0, 0) ] 2     5  [    1 (-1, 1, 1) ] 2  :    17    8    4.778
   1  [    1 ( 0, 0, 0) ] 2     5  [    1 ( 1,-1,-1) ] 2  :    20    8    4.778
   1  [    1 ( 0, 0, 0) ] 2     3  [    1 (-1, 1,-1) ] 2  :     5    9    7.486
   1  [    1 ( 0, 0, 0) ] 2     3  [    1 ( 1,-1, 1) ] 2  :     8    9    7.486
   1  [    1 ( 0, 0, 0) ] 2    37  [    1 (-1, 0, 1) ] 2  :     5   10    4.075
   1  [    1 ( 0, 0, 0) ] 2    34  [    1 ( 1, 0,-1) ] 2  :     8   10    7.058
   1  [    1 ( 0, 0, 0) ] 2    33  [    1 ( 0,-1, 0) ] 2  :    13   10    6.280
   1  [    1 ( 0, 0, 0) ] 2    38  [    1 ( 0, 1, 0) ] 2  :    16   10    4.778
   1  [    1 ( 0, 0, 0) ] 2    18  [    1 ( 1, 0, 0) ] 1  :     4   11    5.763
   1  [    1 ( 0, 0, 0) ] 2    19  [    1 (-1, 0, 0) ] 1  :     9   11    7.486
   1  [    1 ( 0, 0, 0) ] 2    34  [    1 ( 1, 0,-1) ] 1  :    20   11    7.058
   1  [    1 ( 0, 0, 0) ] 2    37  [    1 (-1, 0, 1) ] 1  :    21   11    4.075
   1  [    1 ( 0, 0, 0) ] 2    37  [    1 (-1, 0, 1) ] 3  :    25   11    4.075
   1  [    1 ( 0, 0, 0) ] 2    34  [    1 ( 1, 0,-1) ] 3  :    32   11    7.058
   1  [    1 ( 0, 0, 0) ] 2    55  [    1 (-1, 1, 0) ] 3  :    37   11    7.058
   1  [    1 ( 0, 0, 0) ] 2    49  [    1 ( 1,-1, 0) ] 3  :    48   11    8.523
   1  [    1 ( 0, 0, 0) ] 2    38  [    1 ( 0, 1, 0) ] 1  :    52   11    4.778
   1  [    1 ( 0, 0, 0) ] 2    33  [    1 ( 0,-1, 0) ] 1  :    53   11    6.280
   1  [    1 ( 0, 0, 0) ] 2    33  [    1 ( 0,-1, 0) ] 3  :    57   11    6.280
   1  [    1 ( 0, 0, 0) ] 2    38  [    1 ( 0, 1, 0) ] 3  :    64   11    4.778
   1  [    1 ( 0, 0, 0) ] 2    20  [    1 ( 0, 1,-1) ] 1  :    68   11    7.058
   1  [    1 ( 0, 0, 0) ] 2    17  [    1 ( 0,-1, 1) ] 1  :    73   11    4.778
   1  [    1 ( 0, 0, 0) ] 2    51  [    1 ( 0, 0,-1) ] 3  :    85   11    8.523
   1  [    1 ( 0, 0, 0) ] 2    53  [    1 ( 0, 0, 1) ] 3  :    96   11    8.150
   1  [    1 ( 0, 0, 0) ] 2    19  [    1 (-1, 0, 0) ] 2  :     1   12    7.486
   1  [    1 ( 0, 0, 0) ] 2    18  [    1 ( 1, 0, 0) ] 2  :     4   12    5.763
   1  [    1 ( 0, 0, 0) ] 2    55  [    1 (-1, 1, 0) ] 2  :    21   12    7.058
   1  [    1 ( 0, 0, 0) ] 2    49  [    1 ( 1,-1, 0) ] 2  :    24   12    8.523
   1  [    1 ( 0, 0, 0) ] 2    17  [    1 ( 0,-1, 1) ] 2  :    33   12    4.778
   1  [    1 ( 0, 0, 0) ] 2    20  [    1 ( 0, 1,-1) ] 2  :    36   12    7.058
   1  [    1 ( 0, 0, 0) ] 2    51  [    1 ( 0, 0,-1) ] 2  :    45   12    8.523
   1  [    1 ( 0, 0, 0) ] 2    53  [    1 ( 0, 0, 1) ] 2  :    48   12    8.150
   1  [    1 ( 0, 0, 0) ] 2    19  [    1 (-1, 0, 0) ] 3  :     1   13    7.486
   1  [    1 ( 0, 0, 0) ] 2    18  [    1 ( 1, 0, 0) ] 3  :     8   13    5.763
   1  [    1 ( 0, 0, 0) ] 2    49  [    1 ( 1,-1, 0) ] 1  :    20   13    8.523
   1  [    1 ( 0, 0, 0) ] 2    55  [    1 (-1, 1, 0) ] 1  :    21   13    7.058
   1  [    1 ( 0, 0, 0) ] 2    17  [    1 ( 0,-1, 1) ] 3  :    33   13    4.778
   1  [    1 ( 0, 0, 0) ] 2    20  [    1 ( 0, 1,-1) ] 3  :    40   13    7.058
   1  [    1 ( 0, 0, 0) ] 2    53  [    1 ( 0, 0, 1) ] 1  :    44   13    8.150
   1  [    1 ( 0, 0, 0) ] 2    51  [    1 ( 0, 0,-1) ] 1  :    45   13    8.523
   1  [    1 ( 0, 0, 0) ] 2    29  [    2 ( 0, 0, 1) ] 2  :     5   14    6.280
   1  [    1 ( 0, 0, 0) ] 2    58  [    2 ( 1, 0, 0) ] 2  :    17   14    8.523
   1  [    1 ( 0, 0, 0) ] 2    44  [    2 (-2, 0, 0) ] 2  :    25   14    6.280
   1  [    1 ( 0, 0, 0) ] 2    15  [    2 (-2, 1, 0) ] 2  :    45   14    4.778
   1  [    1 ( 0, 0, 0) ] 2    26  [    2 ( 0,-2, 1) ] 2  :    57   14    4.075
   1  [    1 ( 0, 0, 0) ] 2    47  [    2 ( 0, 0,-2) ] 2  :    69   14    7.486
   1  [    1 ( 0, 0, 0) ] 2    12  [    2 ( 0, 1,-2) ] 2  :    73   14    4.075
   1  [    1 ( 0, 0, 0) ] 2    61  [    2 ( 1,-2, 0) ] 2  :    85   14    6.280
   1  [    1 ( 0, 0, 0) ] 2    29  [    2 ( 0, 0, 1) ] 1  :     5   15    6.280
   1  [    1 ( 0, 0, 0) ] 2    58  [    2 ( 1, 0, 0) ] 3  :    17   15    8.523
   1  [    1 ( 0, 0, 0) ] 2    44  [    2 (-2, 0, 0) ] 3  :    25   15    6.280
   1  [    1 ( 0, 0, 0) ] 2    15  [    2 (-2, 1, 0) ] 1  :    45   15    4.778
   1  [    1 ( 0, 0, 0) ] 2    26  [    2 ( 0,-2, 1) ] 3  :    57   15    4.075
   1  [    1 ( 0, 0, 0) ] 2    47  [    2 ( 0, 0,-2) ] 1  :    69   15    7.486
   1  [    1 ( 0, 0, 0) ] 2    12  [    2 ( 0, 1,-2) ] 3  :    73   15    4.075
   1  [    1 ( 0, 0, 0) ] 2    61  [    2 ( 1,-2, 0) ] 1  :    85   15    6.280
   1  [    1 ( 0, 0, 0) ] 2    29  [    2 ( 0, 0, 1) ] 3  :     5   16    6.280
   1  [    1 ( 0, 0, 0) ] 2    14  [    2 ( 0, 1, 0) ] 1  :    21   16    5.763
   1  [    1 ( 0, 0, 0) ] 2    14  [    2 ( 0, 1, 0) ] 3  :    25   16    5.763
   1  [    1 ( 0, 0, 0) ] 2    58  [    2 ( 1, 0, 0) ] 1  :    41   16    8.523
   1  [    1 ( 0, 0, 0) ] 2    44  [    2 (-2, 0, 0) ] 1  :    57   16    6.280
   1  [    1 ( 0, 0, 0) ] 2    32  [    2 (-2, 0, 1) ] 1  :    69   16    4.075
   1  [    1 ( 0, 0, 0) ] 2    32  [    2 (-2, 0, 1) ] 3  :    73   16    4.075
   1  [    1 ( 0, 0, 0) ] 2    15  [    2 (-2, 1, 0) ] 3  :    85   16    4.778
   1  [    1 ( 0, 0, 0) ] 2    46  [    2 ( 0,-2, 0) ] 1  :   101   16    5.763
   1  [    1 ( 0, 0, 0) ] 2    46  [    2 ( 0,-2, 0) ] 3  :   105   16    5.763
   1  [    1 ( 0, 0, 0) ] 2    26  [    2 ( 0,-2, 1) ] 1  :   121   16    4.075
   1  [    1 ( 0, 0, 0) ] 2    47  [    2 ( 0, 0,-2) ] 3  :   133   16    7.486
   1  [    1 ( 0, 0, 0) ] 2    12  [    2 ( 0, 1,-2) ] 1  :   153   16    4.075
   1  [    1 ( 0, 0, 0) ] 2    61  [    2 ( 1,-2, 0) ] 3  :   165   16    6.280
   1  [    1 ( 0, 0, 0) ] 2    64  [    2 ( 1, 0,-2) ] 1  :   181   16    8.523
   1  [    1 ( 0, 0, 0) ] 2    64  [    2 ( 1, 0,-2) ] 3  :   185   16    8.523
   1  [    1 ( 0, 0, 0) ] 2    14  [    2 ( 0, 1, 0) ] 2  :     5   17    5.763
   1  [    1 ( 0, 0, 0) ] 2    32  [    2 (-2, 0, 1) ] 2  :    17   17    4.075
   1  [    1 ( 0, 0, 0) ] 2    46  [    2 ( 0,-2, 0) ] 2  :    25   17    5.763
   1  [    1 ( 0, 0, 0) ] 2    64  [    2 ( 1, 0,-2) ] 2  :    45   17    8.523
   1  [    1 ( 0, 0, 0) ] 3     1  [    1 ( 0, 0, 0) ] 3  :     3    1    0.000
   1  [    1 ( 0, 0, 0) ] 3    41  [    2 ( 0, 0, 0) ] 3  :     5    2    4.075
   1  [    1 ( 0, 0, 0) ] 3    59  [    2 (-1, 0, 0) ] 3  :    15    2    7.486
   1  [    1 ( 0, 0, 0) ] 3     9  [    2 ( 0,-1, 0) ] 3  :    27    2    4.778
   1  [    1 ( 0, 0, 0) ] 3    27  [    2 ( 0, 0,-1) ] 3  :    39    2    2.495
   1  [    1 ( 0, 0, 0) ] 3    41  [    2 ( 0, 0, 0) ] 1  :     9    3    4.075
   1  [    1 ( 0, 0, 0) ] 3    41  [    2 ( 0, 0, 0) ] 2  :    11    3    4.075
   1  [    1 ( 0, 0, 0) ] 3    59  [    2 (-1, 0, 0) ] 1  :    29    3    7.486
   1  [    1 ( 0, 0, 0) ] 3    59  [    2 (-1, 0, 0) ] 2  :    33    3    7.486
   1  [    1 ( 0, 0, 0) ] 3     9  [    2 ( 0,-1, 0) ] 1  :    53    3    4.778
   1  [    1 ( 0, 0, 0) ] 3     9  [    2 ( 0,-1, 0) ] 2  :    57    3    4.778
   1  [    1 ( 0, 0, 0) ] 3    27  [    2 ( 0, 0,-1) ] 1  :    77    3    2.495
   1  [    1 ( 0, 0, 0) ] 3    27  [    2 ( 0, 0,-1) ] 2  :    81    3    2.495
   1  [    1 ( 0, 0, 0) ] 3    11  [    2 (-1, 0,-1) ] 3  :    21    4    2.495
   1  [    1 ( 0, 0, 0) ] 3    13  [    2 (-1, 0, 1) ] 3  :    29    4    4.778
   1  [    1 ( 0, 0, 0) ] 3    43  [    2 (-1, 1,-1) ] 3  :    37    4    4.075
   1  [    1 ( 0, 0, 0) ] 3    31  [    2 (-1, 1, 0) ] 3  :    45    4    4.778
   1  [    1 ( 0, 0, 0) ] 3    63  [    2 ( 0,-1,-1) ] 3  :    53    4    7.486
   1  [    1 ( 0, 0, 0) ] 3    57  [    2 ( 0,-1, 1) ] 3  :    61    4    8.150
   1  [    1 ( 0, 0, 0) ] 3    45  [    2 ( 1,-1,-1) ] 3  :    77    4    7.058
   1  [    1 ( 0, 0, 0) ] 3    25  [    2 ( 1,-1, 0) ] 3  :    85    4    4.778
   1  [    1 ( 0, 0, 0) ] 3    11  [    2 (-1, 0,-1) ] 1  :    21    5    2.495
   1  [    1 ( 0, 0, 0) ] 3    13  [    2 (-1, 0, 1) ] 2  :    29    5    4.778
   1  [    1 ( 0, 0, 0) ] 3    43  [    2 (-1, 1,-1) ] 1  :    37    5    4.075
   1  [    1 ( 0, 0, 0) ] 3    31  [    2 (-1, 1, 0) ] 2  :    45    5    4.778
   1  [    1 ( 0, 0, 0) ] 3    63  [    2 ( 0,-1,-1) ] 2  :    53    5    7.486
   1  [    1 ( 0, 0, 0) ] 3    57  [    2 ( 0,-1, 1) ] 1  :    61    5    8.150
   1  [    1 ( 0, 0, 0) ] 3    45  [    2 ( 1,-1,-1) ] 2  :    77    5    7.058
   1  [    1 ( 0, 0, 0) ] 3    25  [    2 ( 1,-1, 0) ] 1  :    85    5    4.778
   1  [    1 ( 0, 0, 0) ] 3    28  [    2 (-1,-1, 0) ] 1  :     9    6    4.075
   1  [    1 ( 0, 0, 0) ] 3    28  [    2 (-1,-1, 0) ] 2  :    13    6    4.075
   1  [    1 ( 0, 0, 0) ] 3    42  [    2 (-1,-1, 1) ] 1  :    25    6    4.778
   1  [    1 ( 0, 0, 0) ] 3    42  [    2 (-1,-1, 1) ] 2  :    29    6    4.778
   1  [    1 ( 0, 0, 0) ] 3    11  [    2 (-1, 0,-1) ] 2  :    45    6    2.495
   1  [    1 ( 0, 0, 0) ] 3    13  [    2 (-1, 0, 1) ] 1  :    61    6    4.778
   1  [    1 ( 0, 0, 0) ] 3    43  [    2 (-1, 1,-1) ] 2  :    77    6    4.075
   1  [    1 ( 0, 0, 0) ] 3    31  [    2 (-1, 1, 0) ] 1  :    93    6    4.778
   1  [    1 ( 0, 0, 0) ] 3    63  [    2 ( 0,-1,-1) ] 1  :   109    6    7.486
   1  [    1 ( 0, 0, 0) ] 3    57  [    2 ( 0,-1, 1) ] 2  :   125    6    8.150
   1  [    1 ( 0, 0, 0) ] 3    60  [    2 ( 0, 1,-1) ] 1  :   137    6    7.058
   1  [    1 ( 0, 0, 0) ] 3    60  [    2 ( 0, 1,-1) ] 2  :   141    6    7.058
   1  [    1 ( 0, 0, 0) ] 3    45  [    2 ( 1,-1,-1) ] 1  :   157    6    7.058
   1  [    1 ( 0, 0, 0) ] 3    25  [    2 ( 1,-1, 0) ] 2  :   173    6    4.778
   1  [    1 ( 0, 0, 0) ] 3    10  [    2 ( 1, 0,-1) ] 1  :   185    6    4.075
   1  [    1 ( 0, 0, 0) ] 3    10  [    2 ( 1, 0,-1) ] 2  :   189    6    4.075
   1  [    1 ( 0, 0, 0) ] 3    28  [    2 (-1,-1, 0) ] 3  :     1    7    4.075
   1  [    1 ( 0, 0, 0) ] 3    42  [    2 (-1,-1, 1) ] 3  :     5    7    4.778
   1  [    1 ( 0, 0, 0) ] 3    60  [    2 ( 0, 1,-1) ] 3  :    33    7    7.058
   1  [    1 ( 0, 0, 0) ] 3    10  [    2 ( 1, 0,-1) ] 3  :    45    7    4.075
   1  [    1 ( 0, 0, 0) ] 3     3  [    1 (-1, 1,-1) ] 3  :    13    8    7.486
   1  [    1 ( 0, 0, 0) ] 3     3  [    1 ( 1,-1, 1) ] 3  :    16    8    7.486
   1  [    1 ( 0, 0, 0) ] 3     5  [    1 (-1, 1, 1) ] 3  :    21    8    4.778
   1  [    1 ( 0, 0, 0) ] 3     5  [    1 ( 1,-1,-1) ] 3  :    24    8    4.778
   1  [    1 ( 0, 0, 0) ] 3     2  [    1 (-1,-1, 1) ] 3  :     1    9    2.495
   1  [    1 ( 0, 0, 0) ] 3     2  [    1 ( 1, 1,-1) ] 3  :     4    9    2.495
   1  [    1 ( 0, 0, 0) ] 3    55  [    1 (-1, 1, 0) ] 3  :     9   10    7.058
   1  [    1 ( 0, 0, 0) ] 3    49  [    1 ( 1,-1, 0) ] 3  :    12   10    8.523
   1  [    1 ( 0, 0, 0) ] 3    51  [    1 ( 0, 0,-1) ] 3  :    21   10    8.523
   1  [    1 ( 0, 0, 0) ] 3    53  [    1 ( 0, 0, 1) ] 3  :    24   10    8.150
   1  [    1 ( 0, 0, 0) ] 3    18  [    1 ( 1, 0, 0) ] 1  :     8   11    5.763
   1  [    1 ( 0, 0, 0) ] 3    19  [    1 (-1, 0, 0) ] 1  :    13   11    7.486
   1  [    1 ( 0, 0, 0) ] 3    34  [    1 ( 1, 0,-1) ] 2  :    28   11    7.058
   1  [    1 ( 0, 0, 0) ] 3    37  [    1 (-1, 0, 1) ] 2  :    29   11    4.075
   1  [    1 ( 0, 0, 0) ] 3    49  [    1 ( 1,-1, 0) ] 1  :    36   11    8.523
   1  [    1 ( 0, 0, 0) ] 3    49  [    1 ( 1,-1, 0) ] 2  :    40   11    8.523
   1  [    1 ( 0, 0, 0) ] 3    55  [    1 (-1, 1, 0) ] 1  :    41   11    7.058
   1  [    1 ( 0, 0, 0) ] 3    55  [    1 (-1, 1, 0) ] 2  :    45   11    7.058
   1  [    1 ( 0, 0, 0) ] 3    38  [    1 ( 0, 1, 0) ] 2  :    60   11    4.778
   1  [    1 ( 0, 0, 0) ] 3    33  [    1 ( 0,-1, 0) ] 2  :    61   11    6.280
   1  [    1 ( 0, 0, 0) ] 3    20  [    1 ( 0, 1,-1) ] 1  :    72   11    7.058
   1  [    1 ( 0, 0, 0) ] 3    17  [    1 ( 0,-1, 1) ] 1  :    77   11    4.778
   1  [    1 ( 0, 0, 0) ] 3    53  [    1 ( 0, 0, 1) ] 1  :    84   11    8.150
   1  [    1 ( 0, 0, 0) ] 3    53  [    1 ( 0, 0, 1) ] 2  :    88   11    8.150
   1  [    1 ( 0, 0, 0) ] 3    51  [    1 ( 0, 0,-1) ] 1  :    89   11    8.523
   1  [    1 ( 0, 0, 0) ] 3    51  [    1 ( 0, 0,-1) ] 2  :    93   11    8.523
   1  [    1 ( 0, 0, 0) ] 3    19  [    1 (-1, 0, 0) ] 3  :     5   12    7.486
   1  [    1 ( 0, 0, 0) ] 3    18  [    1 ( 1, 0, 0) ] 3  :     8   12    5.763
   1  [    1 ( 0, 0, 0) ] 3    37  [    1 (-1, 0, 1) ] 3  :    13   12    4.075
   1  [    1 ( 0, 0, 0) ] 3    34  [    1 ( 1, 0,-1) ] 3  :    16   12    7.058
   1  [    1 ( 0, 0, 0) ] 3    33  [    1 ( 0,-1, 0) ] 3  :    29   12    6.280
   1  [    1 ( 0, 0, 0) ] 3    38  [    1 ( 0, 1, 0) ] 3  :    32   12    4.778
   1  [    1 ( 0, 0, 0) ] 3    17  [    1 ( 0,-1, 1) ] 3  :    37   12    4.778
   1  [    1 ( 0, 0, 0) ] 3    20  [    1 ( 0, 1,-1) ] 3  :    40   12    7.058
   1  [    1 ( 0, 0, 0) ] 3    18  [    1 ( 1, 0, 0) ] 2  :     4   13    5.763
   1  [    1 ( 0, 0, 0) ] 3    19  [    1 (-1, 0, 0) ] 2  :     5   13    7.486
   1  [    1 ( 0, 0, 0) ] 3    34  [    1 ( 1, 0,-1) ] 1  :    12   13    7.058
   1  [    1 ( 0, 0, 0) ] 3    37  [    1 (-1, 0, 1) ] 1  :    13   13    4.075
   1  [    1 ( 0, 0, 0) ] 3    38  [    1 ( 0, 1, 0) ] 1  :    28   13    4.778
   1  [    1 ( 0, 0, 0) ] 3    33  [    1 ( 0,-1, 0) ] 1  :    29   13    6.280
   1  [    1 ( 0, 0, 0) ] 3    20  [    1 ( 0, 1,-1) ] 2  :    36   13    7.058
   1  [    1 ( 0, 0, 0) ] 3    17  [    1 ( 0,-1, 1) ] 2  :    37   13    4.778
   1  [    1 ( 0, 0, 0) ] 3    14  [    2 ( 0, 1, 0) ] 3  :    13   14    5.763
   1  [    1 ( 0, 0, 0) ] 3    58  [    2 ( 1, 0, 0) ] 3  :    21   14    8.523
   1  [    1 ( 0, 0, 0) ] 3    44  [    2 (-2, 0, 0) ] 3  :    29   14    6.280
   1  [    1 ( 0, 0, 0) ] 3    32  [    2 (-2, 0, 1) ] 3  :    37   14    4.075
   1  [    1 ( 0, 0, 0) ] 3    46  [    2 ( 0,-2, 0) ] 3  :    53   14    5.763
   1  [    1 ( 0, 0, 0) ] 3    26  [    2 ( 0,-2, 1) ] 3  :    61   14    4.075
   1  [    1 ( 0, 0, 0) ] 3    12  [    2 ( 0, 1,-2) ] 3  :    77   14    4.075
   1  [    1 ( 0, 0, 0) ] 3    64  [    2 ( 1, 0,-2) ] 3  :    93   14    8.523
   1  [    1 ( 0, 0, 0) ] 3    14  [    2 ( 0, 1, 0) ] 1  :    13   15    5.763
   1  [    1 ( 0, 0, 0) ] 3    58  [    2 ( 1, 0, 0) ] 2  :    21   15    8.523
   1  [    1 ( 0, 0, 0) ] 3    44  [    2 (-2, 0, 0) ] 2  :    29   15    6.280
   1  [    1 ( 0, 0, 0) ] 3    32  [    2 (-2, 0, 1) ] 1  :    37   15    4.075
   1  [    1 ( 0, 0, 0) ] 3    46  [    2 ( 0,-2, 0) ] 1  :    53   15    5.763
   1  [    1 ( 0, 0, 0) ] 3    26  [    2 ( 0,-2, 1) ] 2  :    61   15    4.075
   1  [    1 ( 0, 0, 0) ] 3    12  [    2 ( 0, 1,-2) ] 2  :    77   15    4.075
   1  [    1 ( 0, 0, 0) ] 3    64  [    2 ( 1, 0,-2) ] 1  :    93   15    8.523
   1  [    1 ( 0, 0, 0) ] 3    29  [    2 ( 0, 0, 1) ] 1  :     9   16    6.280
   1  [    1 ( 0, 0, 0) ] 3    29  [    2 ( 0, 0, 1) ] 2  :    13   16    6.280
   1  [    1 ( 0, 0, 0) ] 3    14  [    2 ( 0, 1, 0) ] 2  :    29   16    5.763
   1  [    1 ( 0, 0, 0) ] 3    58  [    2 ( 1, 0, 0) ] 1  :    45   16    8.523
   1  [    1 ( 0, 0, 0) ] 3    44  [    2 (-2, 0, 0) ] 1  :    61   16    6.280
   1  [    1 ( 0, 0, 0) ] 3    32  [    2 (-2, 0, 1) ] 2  :    77   16    4.075
   1  [    1 ( 0, 0, 0) ] 3    15  [    2 (-2, 1, 0) ] 1  :    89   16    4.778
   1  [    1 ( 0, 0, 0) ] 3    15  [    2 (-2, 1, 0) ] 2  :    93   16    4.778
   1  [    1 ( 0, 0, 0) ] 3    46  [    2 ( 0,-2, 0) ] 2  :   109   16    5.763
   1  [    1 ( 0, 0, 0) ] 3    26  [    2 ( 0,-2, 1) ] 1  :   125   16    4.075
   1  [    1 ( 0, 0, 0) ] 3    47  [    2 ( 0, 0,-2) ] 1  :   137   16    7.486
   1  [    1 ( 0, 0, 0) ] 3    47  [    2 ( 0, 0,-2) ] 2  :   141   16    7.486
   1  [    1 ( 0, 0, 0) ] 3    12  [    2 ( 0, 1,-2) ] 1  :   157   16    4.075
   1  [    1 ( 0, 0, 0) ] 3    61  [    2 ( 1,-2, 0) ] 1  :   169   16    6.280
   1  [    1 ( 0, 0, 0) ] 3    61  [    2 ( 1,-2, 0) ] 2  :   173   16    6.280
   1  [    1 ( 0, 0, 0) ] 3    64  [    2 ( 1, 0,-2) ] 2  :   189   16    8.523
   1  [    1 ( 0, 0, 0) ] 3    29  [    2 ( 0, 0, 1) ] 3  :     1   17    6.280
   1  [    1 ( 0, 0, 0) ] 3    15  [    2 (-2, 1, 0) ] 3  :    21   17    4.778
   1  [    1 ( 0, 0, 0) ] 3    47  [    2 ( 0, 0,-2) ] 3  :    33   17    7.486
   1  [    1 ( 0, 0, 0) ] 3    61  [    2 ( 1,-2, 0) ] 3  :    41   17    6.280
  41  [    2 ( 0, 0, 0) ] 1    41  [    2 ( 0, 0, 0) ] 1  :     4    1    4.778
  41  [    2 ( 0, 0, 0) ] 1     1  [    1 ( 0, 0, 0) ] 1  :     2    2    2.495
  41  [    2 ( 0, 0, 0) ] 1    18  [    1 ( 1, 0, 0) ] 1  :    10    2    4.778
  41  [    2 ( 0, 0, 0) ] 1    38  [    1 ( 0, 1, 0) ] 1  :    22    2    4.075
  41  [    2 ( 0, 0, 0) ] 1    53  [    1 ( 0, 0, 1) ] 1  :    34    2   10.289
  41  [    2 ( 0, 0, 0) ] 1     1  [    1 ( 0, 0, 0) ] 2  :     6    3    2.495
  41  [    2 ( 0, 0, 0) ] 1     1  [    1 ( 0, 0, 0) ] 3  :    10    3    2.495
  41  [    2 ( 0, 0, 0) ] 1    18  [    1 ( 1, 0, 0) ] 2  :    24    3    4.778
  41  [    2 ( 0, 0, 0) ] 1    18  [    1 ( 1, 0, 0) ] 3  :    32    3    4.778
  41  [    2 ( 0, 0, 0) ] 1    38  [    1 ( 0, 1, 0) ] 2  :    48    3    4.075
  41  [    2 ( 0, 0, 0) ] 1    38  [    1 ( 0, 1, 0) ] 3  :    56    3    4.075
  41  [    2 ( 0, 0, 0) ] 1    53  [    1 ( 0, 0, 1) ] 2  :    72    3   10.289
  41  [    2 ( 0, 0, 0) ] 1    53  [    1 ( 0, 0, 1) ] 3  :    80    3   10.289
  41  [    2 ( 0, 0, 0) ] 1    54  [    1 ( 1, 1, 0) ] 1  :     4    4    8.150
  41  [    2 ( 0, 0, 0) ] 1     2  [    1 ( 1, 1,-1) ] 1  :    12    4    0.000
  41  [    2 ( 0, 0, 0) ] 1    40  [    1 ( 1, 0, 1) ] 1  :    20    4    5.763
  41  [    2 ( 0, 0, 0) ] 1     3  [    1 ( 1,-1, 1) ] 1  :    36    4    9.982
  41  [    2 ( 0, 0, 0) ] 1    20  [    1 ( 0, 1,-1) ] 1  :    60    4    9.447
  41  [    2 ( 0, 0, 0) ] 1    17  [    1 ( 0,-1, 1) ] 1  :    68    4    4.075
  41  [    2 ( 0, 0, 0) ] 1    55  [    1 (-1, 1, 0) ] 1  :    84    4    8.523
  41  [    2 ( 0, 0, 0) ] 1    37  [    1 (-1, 0, 1) ] 1  :    92    4    4.778
  41  [    2 ( 0, 0, 0) ] 1    54  [    1 ( 1, 1, 0) ] 2  :     8    5    8.150
  41  [    2 ( 0, 0, 0) ] 1     2  [    1 ( 1, 1,-1) ] 2  :    16    5    0.000
  41  [    2 ( 0, 0, 0) ] 1    40  [    1 ( 1, 0, 1) ] 3  :    24    5    5.763
  41  [    2 ( 0, 0, 0) ] 1     3  [    1 ( 1,-1, 1) ] 3  :    40    5    9.982
  41  [    2 ( 0, 0, 0) ] 1    20  [    1 ( 0, 1,-1) ] 3  :    64    5    9.447
  41  [    2 ( 0, 0, 0) ] 1    17  [    1 ( 0,-1, 1) ] 2  :    72    5    4.075
  41  [    2 ( 0, 0, 0) ] 1    55  [    1 (-1, 1, 0) ] 3  :    88    5    8.523
  41  [    2 ( 0, 0, 0) ] 1    37  [    1 (-1, 0, 1) ] 2  :    96    5    4.778
  41  [    2 ( 0, 0, 0) ] 1    54  [    1 ( 1, 1, 0) ] 3  :    12    6    8.150
  41  [    2 ( 0, 0, 0) ] 1     2  [    1 ( 1, 1,-1) ] 3  :    28    6    0.000
  41  [    2 ( 0, 0, 0) ] 1    40  [    1 ( 1, 0, 1) ] 2  :    40    6    5.763
  41  [    2 ( 0, 0, 0) ] 1    34  [    1 ( 1, 0,-1) ] 2  :    60    6    4.778
  41  [    2 ( 0, 0, 0) ] 1    34  [    1 ( 1, 0,-1) ] 3  :    64    6    4.778
  41  [    2 ( 0, 0, 0) ] 1     3  [    1 ( 1,-1, 1) ] 2  :    72    6    9.982
  41  [    2 ( 0, 0, 0) ] 1    49  [    1 ( 1,-1, 0) ] 2  :    92    6   10.781
  41  [    2 ( 0, 0, 0) ] 1    49  [    1 ( 1,-1, 0) ] 3  :    96    6   10.781
  41  [    2 ( 0, 0, 0) ] 1    22  [    1 ( 0, 1, 1) ] 2  :   108    6    6.280
  41  [    2 ( 0, 0, 0) ] 1    22  [    1 ( 0, 1, 1) ] 3  :   112    6    6.280
  41  [    2 ( 0, 0, 0) ] 1    20  [    1 ( 0, 1,-1) ] 2  :   120    6    9.447
  41  [    2 ( 0, 0, 0) ] 1    17  [    1 ( 0,-1, 1) ] 3  :   140    6    4.075
  41  [    2 ( 0, 0, 0) ] 1     5  [    1 (-1, 1, 1) ] 2  :   156    6    7.058
  41  [    2 ( 0, 0, 0) ] 1     5  [    1 (-1, 1, 1) ] 3  :   160    6    7.058
  41  [    2 ( 0, 0, 0) ] 1    55  [    1 (-1, 1, 0) ] 2  :   168    6    8.523
  41  [    2 ( 0, 0, 0) ] 1    37  [    1 (-1, 0, 1) ] 3  :   188    6    4.778
  41  [    2 ( 0, 0, 0) ] 1    34  [    1 ( 1, 0,-1) ] 1  :    16    7    4.778
  41  [    2 ( 0, 0, 0) ] 1    49  [    1 ( 1,-1, 0) ] 1  :    24    7   10.781
  41  [    2 ( 0, 0, 0) ] 1    22  [    1 ( 0, 1, 1) ] 1  :    28    7    6.280
  41  [    2 ( 0, 0, 0) ] 1     5  [    1 (-1, 1, 1) ] 1  :    40    7    7.058
  41  [    2 ( 0, 0, 0) ] 1    42  [    2 (-1,-1, 1) ] 1  :    25    8    4.075
  41  [    2 ( 0, 0, 0) ] 1    42  [    2 ( 1, 1,-1) ] 1  :    28    8    4.075
  41  [    2 ( 0, 0, 0) ] 1    43  [    2 (-1, 1,-1) ] 1  :    33    8    2.495
  41  [    2 ( 0, 0, 0) ] 1    43  [    2 ( 1,-1, 1) ] 1  :    36    8    2.495
  41  [    2 ( 0, 0, 0) ] 1    45  [    2 (-1, 1, 1) ] 1  :    21    9    4.778
  41  [    2 ( 0, 0, 0) ] 1    45  [    2 ( 1,-1,-1) ] 1  :    24    9    4.778
  41  [    2 ( 0, 0, 0) ] 1    59  [    2 (-1, 0, 0) ] 1  :    25   10    9.112
  41  [    2 ( 0, 0, 0) ] 1    58  [    2 ( 1, 0, 0) ] 1  :    28   10    8.150
  41  [    2 ( 0, 0, 0) ] 1    57  [    2 ( 0,-1, 1) ] 1  :    41   10    8.523
  41  [    2 ( 0, 0, 0) ] 1    60  [    2 ( 0, 1,-1) ] 1  :    44   10    8.523
  41  [    2 ( 0, 0, 0) ] 1    59  [    2 (-1, 0, 0) ] 2  :    97   11    9.112
  41  [    2 ( 0, 0, 0) ] 1    59  [    2 (-1, 0, 0) ] 3  :   101   11    9.112
  41  [    2 ( 0, 0, 0) ] 1    58  [    2 ( 1, 0, 0) ] 2  :   108   11    8.150
  41  [    2 ( 0, 0, 0) ] 1    58  [    2 ( 1, 0, 0) ] 3  :   112   11    8.150
  41  [    2 ( 0, 0, 0) ] 1    13  [    2 (-1, 0, 1) ] 2  :   113   11    4.075
  41  [    2 ( 0, 0, 0) ] 1    10  [    2 ( 1, 0,-1) ] 2  :   120   11    6.280
  41  [    2 ( 0, 0, 0) ] 1    31  [    2 (-1, 1, 0) ] 3  :   129   11    4.075
  41  [    2 ( 0, 0, 0) ] 1    25  [    2 ( 1,-1, 0) ] 3  :   140   11    4.075
  41  [    2 ( 0, 0, 0) ] 1     9  [    2 ( 0,-1, 0) ] 2  :   145   11    7.058
  41  [    2 ( 0, 0, 0) ] 1    14  [    2 ( 0, 1, 0) ] 2  :   152   11    7.486
  41  [    2 ( 0, 0, 0) ] 1    57  [    2 ( 0,-1, 1) ] 2  :   161   11    8.523
  41  [    2 ( 0, 0, 0) ] 1    57  [    2 ( 0,-1, 1) ] 3  :   165   11    8.523
  41  [    2 ( 0, 0, 0) ] 1    60  [    2 ( 0, 1,-1) ] 2  :   172   11    8.523
  41  [    2 ( 0, 0, 0) ] 1    60  [    2 ( 0, 1,-1) ] 3  :   176   11    8.523
  41  [    2 ( 0, 0, 0) ] 1    27  [    2 ( 0, 0,-1) ] 3  :   177   11    4.075
  41  [    2 ( 0, 0, 0) ] 1    29  [    2 ( 0, 0, 1) ] 3  :   188   11    4.075
  41  [    2 ( 0, 0, 0) ] 1    13  [    2 (-1, 0, 1) ] 1  :    57   12    4.075
  41  [    2 ( 0, 0, 0) ] 1    10  [    2 ( 1, 0,-1) ] 1  :    60   12    6.280
  41  [    2 ( 0, 0, 0) ] 1    31  [    2 (-1, 1, 0) ] 1  :    65   12    4.075
  41  [    2 ( 0, 0, 0) ] 1    25  [    2 ( 1,-1, 0) ] 1  :    68   12    4.075
  41  [    2 ( 0, 0, 0) ] 1     9  [    2 ( 0,-1, 0) ] 1  :    73   12    7.058
  41  [    2 ( 0, 0, 0) ] 1    14  [    2 ( 0, 1, 0) ] 1  :    76   12    7.486
  41  [    2 ( 0, 0, 0) ] 1    27  [    2 ( 0, 0,-1) ] 1  :    89   12    4.075
  41  [    2 ( 0, 0, 0) ] 1    29  [    2 ( 0, 0, 1) ] 1  :    92   12    4.075
  41  [    2 ( 0, 0, 0) ] 1    13  [    2 (-1, 0, 1) ] 3  :    57   13    4.075
  41  [    2 ( 0, 0, 0) ] 1    10  [    2 ( 1, 0,-1) ] 3  :    64   13    6.280
  41  [    2 ( 0, 0, 0) ] 1    31  [    2 (-1, 1, 0) ] 2  :    65   13    4.075
  41  [    2 ( 0, 0, 0) ] 1    25  [    2 ( 1,-1, 0) ] 2  :    72   13    4.075
  41  [    2 ( 0, 0, 0) ] 1     9  [    2 ( 0,-1, 0) ] 3  :    73   13    7.058
  41  [    2 ( 0, 0, 0) ] 1    14  [    2 ( 0, 1, 0) ] 3  :    80   13    7.486
  41  [    2 ( 0, 0, 0) ] 1    27  [    2 ( 0, 0,-1) ] 2  :    89   13    4.075
  41  [    2 ( 0, 0, 0) ] 1    29  [    2 ( 0, 0, 1) ] 2  :    96   13    4.075
  41  [    2 ( 0, 0, 0) ] 1    51  [    1 ( 0, 0,-1) ] 1  :     4   14    9.112
  41  [    2 ( 0, 0, 0) ] 1    33  [    1 ( 0,-1, 0) ] 1  :    12   14    4.075
  41  [    2 ( 0, 0, 0) ] 1    50  [    1 ( 2, 0,-1) ] 1  :    36   14    9.112
  41  [    2 ( 0, 0, 0) ] 1    36  [    1 ( 2,-1, 0) ] 1  :    44   14    5.763
  41  [    2 ( 0, 0, 0) ] 1     6  [    1 ( 0, 2, 0) ] 1  :    52   14    7.486
  41  [    2 ( 0, 0, 0) ] 1     7  [    1 ( 0, 0, 2) ] 1  :    68   14    5.763
  41  [    2 ( 0, 0, 0) ] 1    24  [    1 (-1, 2, 0) ] 1  :    84   14    4.778
  41  [    2 ( 0, 0, 0) ] 1    21  [    1 (-1, 0, 2) ] 1  :    92   14    7.058
  41  [    2 ( 0, 0, 0) ] 1    51  [    1 ( 0, 0,-1) ] 2  :     8   15    9.112
  41  [    2 ( 0, 0, 0) ] 1    33  [    1 ( 0,-1, 0) ] 3  :    16   15    4.075
  41  [    2 ( 0, 0, 0) ] 1    50  [    1 ( 2, 0,-1) ] 3  :    40   15    9.112
  41  [    2 ( 0, 0, 0) ] 1    36  [    1 ( 2,-1, 0) ] 2  :    48   15    5.763
  41  [    2 ( 0, 0, 0) ] 1     6  [    1 ( 0, 2, 0) ] 3  :    56   15    7.486
  41  [    2 ( 0, 0, 0) ] 1     7  [    1 ( 0, 0, 2) ] 2  :    72   15    5.763
  41  [    2 ( 0, 0, 0) ] 1    24  [    1 (-1, 2, 0) ] 2  :    88   15    4.778
  41  [    2 ( 0, 0, 0) ] 1    21  [    1 (-1, 0, 2) ] 3  :    96   15    7.058
  41  [    2 ( 0, 0, 0) ] 1    51  [    1 ( 0, 0,-1) ] 3  :    12   16    9.112
  41  [    2 ( 0, 0, 0) ] 1    33  [    1 ( 0,-1, 0) ] 2  :    24   16    4.075
  41  [    2 ( 0, 0, 0) ] 1    19  [    1 (-1, 0, 0) ] 2  :    44   16    5.763
  41  [    2 ( 0, 0, 0) ] 1    19  [    1 (-1, 0, 0) ] 3  :    48   16    5.763
  41  [    2 ( 0, 0, 0) ] 1     4  [    1 ( 2, 0, 0) ] 2  :    60   16    9.447
  41  [    2 ( 0, 0, 0) ] 1     4  [    1 ( 2, 0, 0) ] 3  :    64   16    9.447
  41  [    2 ( 0, 0, 0) ] 1    50  [    1 ( 2, 0,-1) ] 2  :    72   16    9.112
  41  [    2 ( 0, 0, 0) ] 1    36  [    1 ( 2,-1, 0) ] 3  :    92   16    5.763
  41  [    2 ( 0, 0, 0) ] 1     6  [    1 ( 0, 2, 0) ] 2  :   104   16    7.486
  41  [    2 ( 0, 0, 0) ] 1    56  [    1 ( 0, 2,-1) ] 2  :   124   16    7.058
  41  [    2 ( 0, 0, 0) ] 1    56  [    1 ( 0, 2,-1) ] 3  :   128   16    7.058
  41  [    2 ( 0, 0, 0) ] 1     7  [    1 ( 0, 0, 2) ] 3  :   140   16    5.763
  41  [    2 ( 0, 0, 0) ] 1    39  [    1 ( 0,-1, 2) ] 2  :   156   16    4.778
  41  [    2 ( 0, 0, 0) ] 1    39  [    1 ( 0,-1, 2) ] 3  :   160   16    4.778
  41  [    2 ( 0, 0, 0) ] 1    24  [    1 (-1, 2, 0) ] 3  :   172   16    4.778
  41  [    2 ( 0, 0, 0) ] 1    21  [    1 (-1, 0, 2) ] 2  :   184   16    7.058
  41  [    2 ( 0, 0, 0) ] 1    19  [    1 (-1, 0, 0) ] 1  :    12   17    5.763
  41  [    2 ( 0, 0, 0) ] 1     4  [    1 ( 2, 0, 0) ] 1  :    16   17    9.447
  41  [    2 ( 0, 0, 0) ] 1    56  [    1 ( 0, 2,-1) ] 1  :    32   17    7.058
  41  [    2 ( 0, 0, 0) ] 1    39  [    1 ( 0,-1, 2) ] 1  :    40   17    4.778
  41  [    2 ( 0, 0, 0) ] 2    41  [    2 ( 0, 0, 0) ] 2  :     5    1    4.778
  41  [    2 ( 0, 0, 0) ] 2     1  [    1 ( 0, 0, 0) ] 2  :     4    2    2.495
  41  [    2 ( 0, 0, 0) ] 2    18  [    1 ( 1, 0, 0) ] 2  :    14    2    4.778
  41  [    2 ( 0, 0, 0) ] 2    38  [    1 ( 0, 1, 0) ] 2  :    26    2    4.075
  41  [    2 ( 0, 0, 0) ] 2    53  [    1 ( 0, 0, 1) ] 2  :    38    2   10.289
  41  [    2 ( 0, 0, 0) ] 2     1  [    1 ( 0, 0, 0) ] 1  :     2    3    2.495
  41  [    2 ( 0, 0, 0) ] 2     1  [    1 ( 0, 0, 0) ] 3  :    12    3    2.495
  41  [    2 ( 0, 0, 0) ] 2    18  [    1 ( 1, 0, 0) ] 1  :    16    3    4.778
  41  [    2 ( 0, 0, 0) ] 2    18  [    1 ( 1, 0, 0) ] 3  :    36    3    4.778
  41  [    2 ( 0, 0, 0) ] 2    38  [    1 ( 0, 1, 0) ] 1  :    40    3    4.075
  41  [    2 ( 0, 0, 0) ] 2    38  [    1 ( 0, 1, 0) ] 3  :    60    3    4.075
  41  [    2 ( 0, 0, 0) ] 2    53  [    1 ( 0, 0, 1) ] 1  :    64    3   10.289
  41  [    2 ( 0, 0, 0) ] 2    53  [    1 ( 0, 0, 1) ] 3  :    84    3   10.289
  41  [    2 ( 0, 0, 0) ] 2    54  [    1 ( 1, 1, 0) ] 2  :     8    4    8.150
  41  [    2 ( 0, 0, 0) ] 2     2  [    1 ( 1, 1,-1) ] 2  :    16    4    0.000
  41  [    2 ( 0, 0, 0) ] 2    34  [    1 ( 1, 0,-1) ] 2  :    28    4    4.778
  41  [    2 ( 0, 0, 0) ] 2    49  [    1 ( 1,-1, 0) ] 2  :    44    4   10.781
  41  [    2 ( 0, 0, 0) ] 2    22  [    1 ( 0, 1, 1) ] 2  :    52    4    6.280
  41  [    2 ( 0, 0, 0) ] 2    17  [    1 ( 0,-1, 1) ] 2  :    72    4    4.075
  41  [    2 ( 0, 0, 0) ] 2     5  [    1 (-1, 1, 1) ] 2  :    76    4    7.058
  41  [    2 ( 0, 0, 0) ] 2    37  [    1 (-1, 0, 1) ] 2  :    96    4    4.778
  41  [    2 ( 0, 0, 0) ] 2    54  [    1 ( 1, 1, 0) ] 1  :     4    5    8.150
  41  [    2 ( 0, 0, 0) ] 2     2  [    1 ( 1, 1,-1) ] 1  :    12    5    0.000
  41  [    2 ( 0, 0, 0) ] 2    34  [    1 ( 1, 0,-1) ] 3  :    32    5    4.778
  41  [    2 ( 0, 0, 0) ] 2    49  [    1 ( 1,-1, 0) ] 3  :    48    5   10.781
  41  [    2 ( 0, 0, 0) ] 2    22  [    1 ( 0, 1, 1) ] 3  :    56    5    6.280
  41  [    2 ( 0, 0, 0) ] 2    17  [    1 ( 0,-1, 1) ] 1  :    68    5    4.075
  41  [    2 ( 0, 0, 0) ] 2     5  [    1 (-1, 1, 1) ] 3  :    80    5    7.058
  41  [    2 ( 0, 0, 0) ] 2    37  [    1 (-1, 0, 1) ] 1  :    92    5    4.778
  41  [    2 ( 0, 0, 0) ] 2    54  [    1 ( 1, 1, 0) ] 3  :    16    6    8.150
  41  [    2 ( 0, 0, 0) ] 2     2  [    1 ( 1, 1,-1) ] 3  :    32    6    0.000
  41  [    2 ( 0, 0, 0) ] 2    40  [    1 ( 1, 0, 1) ] 1  :    36    6    5.763
  41  [    2 ( 0, 0, 0) ] 2    40  [    1 ( 1, 0, 1) ] 3  :    48    6    5.763
  41  [    2 ( 0, 0, 0) ] 2    34  [    1 ( 1, 0,-1) ] 1  :    52    6    4.778
  41  [    2 ( 0, 0, 0) ] 2     3  [    1 ( 1,-1, 1) ] 1  :    68    6    9.982
  41  [    2 ( 0, 0, 0) ] 2     3  [    1 ( 1,-1, 1) ] 3  :    80    6    9.982
  41  [    2 ( 0, 0, 0) ] 2    49  [    1 ( 1,-1, 0) ] 1  :    84    6   10.781
  41  [    2 ( 0, 0, 0) ] 2    22  [    1 ( 0, 1, 1) ] 1  :   100    6    6.280
  41  [    2 ( 0, 0, 0) ] 2    20  [    1 ( 0, 1,-1) ] 1  :   116    6    9.447
  41  [    2 ( 0, 0, 0) ] 2    20  [    1 ( 0, 1,-1) ] 3  :   128    6    9.447
  41  [    2 ( 0, 0, 0) ] 2    17  [    1 ( 0,-1, 1) ] 3  :   144    6    4.075
  41  [    2 ( 0, 0, 0) ] 2     5  [    1 (-1, 1, 1) ] 1  :   148    6    7.058
  41  [    2 ( 0, 0, 0) ] 2    55  [    1 (-1, 1, 0) ] 1  :   164    6    8.523
  41  [    2 ( 0, 0, 0) ] 2    55  [    1 (-1, 1, 0) ] 3  :   176    6    8.523
  41  [    2 ( 0, 0, 0) ] 2    37  [    1 (-1, 0, 1) ] 3  :   192    6    4.778
  41  [    2 ( 0, 0, 0) ] 2    40  [    1 ( 1, 0, 1) ] 2  :    12    7    5.763
  41  [    2 ( 0, 0, 0) ] 2     3  [    1 ( 1,-1, 1) ] 2  :    20    7    9.982
  41  [    2 ( 0, 0, 0) ] 2    20  [    1 ( 0, 1,-1) ] 2  :    32    7    9.447
  41  [    2 ( 0, 0, 0) ] 2    55  [    1 (-1, 1, 0) ] 2  :    44    7    8.523
  41  [    2 ( 0, 0, 0) ] 2    42  [    2 (-1,-1, 1) ] 2  :    29    8    4.075
  41  [    2 ( 0, 0, 0) ] 2    42  [    2 ( 1, 1,-1) ] 2  :    32    8    4.075
  41  [    2 ( 0, 0, 0) ] 2    45  [    2 (-1, 1, 1) ] 2  :    41    8    4.778
  41  [    2 ( 0, 0, 0) ] 2    45  [    2 ( 1,-1,-1) ] 2  :    44    8    4.778
  41  [    2 ( 0, 0, 0) ] 2    43  [    2 (-1, 1,-1) ] 2  :    17    9    2.495
  41  [    2 ( 0, 0, 0) ] 2    43  [    2 ( 1,-1, 1) ] 2  :    20    9    2.495
  41  [    2 ( 0, 0, 0) ] 2    13  [    2 (-1, 0, 1) ] 2  :    29   10    4.075
  41  [    2 ( 0, 0, 0) ] 2    10  [    2 ( 1, 0,-1) ] 2  :    32   10    6.280
  41  [    2 ( 0, 0, 0) ] 2     9  [    2 ( 0,-1, 0) ] 2  :    37   10    7.058
  41  [    2 ( 0, 0, 0) ] 2    14  [    2 ( 0, 1, 0) ] 2  :    40   10    7.486
  41  [    2 ( 0, 0, 0) ] 2    58  [    2 ( 1, 0, 0) ] 1  :   100   11    8.150
  41  [    2 ( 0, 0, 0) ] 2    59  [    2 (-1, 0, 0) ] 1  :   105   11    9.112
  41  [    2 ( 0, 0, 0) ] 2    10  [    2 ( 1, 0,-1) ] 1  :   116   11    6.280
  41  [    2 ( 0, 0, 0) ] 2    13  [    2 (-1, 0, 1) ] 1  :   117   11    4.075
  41  [    2 ( 0, 0, 0) ] 2    13  [    2 (-1, 0, 1) ] 3  :   121   11    4.075
  41  [    2 ( 0, 0, 0) ] 2    10  [    2 ( 1, 0,-1) ] 3  :   128   11    6.280
  41  [    2 ( 0, 0, 0) ] 2    31  [    2 (-1, 1, 0) ] 3  :   133   11    4.075
  41  [    2 ( 0, 0, 0) ] 2    25  [    2 ( 1,-1, 0) ] 3  :   144   11    4.075
  41  [    2 ( 0, 0, 0) ] 2    14  [    2 ( 0, 1, 0) ] 1  :   148   11    7.486
  41  [    2 ( 0, 0, 0) ] 2     9  [    2 ( 0,-1, 0) ] 1  :   149   11    7.058
  41  [    2 ( 0, 0, 0) ] 2     9  [    2 ( 0,-1, 0) ] 3  :   153   11    7.058
  41  [    2 ( 0, 0, 0) ] 2    14  [    2 ( 0, 1, 0) ] 3  :   160   11    7.486
  41  [    2 ( 0, 0, 0) ] 2    60  [    2 ( 0, 1,-1) ] 1  :   164   11    8.523
  41  [    2 ( 0, 0, 0) ] 2    57  [    2 ( 0,-1, 1) ] 1  :   169   11    8.523
  41  [    2 ( 0, 0, 0) ] 2    27  [    2 ( 0, 0,-1) ] 3  :   181   11    4.075
  41  [    2 ( 0, 0, 0) ] 2    29  [    2 ( 0, 0, 1) ] 3  :   192   11    4.075
  41  [    2 ( 0, 0, 0) ] 2    59  [    2 (-1, 0, 0) ] 2  :    49   12    9.112
  41  [    2 ( 0, 0, 0) ] 2    58  [    2 ( 1, 0, 0) ] 2  :    52   12    8.150
  41  [    2 ( 0, 0, 0) ] 2    31  [    2 (-1, 1, 0) ] 2  :    69   12    4.075
  41  [    2 ( 0, 0, 0) ] 2    25  [    2 ( 1,-1, 0) ] 2  :    72   12    4.075
  41  [    2 ( 0, 0, 0) ] 2    57  [    2 ( 0,-1, 1) ] 2  :    81   12    8.523
  41  [    2 ( 0, 0, 0) ] 2    60  [    2 ( 0, 1,-1) ] 2  :    84   12    8.523
  41  [    2 ( 0, 0, 0) ] 2    27  [    2 ( 0, 0,-1) ] 2  :    93   12    4.075
  41  [    2 ( 0, 0, 0) ] 2    29  [    2 ( 0, 0, 1) ] 2  :    96   12    4.075
  41  [    2 ( 0, 0, 0) ] 2    59  [    2 (-1, 0, 0) ] 3  :    49   13    9.112
  41  [    2 ( 0, 0, 0) ] 2    58  [    2 ( 1, 0, 0) ] 3  :    56   13    8.150
  41  [    2 ( 0, 0, 0) ] 2    25  [    2 ( 1,-1, 0) ] 1  :    68   13    4.075
  41  [    2 ( 0, 0, 0) ] 2    31  [    2 (-1, 1, 0) ] 1  :    69   13    4.075
  41  [    2 ( 0, 0, 0) ] 2    57  [    2 ( 0,-1, 1) ] 3  :    81   13    8.523
  41  [    2 ( 0, 0, 0) ] 2    60  [    2 ( 0, 1,-1) ] 3  :    88   13    8.523
  41  [    2 ( 0, 0, 0) ] 2    29  [    2 ( 0, 0, 1) ] 1  :    92   13    4.075
  41  [    2 ( 0, 0, 0) ] 2    27  [    2 ( 0, 0,-1) ] 1  :    93   13    4.075
  41  [    2 ( 0, 0, 0) ] 2    51  [    1 ( 0, 0,-1) ] 2  :     8   14    9.112
  41  [    2 ( 0, 0, 0) ] 2    19  [    1 (-1, 0, 0) ] 2  :    20   14    5.763
  41  [    2 ( 0, 0, 0) ] 2     4  [    1 ( 2, 0, 0) ] 2  :    28   14    9.447
  41  [    2 ( 0, 0, 0) ] 2    36  [    1 ( 2,-1, 0) ] 2  :    48   14    5.763
  41  [    2 ( 0, 0, 0) ] 2    56  [    1 ( 0, 2,-1) ] 2  :    60   14    7.058
  41  [    2 ( 0, 0, 0) ] 2     7  [    1 ( 0, 0, 2) ] 2  :    72   14    5.763
  41  [    2 ( 0, 0, 0) ] 2    39  [    1 ( 0,-1, 2) ] 2  :    76   14    4.778
  41  [    2 ( 0, 0, 0) ] 2    24  [    1 (-1, 2, 0) ] 2  :    88   14    4.778
  41  [    2 ( 0, 0, 0) ] 2    51  [    1 ( 0, 0,-1) ] 1  :     4   15    9.112
  41  [    2 ( 0, 0, 0) ] 2    19  [    1 (-1, 0, 0) ] 3  :    24   15    5.763
  41  [    2 ( 0, 0, 0) ] 2     4  [    1 ( 2, 0, 0) ] 3  :    32   15    9.447
  41  [    2 ( 0, 0, 0) ] 2    36  [    1 ( 2,-1, 0) ] 1  :    44   15    5.763
  41  [    2 ( 0, 0, 0) ] 2    56  [    1 ( 0, 2,-1) ] 3  :    64   15    7.058
  41  [    2 ( 0, 0, 0) ] 2     7  [    1 ( 0, 0, 2) ] 1  :    68   15    5.763
  41  [    2 ( 0, 0, 0) ] 2    39  [    1 ( 0,-1, 2) ] 3  :    80   15    4.778
  41  [    2 ( 0, 0, 0) ] 2    24  [    1 (-1, 2, 0) ] 1  :    84   15    4.778
  41  [    2 ( 0, 0, 0) ] 2    51  [    1 ( 0, 0,-1) ] 3  :    16   16    9.112
  41  [    2 ( 0, 0, 0) ] 2    33  [    1 ( 0,-1, 0) ] 1  :    20   16    4.075
  41  [    2 ( 0, 0, 0) ] 2    33  [    1 ( 0,-1, 0) ] 3  :    32   16    4.075
  41  [    2 ( 0, 0, 0) ] 2    19  [    1 (-1, 0, 0) ] 1  :    36   16    5.763
  41  [    2 ( 0, 0, 0) ] 2     4  [    1 ( 2, 0, 0) ] 1  :    52   16    9.447
  41  [    2 ( 0, 0, 0) ] 2    50  [    1 ( 2, 0,-1) ] 1  :    68   16    9.112
  41  [    2 ( 0, 0, 0) ] 2    50  [    1 ( 2, 0,-1) ] 3  :    80   16    9.112
  41  [    2 ( 0, 0, 0) ] 2    36  [    1 ( 2,-1, 0) ] 3  :    96   16    5.763
  41  [    2 ( 0, 0, 0) ] 2     6  [    1 ( 0, 2, 0) ] 1  :   100   16    7.486
  41  [    2 ( 0, 0, 0) ] 2     6  [    1 ( 0, 2, 0) ] 3  :   112   16    7.486
  41  [    2 ( 0, 0, 0) ] 2    56  [    1 ( 0, 2,-1) ] 1  :   116   16    7.058
  41  [    2 ( 0, 0, 0) ] 2     7  [    1 ( 0, 0, 2) ] 3  :   144   16    5.763
  41  [    2 ( 0, 0, 0) ] 2    39  [    1 ( 0,-1, 2) ] 1  :   148   16    4.778
  41  [    2 ( 0, 0, 0) ] 2    24  [    1 (-1, 2, 0) ] 3  :   176   16    4.778
  41  [    2 ( 0, 0, 0) ] 2    21  [    1 (-1, 0, 2) ] 1  :   180   16    7.058
  41  [    2 ( 0, 0, 0) ] 2    21  [    1 (-1, 0, 2) ] 3  :   192   16    7.058
  41  [    2 ( 0, 0, 0) ] 2    33  [    1 ( 0,-1, 0) ] 2  :     8   17    4.075
  41  [    2 ( 0, 0, 0) ] 2    50  [    1 ( 2, 0,-1) ] 2  :    20   17    9.112
  41  [    2 ( 0, 0, 0) ] 2     6  [    1 ( 0, 2, 0) ] 2  :    28   17    7.486
  41  [    2 ( 0, 0, 0) ] 2    21  [    1 (-1, 0, 2) ] 2  :    48   17    7.058
  41  [    2 ( 0, 0, 0) ] 3    41  [    2 ( 0, 0, 0) ] 3  :     6    1    4.778
  41  [    2 ( 0, 0, 0) ] 3     1  [    1 ( 0, 0, 0) ] 3  :     6    2    2.495
  41  [    2 ( 0, 0, 0) ] 3    18  [    1 ( 1, 0, 0) ] 3  :    18    2    4.778
  41  [    2 ( 0, 0, 0) ] 3    38  [    1 ( 0, 1, 0) ] 3  :    30    2    4.075
  41  [    2 ( 0, 0, 0) ] 3    53  [    1 ( 0, 0, 1) ] 3  :    42    2   10.289
  41  [    2 ( 0, 0, 0) ] 3     1  [    1 ( 0, 0, 0) ] 1  :     4    3    2.495
  41  [    2 ( 0, 0, 0) ] 3     1  [    1 ( 0, 0, 0) ] 2  :     8    3    2.495
  41  [    2 ( 0, 0, 0) ] 3    18  [    1 ( 1, 0, 0) ] 1  :    20    3    4.778
  41  [    2 ( 0, 0, 0) ] 3    18  [    1 ( 1, 0, 0) ] 2  :    28    3    4.778
  41  [    2 ( 0, 0, 0) ] 3    38  [    1 ( 0, 1, 0) ] 1  :    44    3    4.075
  41  [    2 ( 0, 0, 0) ] 3    38  [    1 ( 0, 1, 0) ] 2  :    52    3    4.075
  41  [    2 ( 0, 0, 0) ] 3    53  [    1 ( 0, 0, 1) ] 1  :    68    3   10.289
  41  [    2 ( 0, 0, 0) ] 3    53  [    1 ( 0, 0, 1) ] 2  :    76    3   10.289
  41  [    2 ( 0, 0, 0) ] 3    40  [    1 ( 1, 0, 1) ] 3  :    24    4    5.763
  41  [    2 ( 0, 0, 0) ] 3    34  [    1 ( 1, 0,-1) ] 3  :    32    4    4.778
  41  [    2 ( 0, 0, 0) ] 3     3  [    1 ( 1,-1, 1) ] 3  :    40    4    9.982
  41  [    2 ( 0, 0, 0) ] 3    49  [    1 ( 1,-1, 0) ] 3  :    48    4   10.781
  41  [    2 ( 0, 0, 0) ] 3    22  [    1 ( 0, 1, 1) ] 3  :    56    4    6.280
  41  [    2 ( 0, 0, 0) ] 3    20  [    1 ( 0, 1,-1) ] 3  :    64    4    9.447
  41  [    2 ( 0, 0, 0) ] 3     5  [    1 (-1, 1, 1) ] 3  :    80    4    7.058
  41  [    2 ( 0, 0, 0) ] 3    55  [    1 (-1, 1, 0) ] 3  :    88    4    8.523
  41  [    2 ( 0, 0, 0) ] 3    40  [    1 ( 1, 0, 1) ] 1  :    20    5    5.763
  41  [    2 ( 0, 0, 0) ] 3    34  [    1 ( 1, 0,-1) ] 2  :    28    5    4.778
  41  [    2 ( 0, 0, 0) ] 3     3  [    1 ( 1,-1, 1) ] 1  :    36    5    9.982
  41  [    2 ( 0, 0, 0) ] 3    49  [    1 ( 1,-1, 0) ] 2  :    44    5   10.781
  41  [    2 ( 0, 0, 0) ] 3    22  [    1 ( 0, 1, 1) ] 2  :    52    5    6.280
  41  [    2 ( 0, 0, 0) ] 3    20  [    1 ( 0, 1,-1) ] 1  :    60    5    9.447
  41  [    2 ( 0, 0, 0) ] 3     5  [    1 (-1, 1, 1) ] 2  :    76    5    7.058
  41  [    2 ( 0, 0, 0) ] 3    55  [    1 (-1, 1, 0) ] 1  :    84    5    8.523
  41  [    2 ( 0, 0, 0) ] 3    54  [    1 ( 1, 1, 0) ] 1  :     4    6    8.150
  41  [    2 ( 0, 0, 0) ] 3    54  [    1 ( 1, 1, 0) ] 2  :     8    6    8.150
  41  [    2 ( 0, 0, 0) ] 3     2  [    1 ( 1, 1,-1) ] 1  :    20    6    0.000
  41  [    2 ( 0, 0, 0) ] 3     2  [    1 ( 1, 1,-1) ] 2  :    24    6    0.000
  41  [    2 ( 0, 0, 0) ] 3    40  [    1 ( 1, 0, 1) ] 2  :    44    6    5.763
  41  [    2 ( 0, 0, 0) ] 3    34  [    1 ( 1, 0,-1) ] 1  :    56    6    4.778
  41  [    2 ( 0, 0, 0) ] 3     3  [    1 ( 1,-1, 1) ] 2  :    76    6    9.982
  41  [    2 ( 0, 0, 0) ] 3    49  [    1 ( 1,-1, 0) ] 1  :    88    6   10.781
  41  [    2 ( 0, 0, 0) ] 3    22  [    1 ( 0, 1, 1) ] 1  :   104    6    6.280
  41  [    2 ( 0, 0, 0) ] 3    20  [    1 ( 0, 1,-1) ] 2  :   124    6    9.447
  41  [    2 ( 0, 0, 0) ] 3    17  [    1 ( 0,-1, 1) ] 1  :   132    6    4.075
  41  [    2 ( 0, 0, 0) ] 3    17  [    1 ( 0,-1, 1) ] 2  :   136    6    4.075
  41  [    2 ( 0, 0, 0) ] 3     5  [    1 (-1, 1, 1) ] 1  :   152    6    7.058
  41  [    2 ( 0, 0, 0) ] 3    55  [    1 (-1, 1, 0) ] 2  :   172    6    8.523
  41  [    2 ( 0, 0, 0) ] 3    37  [    1 (-1, 0, 1) ] 1  :   180    6    4.778
  41  [    2 ( 0, 0, 0) ] 3    37  [    1 (-1, 0, 1) ] 2  :   184    6    4.778
  41  [    2 ( 0, 0, 0) ] 3    54  [    1 ( 1, 1, 0) ] 3  :     4    7    8.150
  41  [    2 ( 0, 0, 0) ] 3     2  [    1 ( 1, 1,-1) ] 3  :     8    7    0.000
  41  [    2 ( 0, 0, 0) ] 3    17  [    1 ( 0,-1, 1) ] 3  :    36    7    4.075
  41  [    2 ( 0, 0, 0) ] 3    37  [    1 (-1, 0, 1) ] 3  :    48    7    4.778
  41  [    2 ( 0, 0, 0) ] 3    43  [    2 (-1, 1,-1) ] 3  :    37    8    2.495
  41  [    2 ( 0, 0, 0) ] 3    43  [    2 ( 1,-1, 1) ] 3  :    40    8    2.495
  41  [    2 ( 0, 0, 0) ] 3    45  [    2 (-1, 1, 1) ] 3  :    45    8    4.778
  41  [    2 ( 0, 0, 0) ] 3    45  [    2 ( 1,-1,-1) ] 3  :    48    8    4.778
  41  [    2 ( 0, 0, 0) ] 3    42  [    2 (-1,-1, 1) ] 3  :    13    9    4.075
  41  [    2 ( 0, 0, 0) ] 3    42  [    2 ( 1, 1,-1) ] 3  :    16    9    4.075
  41  [    2 ( 0, 0, 0) ] 3    31  [    2 (-1, 1, 0) ] 3  :    33   10    4.075
  41  [    2 ( 0, 0, 0) ] 3    25  [    2 ( 1,-1, 0) ] 3  :    36   10    4.075
  41  [    2 ( 0, 0, 0) ] 3    27  [    2 ( 0, 0,-1) ] 3  :    45   10    4.075
  41  [    2 ( 0, 0, 0) ] 3    29  [    2 ( 0, 0, 1) ] 3  :    48   10    4.075
  41  [    2 ( 0, 0, 0) ] 3    58  [    2 ( 1, 0, 0) ] 1  :   104   11    8.150
  41  [    2 ( 0, 0, 0) ] 3    59  [    2 (-1, 0, 0) ] 1  :   109   11    9.112
  41  [    2 ( 0, 0, 0) ] 3    10  [    2 ( 1, 0,-1) ] 2  :   124   11    6.280
  41  [    2 ( 0, 0, 0) ] 3    13  [    2 (-1, 0, 1) ] 2  :   125   11    4.075
  41  [    2 ( 0, 0, 0) ] 3    25  [    2 ( 1,-1, 0) ] 1  :   132   11    4.075
  41  [    2 ( 0, 0, 0) ] 3    25  [    2 ( 1,-1, 0) ] 2  :   136   11    4.075
  41  [    2 ( 0, 0, 0) ] 3    31  [    2 (-1, 1, 0) ] 1  :   137   11    4.075
  41  [    2 ( 0, 0, 0) ] 3    31  [    2 (-1, 1, 0) ] 2  :   141   11    4.075
  41  [    2 ( 0, 0, 0) ] 3    14  [    2 ( 0, 1, 0) ] 2  :   156   11    7.486
  41  [    2 ( 0, 0, 0) ] 3     9  [    2 ( 0,-1, 0) ] 2  :   157   11    7.058
  41  [    2 ( 0, 0, 0) ] 3    60  [    2 ( 0, 1,-1) ] 1  :   168   11    8.523
  41  [    2 ( 0, 0, 0) ] 3    57  [    2 ( 0,-1, 1) ] 1  :   173   11    8.523
  41  [    2 ( 0, 0, 0) ] 3    29  [    2 ( 0, 0, 1) ] 1  :   180   11    4.075
  41  [    2 ( 0, 0, 0) ] 3    29  [    2 ( 0, 0, 1) ] 2  :   184   11    4.075
  41  [    2 ( 0, 0, 0) ] 3    27  [    2 ( 0, 0,-1) ] 1  :   185   11    4.075
  41  [    2 ( 0, 0, 0) ] 3    27  [    2 ( 0, 0,-1) ] 2  :   189   11    4.075
  41  [    2 ( 0, 0, 0) ] 3    59  [    2 (-1, 0, 0) ] 3  :    53   12    9.112
  41  [    2 ( 0, 0, 0) ] 3    58  [    2 ( 1, 0, 0) ] 3  :    56   12    8.150
  41  [    2 ( 0, 0, 0) ] 3    13  [    2 (-1, 0, 1) ] 3  :    61   12    4.075
  41  [    2 ( 0, 0, 0) ] 3    10  [    2 ( 1, 0,-1) ] 3  :    64   12    6.280
  41  [    2 ( 0, 0, 0) ] 3     9  [    2 ( 0,-1, 0) ] 3  :    77   12    7.058
  41  [    2 ( 0, 0, 0) ] 3    14  [    2 ( 0, 1, 0) ] 3  :    80   12    7.486
  41  [    2 ( 0, 0, 0) ] 3    57  [    2 ( 0,-1, 1) ] 3  :    85   12    8.523
  41  [    2 ( 0, 0, 0) ] 3    60  [    2 ( 0, 1,-1) ] 3  :    88   12    8.523
  41  [    2 ( 0, 0, 0) ] 3    58  [    2 ( 1, 0, 0) ] 2  :    52   13    8.150
  41  [    2 ( 0, 0, 0) ] 3    59  [    2 (-1, 0, 0) ] 2  :    53   13    9.112
  41  [    2 ( 0, 0, 0) ] 3    10  [    2 ( 1, 0,-1) ] 1  :    60   13    6.280
  41  [    2 ( 0, 0, 0) ] 3    13  [    2 (-1, 0, 1) ] 1  :    61   13    4.075
  41  [    2 ( 0, 0, 0) ] 3    14  [    2 ( 0, 1, 0) ] 1  :    76   13    7.486
  41  [    2 ( 0, 0, 0) ] 3     9  [    2 ( 0,-1, 0) ] 1  :    77   13    7.058
  41  [    2 ( 0, 0, 0) ] 3    60  [    2 ( 0, 1,-1) ] 2  :    84   13    8.523
  41  [    2 ( 0, 0, 0) ] 3    57  [    2 ( 0,-1, 1) ] 2  :    85   13    8.523
  41  [    2 ( 0, 0, 0) ] 3    33  [    1 ( 0,-1, 0) ] 3  :    16   14    4.075
  41  [    2 ( 0, 0, 0) ] 3    19  [    1 (-1, 0, 0) ] 3  :    24   14    5.763
  41  [    2 ( 0, 0, 0) ] 3     4  [    1 ( 2, 0, 0) ] 3  :    32   14    9.447
  41  [    2 ( 0, 0, 0) ] 3    50  [    1 ( 2, 0,-1) ] 3  :    40   14    9.112
  41  [    2 ( 0, 0, 0) ] 3     6  [    1 ( 0, 2, 0) ] 3  :    56   14    7.486
  41  [    2 ( 0, 0, 0) ] 3    56  [    1 ( 0, 2,-1) ] 3  :    64   14    7.058
  41  [    2 ( 0, 0, 0) ] 3    39  [    1 ( 0,-1, 2) ] 3  :    80   14    4.778
  41  [    2 ( 0, 0, 0) ] 3    21  [    1 (-1, 0, 2) ] 3  :    96   14    7.058
  41  [    2 ( 0, 0, 0) ] 3    33  [    1 ( 0,-1, 0) ] 1  :    12   15    4.075
  41  [    2 ( 0, 0, 0) ] 3    19  [    1 (-1, 0, 0) ] 2  :    20   15    5.763
  41  [    2 ( 0, 0, 0) ] 3     4  [    1 ( 2, 0, 0) ] 2  :    28   15    9.447
  41  [    2 ( 0, 0, 0) ] 3    50  [    1 ( 2, 0,-1) ] 1  :    36   15    9.112
  41  [    2 ( 0, 0, 0) ] 3     6  [    1 ( 0, 2, 0) ] 1  :    52   15    7.486
  41  [    2 ( 0, 0, 0) ] 3    56  [    1 ( 0, 2,-1) ] 2  :    60   15    7.058
  41  [    2 ( 0, 0, 0) ] 3    39  [    1 ( 0,-1, 2) ] 2  :    76   15    4.778
  41  [    2 ( 0, 0, 0) ] 3    21  [    1 (-1, 0, 2) ] 1  :    92   15    7.058
  41  [    2 ( 0, 0, 0) ] 3    51  [    1 ( 0, 0,-1) ] 1  :     4   16    9.112
  41  [    2 ( 0, 0, 0) ] 3    51  [    1 ( 0, 0,-1) ] 2  :     8   16    9.112
  41  [    2 ( 0, 0, 0) ] 3    33  [    1 ( 0,-1, 0) ] 2  :    28   16    4.075
  41  [    2 ( 0, 0, 0) ] 3    19  [    1 (-1, 0, 0) ] 1  :    40   16    5.763
  41  [    2 ( 0, 0, 0) ] 3     4  [    1 ( 2, 0, 0) ] 1  :    56   16    9.447
  41  [    2 ( 0, 0, 0) ] 3    50  [    1 ( 2, 0,-1) ] 2  :    76   16    9.112
  41  [    2 ( 0, 0, 0) ] 3    36  [    1 ( 2,-1, 0) ] 1  :    84   16    5.763
  41  [    2 ( 0, 0, 0) ] 3    36  [    1 ( 2,-1, 0) ] 2  :    88   16    5.763
  41  [    2 ( 0, 0, 0) ] 3     6  [    1 ( 0, 2, 0) ] 2  :   108   16    7.486
  41  [    2 ( 0, 0, 0) ] 3    56  [    1 ( 0, 2,-1) ] 1  :   120   16    7.058
  41  [    2 ( 0, 0, 0) ] 3     7  [    1 ( 0, 0, 2) ] 1  :   132   16    5.763
  41  [    2 ( 0, 0, 0) ] 3     7  [    1 ( 0, 0, 2) ] 2  :   136   16    5.763
  41  [    2 ( 0, 0, 0) ] 3    39  [    1 ( 0,-1, 2) ] 1  :   152   16    4.778
  41  [    2 ( 0, 0, 0) ] 3    24  [    1 (-1, 2, 0) ] 1  :   164   16    4.778
  41  [    2 ( 0, 0, 0) ] 3    24  [    1 (-1, 2, 0) ] 2  :   168   16    4.778
  41  [    2 ( 0, 0, 0) ] 3    21  [    1 (-1, 0, 2) ] 2  :   188   16    7.058
  41  [    2 ( 0, 0, 0) ] 3    51  [    1 ( 0, 0,-1) ] 3  :     4   17    9.112
  41  [    2 ( 0, 0, 0) ] 3    36  [    1 ( 2,-1, 0) ] 3  :    24   17    5.763
  41  [    2 ( 0, 0, 0) ] 3     7  [    1 ( 0, 0, 2) ] 3  :    36   17    5.763
  41  [    2 ( 0, 0, 0) ] 3    24  [    1 (-1, 2, 0) ] 3  :    44   17    4.778
