 # RANK            2  tensors :term,group,(iatom,ixyz)_2 d^nU/dx_{i,alpha}^n
     1     1      1 1      1 1    10.206901      1.0000
     2     1      1 2      1 2    10.206901      1.0000
     3     1      1 3      1 3    10.206901      1.0000
     4     1      2 1      2 1    10.206901      1.0000
     5     1      2 2      2 2    10.206901      1.0000
     6     1      2 3      2 3    10.206901      1.0000
     1     2      1 1      2 1   -2.4994286      1.0000
     2     2      2 1      1 1   -2.4994286      1.0000
     3     2      1 2      2 2   -2.4994286      1.0000
     4     2      2 2      1 2   -2.4994286      1.0000
     5     2      1 3      2 3   -2.4994286      1.0000
     6     2      2 3      1 3   -2.4994286      1.0000
     7     2      1 1     11 1   -2.4994286      1.0000
     8     2     11 1      1 1   -2.4994286      1.0000
     9     2     43 1      2 1   -2.4994286      1.0000
    10     2      2 1     43 1   -2.4994286      1.0000
    11     2      1 2     11 2   -2.4994286      1.0000
    12     2     11 2      1 2   -2.4994286      1.0000
    13     2     43 2      2 2   -2.4994286      1.0000
    14     2      2 2     43 2   -2.4994286      1.0000
    15     2      1 3     11 3   -2.4994286      1.0000
    16     2     11 3      1 3   -2.4994286      1.0000
    17     2     43 3      2 3   -2.4994286      1.0000
    18     2      2 3     43 3   -2.4994286      1.0000
    19     2      1 1     23 1   -2.4994286      1.0000
    20     2     23 1      1 1   -2.4994286      1.0000
    21     2     32 1      2 1   -2.4994286      1.0000
    22     2      2 1     32 1   -2.4994286      1.0000
    23     2      1 2     23 2   -2.4994286      1.0000
    24     2     23 2      1 2   -2.4994286      1.0000
    25     2     32 2      2 2   -2.4994286      1.0000
    26     2      2 2     32 2   -2.4994286      1.0000
    27     2      1 3     23 3   -2.4994286      1.0000
    28     2     23 3      1 3   -2.4994286      1.0000
    29     2     32 3      2 3   -2.4994286      1.0000
    30     2      2 3     32 3   -2.4994286      1.0000
    31     2      1 1     27 1   -2.4994286      1.0000
    32     2     27 1      1 1   -2.4994286      1.0000
    33     2     28 1      2 1   -2.4994286      1.0000
    34     2      2 1     28 1   -2.4994286      1.0000
    35     2      1 2     27 2   -2.4994286      1.0000
    36     2     27 2      1 2   -2.4994286      1.0000
    37     2     28 2      2 2   -2.4994286      1.0000
    38     2      2 2     28 2   -2.4994286      1.0000
    39     2      1 3     27 3   -2.4994286      1.0000
    40     2     27 3      1 3   -2.4994286      1.0000
    41     2     28 3      2 3   -2.4994286      1.0000
    42     2      2 3     28 3   -2.4994286      1.0000
     1     3      1 1      2 2   -1.7122674      1.0000
     2     3      2 2      1 1   -1.7122674      1.0000
     3     3      1 1      2 3   -1.7122674      1.0000
     4     3      2 3      1 1   -1.7122674      1.0000
     5     3      1 2      2 1   -1.7122674      1.0000
     6     3      2 1      1 2   -1.7122674      1.0000
     7     3      1 2      2 3   -1.7122674      1.0000
     8     3      2 3      1 2   -1.7122674      1.0000
     9     3      1 3      2 1   -1.7122674      1.0000
    10     3      2 1      1 3   -1.7122674      1.0000
    11     3      1 3      2 2   -1.7122674      1.0000
    12     3      2 2      1 3   -1.7122674      1.0000
    13     3      1 1     11 2    1.7122674      1.0000
    14     3     11 2      1 1    1.7122674      1.0000
    15     3     43 1      2 2    1.7122674      1.0000
    16     3      2 2     43 1    1.7122674      1.0000
    17     3      1 1     11 3    1.7122674      1.0000
    18     3     11 3      1 1    1.7122674      1.0000
    19     3     43 1      2 3    1.7122674      1.0000
    20     3      2 3     43 1    1.7122674      1.0000
    21     3      1 2     11 1    1.7122674      1.0000
    22     3     11 1      1 2    1.7122674      1.0000
    23     3     43 2      2 1    1.7122674      1.0000
    24     3      2 1     43 2    1.7122674      1.0000
    25     3      1 2     11 3   -1.7122674      1.0000
    26     3     11 3      1 2   -1.7122674      1.0000
    27     3     43 2      2 3   -1.7122674      1.0000
    28     3      2 3     43 2   -1.7122674      1.0000
    29     3      1 3     11 1    1.7122674      1.0000
    30     3     11 1      1 3    1.7122674      1.0000
    31     3     43 3      2 1    1.7122674      1.0000
    32     3      2 1     43 3    1.7122674      1.0000
    33     3      1 3     11 2   -1.7122674      1.0000
    34     3     11 2      1 3   -1.7122674      1.0000
    35     3     43 3      2 2   -1.7122674      1.0000
    36     3      2 2     43 3   -1.7122674      1.0000
    37     3      1 1     23 2    1.7122674      1.0000
    38     3     23 2      1 1    1.7122674      1.0000
    39     3     32 1      2 2    1.7122674      1.0000
    40     3      2 2     32 1    1.7122674      1.0000
    41     3      1 1     23 3   -1.7122674      1.0000
    42     3     23 3      1 1   -1.7122674      1.0000
    43     3     32 1      2 3   -1.7122674      1.0000
    44     3      2 3     32 1   -1.7122674      1.0000
    45     3      1 2     23 1    1.7122674      1.0000
    46     3     23 1      1 2    1.7122674      1.0000
    47     3     32 2      2 1    1.7122674      1.0000
    48     3      2 1     32 2    1.7122674      1.0000
    49     3      1 2     23 3    1.7122674      1.0000
    50     3     23 3      1 2    1.7122674      1.0000
    51     3     32 2      2 3    1.7122674      1.0000
    52     3      2 3     32 2    1.7122674      1.0000
    53     3      1 3     23 1   -1.7122674      1.0000
    54     3     23 1      1 3   -1.7122674      1.0000
    55     3     32 3      2 1   -1.7122674      1.0000
    56     3      2 1     32 3   -1.7122674      1.0000
    57     3      1 3     23 2    1.7122674      1.0000
    58     3     23 2      1 3    1.7122674      1.0000
    59     3     32 3      2 2    1.7122674      1.0000
    60     3      2 2     32 3    1.7122674      1.0000
    61     3      1 1     27 2   -1.7122674      1.0000
    62     3     27 2      1 1   -1.7122674      1.0000
    63     3     28 1      2 2   -1.7122674      1.0000
    64     3      2 2     28 1   -1.7122674      1.0000
    65     3      1 1     27 3    1.7122674      1.0000
    66     3     27 3      1 1    1.7122674      1.0000
    67     3     28 1      2 3    1.7122674      1.0000
    68     3      2 3     28 1    1.7122674      1.0000
    69     3      1 2     27 1   -1.7122674      1.0000
    70     3     27 1      1 2   -1.7122674      1.0000
    71     3     28 2      2 1   -1.7122674      1.0000
    72     3      2 1     28 2   -1.7122674      1.0000
    73     3      1 2     27 3    1.7122674      1.0000
    74     3     27 3      1 2    1.7122674      1.0000
    75     3     28 2      2 3    1.7122674      1.0000
    76     3      2 3     28 2    1.7122674      1.0000
    77     3      1 3     27 1    1.7122674      1.0000
    78     3     27 1      1 3    1.7122674      1.0000
    79     3     28 3      2 1    1.7122674      1.0000
    80     3      2 1     28 3    1.7122674      1.0000
    81     3      1 3     27 2    1.7122674      1.0000
    82     3     27 2      1 3    1.7122674      1.0000
    83     3     28 3      2 2    1.7122674      1.0000
    84     3      2 2     28 3    1.7122674      1.0000
     1     4      1 1      5 1   0.41814979E-01  1.0000
     2     4      5 1      1 1   0.41814979E-01  1.0000
     3     4     48 1      2 1   0.41814979E-01  1.0000
     4     4      2 1     48 1   0.41814979E-01  1.0000
     5     4      1 2      5 2   0.41814979E-01  1.0000
     6     4      5 2      1 2   0.41814979E-01  1.0000
     7     4     48 2      2 2   0.41814979E-01  1.0000
     8     4      2 2     48 2   0.41814979E-01  1.0000
     9     4      1 1      7 1   0.41814979E-01  1.0000
    10     4      7 1      1 1   0.41814979E-01  1.0000
    11     4     46 1      2 1   0.41814979E-01  1.0000
    12     4      2 1     46 1   0.41814979E-01  1.0000
    13     4      1 2      7 2   0.41814979E-01  1.0000
    14     4      7 2      1 2   0.41814979E-01  1.0000
    15     4     46 2      2 2   0.41814979E-01  1.0000
    16     4      2 2     46 2   0.41814979E-01  1.0000
    17     4      1 1      9 1   0.41814979E-01  1.0000
    18     4      9 1      1 1   0.41814979E-01  1.0000
    19     4     45 1      2 1   0.41814979E-01  1.0000
    20     4      2 1     45 1   0.41814979E-01  1.0000
    21     4      1 3      9 3   0.41814979E-01  1.0000
    22     4      9 3      1 3   0.41814979E-01  1.0000
    23     4     45 3      2 3   0.41814979E-01  1.0000
    24     4      2 3     45 3   0.41814979E-01  1.0000
    25     4      1 2     13 2   0.41814979E-01  1.0000
    26     4     13 2      1 2   0.41814979E-01  1.0000
    27     4     41 2      2 2   0.41814979E-01  1.0000
    28     4      2 2     41 2   0.41814979E-01  1.0000
    29     4      1 3     13 3   0.41814979E-01  1.0000
    30     4     13 3      1 3   0.41814979E-01  1.0000
    31     4     41 3      2 3   0.41814979E-01  1.0000
    32     4      2 3     41 3   0.41814979E-01  1.0000
    33     4      1 1     15 1   0.41814979E-01  1.0000
    34     4     15 1      1 1   0.41814979E-01  1.0000
    35     4     39 1      2 1   0.41814979E-01  1.0000
    36     4      2 1     39 1   0.41814979E-01  1.0000
    37     4      1 3     15 3   0.41814979E-01  1.0000
    38     4     15 3      1 3   0.41814979E-01  1.0000
    39     4     39 3      2 3   0.41814979E-01  1.0000
    40     4      2 3     39 3   0.41814979E-01  1.0000
    41     4      1 2     17 2   0.41814979E-01  1.0000
    42     4     17 2      1 2   0.41814979E-01  1.0000
    43     4     37 2      2 2   0.41814979E-01  1.0000
    44     4      2 2     37 2   0.41814979E-01  1.0000
    45     4      1 3     17 3   0.41814979E-01  1.0000
    46     4     17 3      1 3   0.41814979E-01  1.0000
    47     4     37 3      2 3   0.41814979E-01  1.0000
    48     4      2 3     37 3   0.41814979E-01  1.0000
    49     4      1 2     21 2   0.41814979E-01  1.0000
    50     4     21 2      1 2   0.41814979E-01  1.0000
    51     4     34 2      2 2   0.41814979E-01  1.0000
    52     4      2 2     34 2   0.41814979E-01  1.0000
    53     4      1 3     21 3   0.41814979E-01  1.0000
    54     4     21 3      1 3   0.41814979E-01  1.0000
    55     4     34 3      2 3   0.41814979E-01  1.0000
    56     4      2 3     34 3   0.41814979E-01  1.0000
    57     4      1 1     25 1   0.41814979E-01  1.0000
    58     4     25 1      1 1   0.41814979E-01  1.0000
    59     4     30 1      2 1   0.41814979E-01  1.0000
    60     4      2 1     30 1   0.41814979E-01  1.0000
    61     4      1 3     25 3   0.41814979E-01  1.0000
    62     4     25 3      1 3   0.41814979E-01  1.0000
    63     4     30 3      2 3   0.41814979E-01  1.0000
    64     4      2 3     30 3   0.41814979E-01  1.0000
    65     4      1 1     31 1   0.41814979E-01  1.0000
    66     4     31 1      1 1   0.41814979E-01  1.0000
    67     4     24 1      2 1   0.41814979E-01  1.0000
    68     4      2 1     24 1   0.41814979E-01  1.0000
    69     4      1 2     31 2   0.41814979E-01  1.0000
    70     4     31 2      1 2   0.41814979E-01  1.0000
    71     4     24 2      2 2   0.41814979E-01  1.0000
    72     4      2 2     24 2   0.41814979E-01  1.0000
    73     4      1 2     36 2   0.41814979E-01  1.0000
    74     4     36 2      1 2   0.41814979E-01  1.0000
    75     4     18 2      2 2   0.41814979E-01  1.0000
    76     4      2 2     18 2   0.41814979E-01  1.0000
    77     4      1 3     36 3   0.41814979E-01  1.0000
    78     4     36 3      1 3   0.41814979E-01  1.0000
    79     4     18 3      2 3   0.41814979E-01  1.0000
    80     4      2 3     18 3   0.41814979E-01  1.0000
    81     4      1 1     38 1   0.41814979E-01  1.0000
    82     4     38 1      1 1   0.41814979E-01  1.0000
    83     4     16 1      2 1   0.41814979E-01  1.0000
    84     4      2 1     16 1   0.41814979E-01  1.0000
    85     4      1 3     38 3   0.41814979E-01  1.0000
    86     4     38 3      1 3   0.41814979E-01  1.0000
    87     4     16 3      2 3   0.41814979E-01  1.0000
    88     4      2 3     16 3   0.41814979E-01  1.0000
    89     4      1 1     42 1   0.41814979E-01  1.0000
    90     4     42 1      1 1   0.41814979E-01  1.0000
    91     4     12 1      2 1   0.41814979E-01  1.0000
    92     4      2 1     12 1   0.41814979E-01  1.0000
    93     4      1 2     42 2   0.41814979E-01  1.0000
    94     4     42 2      1 2   0.41814979E-01  1.0000
    95     4     12 2      2 2   0.41814979E-01  1.0000
    96     4      2 2     12 2   0.41814979E-01  1.0000
     1     5      1 1      5 2   -.61664908E-01  1.0000
     2     5      5 2      1 1   -.61664908E-01  1.0000
     3     5     48 1      2 2   -.61664908E-01  1.0000
     4     5      2 2     48 1   -.61664908E-01  1.0000
     5     5      1 2      5 1   -.61664908E-01  1.0000
     6     5      5 1      1 2   -.61664908E-01  1.0000
     7     5     48 2      2 1   -.61664908E-01  1.0000
     8     5      2 1     48 2   -.61664908E-01  1.0000
     9     5      1 1      7 2   -.61664908E-01  1.0000
    10     5      7 2      1 1   -.61664908E-01  1.0000
    11     5     46 1      2 2   -.61664908E-01  1.0000
    12     5      2 2     46 1   -.61664908E-01  1.0000
    13     5      1 2      7 1   -.61664908E-01  1.0000
    14     5      7 1      1 2   -.61664908E-01  1.0000
    15     5     46 2      2 1   -.61664908E-01  1.0000
    16     5      2 1     46 2   -.61664908E-01  1.0000
    17     5      1 1      9 3   -.61664908E-01  1.0000
    18     5      9 3      1 1   -.61664908E-01  1.0000
    19     5     45 1      2 3   -.61664908E-01  1.0000
    20     5      2 3     45 1   -.61664908E-01  1.0000
    21     5      1 3      9 1   -.61664908E-01  1.0000
    22     5      9 1      1 3   -.61664908E-01  1.0000
    23     5     45 3      2 1   -.61664908E-01  1.0000
    24     5      2 1     45 3   -.61664908E-01  1.0000
    25     5      1 2     13 3   0.61664908E-01  1.0000
    26     5     13 3      1 2   0.61664908E-01  1.0000
    27     5     41 2      2 3   0.61664908E-01  1.0000
    28     5      2 3     41 2   0.61664908E-01  1.0000
    29     5      1 3     13 2   0.61664908E-01  1.0000
    30     5     13 2      1 3   0.61664908E-01  1.0000
    31     5     41 3      2 2   0.61664908E-01  1.0000
    32     5      2 2     41 3   0.61664908E-01  1.0000
    33     5      1 1     15 3   -.61664908E-01  1.0000
    34     5     15 3      1 1   -.61664908E-01  1.0000
    35     5     39 1      2 3   -.61664908E-01  1.0000
    36     5      2 3     39 1   -.61664908E-01  1.0000
    37     5      1 3     15 1   -.61664908E-01  1.0000
    38     5     15 1      1 3   -.61664908E-01  1.0000
    39     5     39 3      2 1   -.61664908E-01  1.0000
    40     5      2 1     39 3   -.61664908E-01  1.0000
    41     5      1 2     17 3   0.61664908E-01  1.0000
    42     5     17 3      1 2   0.61664908E-01  1.0000
    43     5     37 2      2 3   0.61664908E-01  1.0000
    44     5      2 3     37 2   0.61664908E-01  1.0000
    45     5      1 3     17 2   0.61664908E-01  1.0000
    46     5     17 2      1 3   0.61664908E-01  1.0000
    47     5     37 3      2 2   0.61664908E-01  1.0000
    48     5      2 2     37 3   0.61664908E-01  1.0000
    49     5      1 2     21 3   -.61664908E-01  1.0000
    50     5     21 3      1 2   -.61664908E-01  1.0000
    51     5     34 2      2 3   -.61664908E-01  1.0000
    52     5      2 3     34 2   -.61664908E-01  1.0000
    53     5      1 3     21 2   -.61664908E-01  1.0000
    54     5     21 2      1 3   -.61664908E-01  1.0000
    55     5     34 3      2 2   -.61664908E-01  1.0000
    56     5      2 2     34 3   -.61664908E-01  1.0000
    57     5      1 1     25 3   0.61664908E-01  1.0000
    58     5     25 3      1 1   0.61664908E-01  1.0000
    59     5     30 1      2 3   0.61664908E-01  1.0000
    60     5      2 3     30 1   0.61664908E-01  1.0000
    61     5      1 3     25 1   0.61664908E-01  1.0000
    62     5     25 1      1 3   0.61664908E-01  1.0000
    63     5     30 3      2 1   0.61664908E-01  1.0000
    64     5      2 1     30 3   0.61664908E-01  1.0000
    65     5      1 1     31 2   0.61664908E-01  1.0000
    66     5     31 2      1 1   0.61664908E-01  1.0000
    67     5     24 1      2 2   0.61664908E-01  1.0000
    68     5      2 2     24 1   0.61664908E-01  1.0000
    69     5      1 2     31 1   0.61664908E-01  1.0000
    70     5     31 1      1 2   0.61664908E-01  1.0000
    71     5     24 2      2 1   0.61664908E-01  1.0000
    72     5      2 1     24 2   0.61664908E-01  1.0000
    73     5      1 2     36 3   -.61664908E-01  1.0000
    74     5     36 3      1 2   -.61664908E-01  1.0000
    75     5     18 2      2 3   -.61664908E-01  1.0000
    76     5      2 3     18 2   -.61664908E-01  1.0000
    77     5      1 3     36 2   -.61664908E-01  1.0000
    78     5     36 2      1 3   -.61664908E-01  1.0000
    79     5     18 3      2 2   -.61664908E-01  1.0000
    80     5      2 2     18 3   -.61664908E-01  1.0000
    81     5      1 1     38 3   0.61664908E-01  1.0000
    82     5     38 3      1 1   0.61664908E-01  1.0000
    83     5     16 1      2 3   0.61664908E-01  1.0000
    84     5      2 3     16 1   0.61664908E-01  1.0000
    85     5      1 3     38 1   0.61664908E-01  1.0000
    86     5     38 1      1 3   0.61664908E-01  1.0000
    87     5     16 3      2 1   0.61664908E-01  1.0000
    88     5      2 1     16 3   0.61664908E-01  1.0000
    89     5      1 1     42 2   0.61664908E-01  1.0000
    90     5     42 2      1 1   0.61664908E-01  1.0000
    91     5     12 1      2 2   0.61664908E-01  1.0000
    92     5      2 2     12 1   0.61664908E-01  1.0000
    93     5      1 2     42 1   0.61664908E-01  1.0000
    94     5     42 1      1 2   0.61664908E-01  1.0000
    95     5     12 2      2 1   0.61664908E-01  1.0000
    96     5      2 1     12 2   0.61664908E-01  1.0000
     1     6      1 1      5 3   0.28556220E-01  1.0000
     2     6      5 3      1 1   0.28556220E-01  1.0000
     3     6     48 1      2 3   0.28556220E-01  1.0000
     4     6      2 3     48 1   0.28556220E-01  1.0000
     5     6      1 2      5 3   0.28556220E-01  1.0000
     6     6      5 3      1 2   0.28556220E-01  1.0000
     7     6     48 2      2 3   0.28556220E-01  1.0000
     8     6      2 3     48 2   0.28556220E-01  1.0000
     9     6      1 3      5 1   0.28556220E-01  1.0000
    10     6      5 1      1 3   0.28556220E-01  1.0000
    11     6     48 3      2 1   0.28556220E-01  1.0000
    12     6      2 1     48 3   0.28556220E-01  1.0000
    13     6      1 3      5 2   0.28556220E-01  1.0000
    14     6      5 2      1 3   0.28556220E-01  1.0000
    15     6     48 3      2 2   0.28556220E-01  1.0000
    16     6      2 2     48 3   0.28556220E-01  1.0000
    17     6      1 1      7 3   -.28556220E-01  1.0000
    18     6      7 3      1 1   -.28556220E-01  1.0000
    19     6     46 1      2 3   -.28556220E-01  1.0000
    20     6      2 3     46 1   -.28556220E-01  1.0000
    21     6      1 2      7 3   -.28556220E-01  1.0000
    22     6      7 3      1 2   -.28556220E-01  1.0000
    23     6     46 2      2 3   -.28556220E-01  1.0000
    24     6      2 3     46 2   -.28556220E-01  1.0000
    25     6      1 3      7 1   -.28556220E-01  1.0000
    26     6      7 1      1 3   -.28556220E-01  1.0000
    27     6     46 3      2 1   -.28556220E-01  1.0000
    28     6      2 1     46 3   -.28556220E-01  1.0000
    29     6      1 3      7 2   -.28556220E-01  1.0000
    30     6      7 2      1 3   -.28556220E-01  1.0000
    31     6     46 3      2 2   -.28556220E-01  1.0000
    32     6      2 2     46 3   -.28556220E-01  1.0000
    33     6      1 1      9 2   0.28556220E-01  1.0000
    34     6      9 2      1 1   0.28556220E-01  1.0000
    35     6     45 1      2 2   0.28556220E-01  1.0000
    36     6      2 2     45 1   0.28556220E-01  1.0000
    37     6      1 2      9 1   0.28556220E-01  1.0000
    38     6      9 1      1 2   0.28556220E-01  1.0000
    39     6     45 2      2 1   0.28556220E-01  1.0000
    40     6      2 1     45 2   0.28556220E-01  1.0000
    41     6      1 2      9 3   0.28556220E-01  1.0000
    42     6      9 3      1 2   0.28556220E-01  1.0000
    43     6     45 2      2 3   0.28556220E-01  1.0000
    44     6      2 3     45 2   0.28556220E-01  1.0000
    45     6      1 3      9 2   0.28556220E-01  1.0000
    46     6      9 2      1 3   0.28556220E-01  1.0000
    47     6     45 3      2 2   0.28556220E-01  1.0000
    48     6      2 2     45 3   0.28556220E-01  1.0000
    49     6      1 1     13 2   0.28556220E-01  1.0000
    50     6     13 2      1 1   0.28556220E-01  1.0000
    51     6     41 1      2 2   0.28556220E-01  1.0000
    52     6      2 2     41 1   0.28556220E-01  1.0000
    53     6      1 1     13 3   -.28556220E-01  1.0000
    54     6     13 3      1 1   -.28556220E-01  1.0000
    55     6     41 1      2 3   -.28556220E-01  1.0000
    56     6      2 3     41 1   -.28556220E-01  1.0000
    57     6      1 2     13 1   0.28556220E-01  1.0000
    58     6     13 1      1 2   0.28556220E-01  1.0000
    59     6     41 2      2 1   0.28556220E-01  1.0000
    60     6      2 1     41 2   0.28556220E-01  1.0000
    61     6      1 3     13 1   -.28556220E-01  1.0000
    62     6     13 1      1 3   -.28556220E-01  1.0000
    63     6     41 3      2 1   -.28556220E-01  1.0000
    64     6      2 1     41 3   -.28556220E-01  1.0000
    65     6      1 1     15 2   -.28556220E-01  1.0000
    66     6     15 2      1 1   -.28556220E-01  1.0000
    67     6     39 1      2 2   -.28556220E-01  1.0000
    68     6      2 2     39 1   -.28556220E-01  1.0000
    69     6      1 2     15 1   -.28556220E-01  1.0000
    70     6     15 1      1 2   -.28556220E-01  1.0000
    71     6     39 2      2 1   -.28556220E-01  1.0000
    72     6      2 1     39 2   -.28556220E-01  1.0000
    73     6      1 2     15 3   -.28556220E-01  1.0000
    74     6     15 3      1 2   -.28556220E-01  1.0000
    75     6     39 2      2 3   -.28556220E-01  1.0000
    76     6      2 3     39 2   -.28556220E-01  1.0000
    77     6      1 3     15 2   -.28556220E-01  1.0000
    78     6     15 2      1 3   -.28556220E-01  1.0000
    79     6     39 3      2 2   -.28556220E-01  1.0000
    80     6      2 2     39 3   -.28556220E-01  1.0000
    81     6      1 1     17 2   -.28556220E-01  1.0000
    82     6     17 2      1 1   -.28556220E-01  1.0000
    83     6     37 1      2 2   -.28556220E-01  1.0000
    84     6      2 2     37 1   -.28556220E-01  1.0000
    85     6      1 1     17 3   0.28556220E-01  1.0000
    86     6     17 3      1 1   0.28556220E-01  1.0000
    87     6     37 1      2 3   0.28556220E-01  1.0000
    88     6      2 3     37 1   0.28556220E-01  1.0000
    89     6      1 2     17 1   -.28556220E-01  1.0000
    90     6     17 1      1 2   -.28556220E-01  1.0000
    91     6     37 2      2 1   -.28556220E-01  1.0000
    92     6      2 1     37 2   -.28556220E-01  1.0000
    93     6      1 3     17 1   0.28556220E-01  1.0000
    94     6     17 1      1 3   0.28556220E-01  1.0000
    95     6     37 3      2 1   0.28556220E-01  1.0000
    96     6      2 1     37 3   0.28556220E-01  1.0000
    97     6      1 1     21 2   0.28556220E-01  1.0000
    98     6     21 2      1 1   0.28556220E-01  1.0000
    99     6     34 1      2 2   0.28556220E-01  1.0000
   100     6      2 2     34 1   0.28556220E-01  1.0000
   101     6      1 1     21 3   0.28556220E-01  1.0000
   102     6     21 3      1 1   0.28556220E-01  1.0000
   103     6     34 1      2 3   0.28556220E-01  1.0000
   104     6      2 3     34 1   0.28556220E-01  1.0000
   105     6      1 2     21 1   0.28556220E-01  1.0000
   106     6     21 1      1 2   0.28556220E-01  1.0000
   107     6     34 2      2 1   0.28556220E-01  1.0000
   108     6      2 1     34 2   0.28556220E-01  1.0000
   109     6      1 3     21 1   0.28556220E-01  1.0000
   110     6     21 1      1 3   0.28556220E-01  1.0000
   111     6     34 3      2 1   0.28556220E-01  1.0000
   112     6      2 1     34 3   0.28556220E-01  1.0000
   113     6      1 1     25 2   0.28556220E-01  1.0000
   114     6     25 2      1 1   0.28556220E-01  1.0000
   115     6     30 1      2 2   0.28556220E-01  1.0000
   116     6      2 2     30 1   0.28556220E-01  1.0000
   117     6      1 2     25 1   0.28556220E-01  1.0000
   118     6     25 1      1 2   0.28556220E-01  1.0000
   119     6     30 2      2 1   0.28556220E-01  1.0000
   120     6      2 1     30 2   0.28556220E-01  1.0000
   121     6      1 2     25 3   -.28556220E-01  1.0000
   122     6     25 3      1 2   -.28556220E-01  1.0000
   123     6     30 2      2 3   -.28556220E-01  1.0000
   124     6      2 3     30 2   -.28556220E-01  1.0000
   125     6      1 3     25 2   -.28556220E-01  1.0000
   126     6     25 2      1 3   -.28556220E-01  1.0000
   127     6     30 3      2 2   -.28556220E-01  1.0000
   128     6      2 2     30 3   -.28556220E-01  1.0000
   129     6      1 1     31 3   0.28556220E-01  1.0000
   130     6     31 3      1 1   0.28556220E-01  1.0000
   131     6     24 1      2 3   0.28556220E-01  1.0000
   132     6      2 3     24 1   0.28556220E-01  1.0000
   133     6      1 2     31 3   -.28556220E-01  1.0000
   134     6     31 3      1 2   -.28556220E-01  1.0000
   135     6     24 2      2 3   -.28556220E-01  1.0000
   136     6      2 3     24 2   -.28556220E-01  1.0000
   137     6      1 3     31 1   0.28556220E-01  1.0000
   138     6     31 1      1 3   0.28556220E-01  1.0000
   139     6     24 3      2 1   0.28556220E-01  1.0000
   140     6      2 1     24 3   0.28556220E-01  1.0000
   141     6      1 3     31 2   -.28556220E-01  1.0000
   142     6     31 2      1 3   -.28556220E-01  1.0000
   143     6     24 3      2 2   -.28556220E-01  1.0000
   144     6      2 2     24 3   -.28556220E-01  1.0000
   145     6      1 1     36 2   -.28556220E-01  1.0000
   146     6     36 2      1 1   -.28556220E-01  1.0000
   147     6     18 1      2 2   -.28556220E-01  1.0000
   148     6      2 2     18 1   -.28556220E-01  1.0000
   149     6      1 1     36 3   -.28556220E-01  1.0000
   150     6     36 3      1 1   -.28556220E-01  1.0000
   151     6     18 1      2 3   -.28556220E-01  1.0000
   152     6      2 3     18 1   -.28556220E-01  1.0000
   153     6      1 2     36 1   -.28556220E-01  1.0000
   154     6     36 1      1 2   -.28556220E-01  1.0000
   155     6     18 2      2 1   -.28556220E-01  1.0000
   156     6      2 1     18 2   -.28556220E-01  1.0000
   157     6      1 3     36 1   -.28556220E-01  1.0000
   158     6     36 1      1 3   -.28556220E-01  1.0000
   159     6     18 3      2 1   -.28556220E-01  1.0000
   160     6      2 1     18 3   -.28556220E-01  1.0000
   161     6      1 1     38 2   -.28556220E-01  1.0000
   162     6     38 2      1 1   -.28556220E-01  1.0000
   163     6     16 1      2 2   -.28556220E-01  1.0000
   164     6      2 2     16 1   -.28556220E-01  1.0000
   165     6      1 2     38 1   -.28556220E-01  1.0000
   166     6     38 1      1 2   -.28556220E-01  1.0000
   167     6     16 2      2 1   -.28556220E-01  1.0000
   168     6      2 1     16 2   -.28556220E-01  1.0000
   169     6      1 2     38 3   0.28556220E-01  1.0000
   170     6     38 3      1 2   0.28556220E-01  1.0000
   171     6     16 2      2 3   0.28556220E-01  1.0000
   172     6      2 3     16 2   0.28556220E-01  1.0000
   173     6      1 3     38 2   0.28556220E-01  1.0000
   174     6     38 2      1 3   0.28556220E-01  1.0000
   175     6     16 3      2 2   0.28556220E-01  1.0000
   176     6      2 2     16 3   0.28556220E-01  1.0000
   177     6      1 1     42 3   -.28556220E-01  1.0000
   178     6     42 3      1 1   -.28556220E-01  1.0000
   179     6     12 1      2 3   -.28556220E-01  1.0000
   180     6      2 3     12 1   -.28556220E-01  1.0000
   181     6      1 2     42 3   0.28556220E-01  1.0000
   182     6     42 3      1 2   0.28556220E-01  1.0000
   183     6     12 2      2 3   0.28556220E-01  1.0000
   184     6      2 3     12 2   0.28556220E-01  1.0000
   185     6      1 3     42 1   -.28556220E-01  1.0000
   186     6     42 1      1 3   -.28556220E-01  1.0000
   187     6     12 3      2 1   -.28556220E-01  1.0000
   188     6      2 1     12 3   -.28556220E-01  1.0000
   189     6      1 3     42 2   0.28556220E-01  1.0000
   190     6     42 2      1 3   0.28556220E-01  1.0000
   191     6     12 3      2 2   0.28556220E-01  1.0000
   192     6      2 2     12 3   0.28556220E-01  1.0000
     1     7      1 3      5 3   0.16902321E-01  1.0000
     2     7      5 3      1 3   0.16902321E-01  1.0000
     3     7     48 3      2 3   0.16902321E-01  1.0000
     4     7      2 3     48 3   0.16902321E-01  1.0000
     5     7      1 3      7 3   0.16902321E-01  1.0000
     6     7      7 3      1 3   0.16902321E-01  1.0000
     7     7     46 3      2 3   0.16902321E-01  1.0000
     8     7      2 3     46 3   0.16902321E-01  1.0000
     9     7      1 2      9 2   0.16902321E-01  1.0000
    10     7      9 2      1 2   0.16902321E-01  1.0000
    11     7     45 2      2 2   0.16902321E-01  1.0000
    12     7      2 2     45 2   0.16902321E-01  1.0000
    13     7      1 1     13 1   0.16902321E-01  1.0000
    14     7     13 1      1 1   0.16902321E-01  1.0000
    15     7     41 1      2 1   0.16902321E-01  1.0000
    16     7      2 1     41 1   0.16902321E-01  1.0000
    17     7      1 2     15 2   0.16902321E-01  1.0000
    18     7     15 2      1 2   0.16902321E-01  1.0000
    19     7     39 2      2 2   0.16902321E-01  1.0000
    20     7      2 2     39 2   0.16902321E-01  1.0000
    21     7      1 1     17 1   0.16902321E-01  1.0000
    22     7     17 1      1 1   0.16902321E-01  1.0000
    23     7     37 1      2 1   0.16902321E-01  1.0000
    24     7      2 1     37 1   0.16902321E-01  1.0000
    25     7      1 1     21 1   0.16902321E-01  1.0000
    26     7     21 1      1 1   0.16902321E-01  1.0000
    27     7     34 1      2 1   0.16902321E-01  1.0000
    28     7      2 1     34 1   0.16902321E-01  1.0000
    29     7      1 2     25 2   0.16902321E-01  1.0000
    30     7     25 2      1 2   0.16902321E-01  1.0000
    31     7     30 2      2 2   0.16902321E-01  1.0000
    32     7      2 2     30 2   0.16902321E-01  1.0000
    33     7      1 3     31 3   0.16902321E-01  1.0000
    34     7     31 3      1 3   0.16902321E-01  1.0000
    35     7     24 3      2 3   0.16902321E-01  1.0000
    36     7      2 3     24 3   0.16902321E-01  1.0000
    37     7      1 1     36 1   0.16902321E-01  1.0000
    38     7     36 1      1 1   0.16902321E-01  1.0000
    39     7     18 1      2 1   0.16902321E-01  1.0000
    40     7      2 1     18 1   0.16902321E-01  1.0000
    41     7      1 2     38 2   0.16902321E-01  1.0000
    42     7     38 2      1 2   0.16902321E-01  1.0000
    43     7     16 2      2 2   0.16902321E-01  1.0000
    44     7      2 2     16 2   0.16902321E-01  1.0000
    45     7      1 3     42 3   0.16902321E-01  1.0000
    46     7     42 3      1 3   0.16902321E-01  1.0000
    47     7     12 3      2 3   0.16902321E-01  1.0000
    48     7      2 3     12 3   0.16902321E-01  1.0000
     1     8      1 1      6 1   -.17067888E-01  1.0000
     2     8      6 1      1 1   -.17067888E-01  1.0000
     3     8     46 1      1 1   -.17067888E-01  1.0000
     4     8      1 1     46 1   -.17067888E-01  1.0000
     5     8      1 2      6 2   -.17067888E-01  1.0000
     6     8      6 2      1 2   -.17067888E-01  1.0000
     7     8     46 2      1 2   -.17067888E-01  1.0000
     8     8      1 2     46 2   -.17067888E-01  1.0000
     9     8      1 1     14 1   -.17067888E-01  1.0000
    10     8     14 1      1 1   -.17067888E-01  1.0000
    11     8     39 1      1 1   -.17067888E-01  1.0000
    12     8      1 1     39 1   -.17067888E-01  1.0000
    13     8      1 3     14 3   -.17067888E-01  1.0000
    14     8     14 3      1 3   -.17067888E-01  1.0000
    15     8     39 3      1 3   -.17067888E-01  1.0000
    16     8      1 3     39 3   -.17067888E-01  1.0000
    17     8      1 2     18 2   -.17067888E-01  1.0000
    18     8     18 2      1 2   -.17067888E-01  1.0000
    19     8     35 2      1 2   -.17067888E-01  1.0000
    20     8      1 2     35 2   -.17067888E-01  1.0000
    21     8      1 3     18 3   -.17067888E-01  1.0000
    22     8     18 3      1 3   -.17067888E-01  1.0000
    23     8     35 3      1 3   -.17067888E-01  1.0000
    24     8      1 3     35 3   -.17067888E-01  1.0000
    25     8      2 1      7 1   -.17067888E-01  1.0000
    26     8      7 1      2 1   -.17067888E-01  1.0000
    27     8     47 1      2 1   -.17067888E-01  1.0000
    28     8      2 1     47 1   -.17067888E-01  1.0000
    29     8      2 2      7 2   -.17067888E-01  1.0000
    30     8      7 2      2 2   -.17067888E-01  1.0000
    31     8     47 2      2 2   -.17067888E-01  1.0000
    32     8      2 2     47 2   -.17067888E-01  1.0000
    33     8      2 1     15 1   -.17067888E-01  1.0000
    34     8     15 1      2 1   -.17067888E-01  1.0000
    35     8     40 1      2 1   -.17067888E-01  1.0000
    36     8      2 1     40 1   -.17067888E-01  1.0000
    37     8      2 3     15 3   -.17067888E-01  1.0000
    38     8     15 3      2 3   -.17067888E-01  1.0000
    39     8     40 3      2 3   -.17067888E-01  1.0000
    40     8      2 3     40 3   -.17067888E-01  1.0000
    41     8      2 2     19 2   -.17067888E-01  1.0000
    42     8     19 2      2 2   -.17067888E-01  1.0000
    43     8     36 2      2 2   -.17067888E-01  1.0000
    44     8      2 2     36 2   -.17067888E-01  1.0000
    45     8      2 3     19 3   -.17067888E-01  1.0000
    46     8     19 3      2 3   -.17067888E-01  1.0000
    47     8     36 3      2 3   -.17067888E-01  1.0000
    48     8      2 3     36 3   -.17067888E-01  1.0000
     1     9      1 3      6 3   -.97435532E-02  1.0000
     2     9      6 3      1 3   -.97435532E-02  1.0000
     3     9     46 3      1 3   -.97435532E-02  1.0000
     4     9      1 3     46 3   -.97435532E-02  1.0000
     5     9      1 2     14 2   -.97435532E-02  1.0000
     6     9     14 2      1 2   -.97435532E-02  1.0000
     7     9     39 2      1 2   -.97435532E-02  1.0000
     8     9      1 2     39 2   -.97435532E-02  1.0000
     9     9      1 1     18 1   -.97435532E-02  1.0000
    10     9     18 1      1 1   -.97435532E-02  1.0000
    11     9     35 1      1 1   -.97435532E-02  1.0000
    12     9      1 1     35 1   -.97435532E-02  1.0000
    13     9      2 3      7 3   -.97435532E-02  1.0000
    14     9      7 3      2 3   -.97435532E-02  1.0000
    15     9     47 3      2 3   -.97435532E-02  1.0000
    16     9      2 3     47 3   -.97435532E-02  1.0000
    17     9      2 2     15 2   -.97435532E-02  1.0000
    18     9     15 2      2 2   -.97435532E-02  1.0000
    19     9     40 2      2 2   -.97435532E-02  1.0000
    20     9      2 2     40 2   -.97435532E-02  1.0000
    21     9      2 1     19 1   -.97435532E-02  1.0000
    22     9     19 1      2 1   -.97435532E-02  1.0000
    23     9     36 1      2 1   -.97435532E-02  1.0000
    24     9      2 1     36 1   -.97435532E-02  1.0000
     1    10      1 1     10 1   0.36187463      1.0000
     2    10     10 1      1 1   0.36187463      1.0000
     3    10     43 1      1 1   0.36187463      1.0000
     4    10      1 1     43 1   0.36187463      1.0000
     5    10      1 2     12 2   0.36187463      1.0000
     6    10     12 2      1 2   0.36187463      1.0000
     7    10     41 2      1 2   0.36187463      1.0000
     8    10      1 2     41 2   0.36187463      1.0000
     9    10      1 3     16 3   0.36187463      1.0000
    10    10     16 3      1 3   0.36187463      1.0000
    11    10     37 3      1 3   0.36187463      1.0000
    12    10      1 3     37 3   0.36187463      1.0000
    13    10      1 2     22 2   0.36187463      1.0000
    14    10     22 2      1 2   0.36187463      1.0000
    15    10     32 2      1 2   0.36187463      1.0000
    16    10      1 2     32 2   0.36187463      1.0000
    17    10      1 1     24 1   0.36187463      1.0000
    18    10     24 1      1 1   0.36187463      1.0000
    19    10     30 1      1 1   0.36187463      1.0000
    20    10      1 1     30 1   0.36187463      1.0000
    21    10      1 3     26 3   0.36187463      1.0000
    22    10     26 3      1 3   0.36187463      1.0000
    23    10     28 3      1 3   0.36187463      1.0000
    24    10      1 3     28 3   0.36187463      1.0000
    25    10      2 1     11 1   0.36187463      1.0000
    26    10     11 1      2 1   0.36187463      1.0000
    27    10     44 1      2 1   0.36187463      1.0000
    28    10      2 1     44 1   0.36187463      1.0000
    29    10      2 2     13 2   0.36187463      1.0000
    30    10     13 2      2 2   0.36187463      1.0000
    31    10     42 2      2 2   0.36187463      1.0000
    32    10      2 2     42 2   0.36187463      1.0000
    33    10      2 3     17 3   0.36187463      1.0000
    34    10     17 3      2 3   0.36187463      1.0000
    35    10     38 3      2 3   0.36187463      1.0000
    36    10      2 3     38 3   0.36187463      1.0000
    37    10      2 2     23 2   0.36187463      1.0000
    38    10     23 2      2 2   0.36187463      1.0000
    39    10     33 2      2 2   0.36187463      1.0000
    40    10      2 2     33 2   0.36187463      1.0000
    41    10      2 1     25 1   0.36187463      1.0000
    42    10     25 1      2 1   0.36187463      1.0000
    43    10     31 1      2 1   0.36187463      1.0000
    44    10      2 1     31 1   0.36187463      1.0000
    45    10      2 3     27 3   0.36187463      1.0000
    46    10     27 3      2 3   0.36187463      1.0000
    47    10     29 3      2 3   0.36187463      1.0000
    48    10      2 3     29 3   0.36187463      1.0000
     1    11      1 1     10 2   -.63226401E-01  1.0000
     2    11     10 2      1 1   -.63226401E-01  1.0000
     3    11     43 1      1 2   -.63226401E-01  1.0000
     4    11      1 2     43 1   -.63226401E-01  1.0000
     5    11      1 1     10 3   -.63226401E-01  1.0000
     6    11     10 3      1 1   -.63226401E-01  1.0000
     7    11     43 1      1 3   -.63226401E-01  1.0000
     8    11      1 3     43 1   -.63226401E-01  1.0000
     9    11      1 2     10 1   0.63226401E-01  1.0000
    10    11     10 1      1 2   0.63226401E-01  1.0000
    11    11     43 2      1 1   0.63226401E-01  1.0000
    12    11      1 1     43 2   0.63226401E-01  1.0000
    13    11      1 3     10 1   0.63226401E-01  1.0000
    14    11     10 1      1 3   0.63226401E-01  1.0000
    15    11     43 3      1 1   0.63226401E-01  1.0000
    16    11      1 1     43 3   0.63226401E-01  1.0000
    17    11      1 1     12 2   0.63226401E-01  1.0000
    18    11     12 2      1 1   0.63226401E-01  1.0000
    19    11     41 1      1 2   0.63226401E-01  1.0000
    20    11      1 2     41 1   0.63226401E-01  1.0000
    21    11      1 2     12 1   -.63226401E-01  1.0000
    22    11     12 1      1 2   -.63226401E-01  1.0000
    23    11     41 2      1 1   -.63226401E-01  1.0000
    24    11      1 1     41 2   -.63226401E-01  1.0000
    25    11      1 2     12 3   0.63226401E-01  1.0000
    26    11     12 3      1 2   0.63226401E-01  1.0000
    27    11     41 2      1 3   0.63226401E-01  1.0000
    28    11      1 3     41 2   0.63226401E-01  1.0000
    29    11      1 3     12 2   -.63226401E-01  1.0000
    30    11     12 2      1 3   -.63226401E-01  1.0000
    31    11     41 3      1 2   -.63226401E-01  1.0000
    32    11      1 2     41 3   -.63226401E-01  1.0000
    33    11      1 1     16 3   0.63226401E-01  1.0000
    34    11     16 3      1 1   0.63226401E-01  1.0000
    35    11     37 1      1 3   0.63226401E-01  1.0000
    36    11      1 3     37 1   0.63226401E-01  1.0000
    37    11      1 2     16 3   -.63226401E-01  1.0000
    38    11     16 3      1 2   -.63226401E-01  1.0000
    39    11     37 2      1 3   -.63226401E-01  1.0000
    40    11      1 3     37 2   -.63226401E-01  1.0000
    41    11      1 3     16 1   -.63226401E-01  1.0000
    42    11     16 1      1 3   -.63226401E-01  1.0000
    43    11     37 3      1 1   -.63226401E-01  1.0000
    44    11      1 1     37 3   -.63226401E-01  1.0000
    45    11      1 3     16 2   0.63226401E-01  1.0000
    46    11     16 2      1 3   0.63226401E-01  1.0000
    47    11     37 3      1 2   0.63226401E-01  1.0000
    48    11      1 2     37 3   0.63226401E-01  1.0000
    49    11      1 1     22 2   0.63226401E-01  1.0000
    50    11     22 2      1 1   0.63226401E-01  1.0000
    51    11     32 1      1 2   0.63226401E-01  1.0000
    52    11      1 2     32 1   0.63226401E-01  1.0000
    53    11      1 2     22 1   -.63226401E-01  1.0000
    54    11     22 1      1 2   -.63226401E-01  1.0000
    55    11     32 2      1 1   -.63226401E-01  1.0000
    56    11      1 1     32 2   -.63226401E-01  1.0000
    57    11      1 2     22 3   -.63226401E-01  1.0000
    58    11     22 3      1 2   -.63226401E-01  1.0000
    59    11     32 2      1 3   -.63226401E-01  1.0000
    60    11      1 3     32 2   -.63226401E-01  1.0000
    61    11      1 3     22 2   0.63226401E-01  1.0000
    62    11     22 2      1 3   0.63226401E-01  1.0000
    63    11     32 3      1 2   0.63226401E-01  1.0000
    64    11      1 2     32 3   0.63226401E-01  1.0000
    65    11      1 1     24 2   -.63226401E-01  1.0000
    66    11     24 2      1 1   -.63226401E-01  1.0000
    67    11     30 1      1 2   -.63226401E-01  1.0000
    68    11      1 2     30 1   -.63226401E-01  1.0000
    69    11      1 1     24 3   0.63226401E-01  1.0000
    70    11     24 3      1 1   0.63226401E-01  1.0000
    71    11     30 1      1 3   0.63226401E-01  1.0000
    72    11      1 3     30 1   0.63226401E-01  1.0000
    73    11      1 2     24 1   0.63226401E-01  1.0000
    74    11     24 1      1 2   0.63226401E-01  1.0000
    75    11     30 2      1 1   0.63226401E-01  1.0000
    76    11      1 1     30 2   0.63226401E-01  1.0000
    77    11      1 3     24 1   -.63226401E-01  1.0000
    78    11     24 1      1 3   -.63226401E-01  1.0000
    79    11     30 3      1 1   -.63226401E-01  1.0000
    80    11      1 1     30 3   -.63226401E-01  1.0000
    81    11      1 1     26 3   0.63226401E-01  1.0000
    82    11     26 3      1 1   0.63226401E-01  1.0000
    83    11     28 1      1 3   0.63226401E-01  1.0000
    84    11      1 3     28 1   0.63226401E-01  1.0000
    85    11      1 2     26 3   0.63226401E-01  1.0000
    86    11     26 3      1 2   0.63226401E-01  1.0000
    87    11     28 2      1 3   0.63226401E-01  1.0000
    88    11      1 3     28 2   0.63226401E-01  1.0000
    89    11      1 3     26 1   -.63226401E-01  1.0000
    90    11     26 1      1 3   -.63226401E-01  1.0000
    91    11     28 3      1 1   -.63226401E-01  1.0000
    92    11      1 1     28 3   -.63226401E-01  1.0000
    93    11      1 3     26 2   -.63226401E-01  1.0000
    94    11     26 2      1 3   -.63226401E-01  1.0000
    95    11     28 3      1 2   -.63226401E-01  1.0000
    96    11      1 2     28 3   -.63226401E-01  1.0000
    97    11      2 1     11 2   0.63226401E-01  1.0000
    98    11     11 2      2 1   0.63226401E-01  1.0000
    99    11     44 1      2 2   0.63226401E-01  1.0000
   100    11      2 2     44 1   0.63226401E-01  1.0000
   101    11      2 1     11 3   0.63226401E-01  1.0000
   102    11     11 3      2 1   0.63226401E-01  1.0000
   103    11     44 1      2 3   0.63226401E-01  1.0000
   104    11      2 3     44 1   0.63226401E-01  1.0000
   105    11      2 2     11 1   -.63226401E-01  1.0000
   106    11     11 1      2 2   -.63226401E-01  1.0000
   107    11     44 2      2 1   -.63226401E-01  1.0000
   108    11      2 1     44 2   -.63226401E-01  1.0000
   109    11      2 3     11 1   -.63226401E-01  1.0000
   110    11     11 1      2 3   -.63226401E-01  1.0000
   111    11     44 3      2 1   -.63226401E-01  1.0000
   112    11      2 1     44 3   -.63226401E-01  1.0000
   113    11      2 1     13 2   -.63226401E-01  1.0000
   114    11     13 2      2 1   -.63226401E-01  1.0000
   115    11     42 1      2 2   -.63226401E-01  1.0000
   116    11      2 2     42 1   -.63226401E-01  1.0000
   117    11      2 2     13 1   0.63226401E-01  1.0000
   118    11     13 1      2 2   0.63226401E-01  1.0000
   119    11     42 2      2 1   0.63226401E-01  1.0000
   120    11      2 1     42 2   0.63226401E-01  1.0000
   121    11      2 2     13 3   -.63226401E-01  1.0000
   122    11     13 3      2 2   -.63226401E-01  1.0000
   123    11     42 2      2 3   -.63226401E-01  1.0000
   124    11      2 3     42 2   -.63226401E-01  1.0000
   125    11      2 3     13 2   0.63226401E-01  1.0000
   126    11     13 2      2 3   0.63226401E-01  1.0000
   127    11     42 3      2 2   0.63226401E-01  1.0000
   128    11      2 2     42 3   0.63226401E-01  1.0000
   129    11      2 1     17 3   -.63226401E-01  1.0000
   130    11     17 3      2 1   -.63226401E-01  1.0000
   131    11     38 1      2 3   -.63226401E-01  1.0000
   132    11      2 3     38 1   -.63226401E-01  1.0000
   133    11      2 2     17 3   0.63226401E-01  1.0000
   134    11     17 3      2 2   0.63226401E-01  1.0000
   135    11     38 2      2 3   0.63226401E-01  1.0000
   136    11      2 3     38 2   0.63226401E-01  1.0000
   137    11      2 3     17 1   0.63226401E-01  1.0000
   138    11     17 1      2 3   0.63226401E-01  1.0000
   139    11     38 3      2 1   0.63226401E-01  1.0000
   140    11      2 1     38 3   0.63226401E-01  1.0000
   141    11      2 3     17 2   -.63226401E-01  1.0000
   142    11     17 2      2 3   -.63226401E-01  1.0000
   143    11     38 3      2 2   -.63226401E-01  1.0000
   144    11      2 2     38 3   -.63226401E-01  1.0000
   145    11      2 1     23 2   -.63226401E-01  1.0000
   146    11     23 2      2 1   -.63226401E-01  1.0000
   147    11     33 1      2 2   -.63226401E-01  1.0000
   148    11      2 2     33 1   -.63226401E-01  1.0000
   149    11      2 2     23 1   0.63226401E-01  1.0000
   150    11     23 1      2 2   0.63226401E-01  1.0000
   151    11     33 2      2 1   0.63226401E-01  1.0000
   152    11      2 1     33 2   0.63226401E-01  1.0000
   153    11      2 2     23 3   0.63226401E-01  1.0000
   154    11     23 3      2 2   0.63226401E-01  1.0000
   155    11     33 2      2 3   0.63226401E-01  1.0000
   156    11      2 3     33 2   0.63226401E-01  1.0000
   157    11      2 3     23 2   -.63226401E-01  1.0000
   158    11     23 2      2 3   -.63226401E-01  1.0000
   159    11     33 3      2 2   -.63226401E-01  1.0000
   160    11      2 2     33 3   -.63226401E-01  1.0000
   161    11      2 1     25 2   0.63226401E-01  1.0000
   162    11     25 2      2 1   0.63226401E-01  1.0000
   163    11     31 1      2 2   0.63226401E-01  1.0000
   164    11      2 2     31 1   0.63226401E-01  1.0000
   165    11      2 1     25 3   -.63226401E-01  1.0000
   166    11     25 3      2 1   -.63226401E-01  1.0000
   167    11     31 1      2 3   -.63226401E-01  1.0000
   168    11      2 3     31 1   -.63226401E-01  1.0000
   169    11      2 2     25 1   -.63226401E-01  1.0000
   170    11     25 1      2 2   -.63226401E-01  1.0000
   171    11     31 2      2 1   -.63226401E-01  1.0000
   172    11      2 1     31 2   -.63226401E-01  1.0000
   173    11      2 3     25 1   0.63226401E-01  1.0000
   174    11     25 1      2 3   0.63226401E-01  1.0000
   175    11     31 3      2 1   0.63226401E-01  1.0000
   176    11      2 1     31 3   0.63226401E-01  1.0000
   177    11      2 1     27 3   -.63226401E-01  1.0000
   178    11     27 3      2 1   -.63226401E-01  1.0000
   179    11     29 1      2 3   -.63226401E-01  1.0000
   180    11      2 3     29 1   -.63226401E-01  1.0000
   181    11      2 2     27 3   -.63226401E-01  1.0000
   182    11     27 3      2 2   -.63226401E-01  1.0000
   183    11     29 2      2 3   -.63226401E-01  1.0000
   184    11      2 3     29 2   -.63226401E-01  1.0000
   185    11      2 3     27 1   0.63226401E-01  1.0000
   186    11     27 1      2 3   0.63226401E-01  1.0000
   187    11     29 3      2 1   0.63226401E-01  1.0000
   188    11      2 1     29 3   0.63226401E-01  1.0000
   189    11      2 3     27 2   0.63226401E-01  1.0000
   190    11     27 2      2 3   0.63226401E-01  1.0000
   191    11     29 3      2 2   0.63226401E-01  1.0000
   192    11      2 2     29 3   0.63226401E-01  1.0000
     1    12      1 2     10 2   -.13458204      1.0000
     2    12     10 2      1 2   -.13458204      1.0000
     3    12     43 2      1 2   -.13458204      1.0000
     4    12      1 2     43 2   -.13458204      1.0000
     5    12      1 3     10 3   -.13458204      1.0000
     6    12     10 3      1 3   -.13458204      1.0000
     7    12     43 3      1 3   -.13458204      1.0000
     8    12      1 3     43 3   -.13458204      1.0000
     9    12      1 1     12 1   -.13458204      1.0000
    10    12     12 1      1 1   -.13458204      1.0000
    11    12     41 1      1 1   -.13458204      1.0000
    12    12      1 1     41 1   -.13458204      1.0000
    13    12      1 3     12 3   -.13458204      1.0000
    14    12     12 3      1 3   -.13458204      1.0000
    15    12     41 3      1 3   -.13458204      1.0000
    16    12      1 3     41 3   -.13458204      1.0000
    17    12      1 1     16 1   -.13458204      1.0000
    18    12     16 1      1 1   -.13458204      1.0000
    19    12     37 1      1 1   -.13458204      1.0000
    20    12      1 1     37 1   -.13458204      1.0000
    21    12      1 2     16 2   -.13458204      1.0000
    22    12     16 2      1 2   -.13458204      1.0000
    23    12     37 2      1 2   -.13458204      1.0000
    24    12      1 2     37 2   -.13458204      1.0000
    25    12      1 1     22 1   -.13458204      1.0000
    26    12     22 1      1 1   -.13458204      1.0000
    27    12     32 1      1 1   -.13458204      1.0000
    28    12      1 1     32 1   -.13458204      1.0000
    29    12      1 3     22 3   -.13458204      1.0000
    30    12     22 3      1 3   -.13458204      1.0000
    31    12     32 3      1 3   -.13458204      1.0000
    32    12      1 3     32 3   -.13458204      1.0000
    33    12      1 2     24 2   -.13458204      1.0000
    34    12     24 2      1 2   -.13458204      1.0000
    35    12     30 2      1 2   -.13458204      1.0000
    36    12      1 2     30 2   -.13458204      1.0000
    37    12      1 3     24 3   -.13458204      1.0000
    38    12     24 3      1 3   -.13458204      1.0000
    39    12     30 3      1 3   -.13458204      1.0000
    40    12      1 3     30 3   -.13458204      1.0000
    41    12      1 1     26 1   -.13458204      1.0000
    42    12     26 1      1 1   -.13458204      1.0000
    43    12     28 1      1 1   -.13458204      1.0000
    44    12      1 1     28 1   -.13458204      1.0000
    45    12      1 2     26 2   -.13458204      1.0000
    46    12     26 2      1 2   -.13458204      1.0000
    47    12     28 2      1 2   -.13458204      1.0000
    48    12      1 2     28 2   -.13458204      1.0000
    49    12      2 2     11 2   -.13458204      1.0000
    50    12     11 2      2 2   -.13458204      1.0000
    51    12     44 2      2 2   -.13458204      1.0000
    52    12      2 2     44 2   -.13458204      1.0000
    53    12      2 3     11 3   -.13458204      1.0000
    54    12     11 3      2 3   -.13458204      1.0000
    55    12     44 3      2 3   -.13458204      1.0000
    56    12      2 3     44 3   -.13458204      1.0000
    57    12      2 1     13 1   -.13458204      1.0000
    58    12     13 1      2 1   -.13458204      1.0000
    59    12     42 1      2 1   -.13458204      1.0000
    60    12      2 1     42 1   -.13458204      1.0000
    61    12      2 3     13 3   -.13458204      1.0000
    62    12     13 3      2 3   -.13458204      1.0000
    63    12     42 3      2 3   -.13458204      1.0000
    64    12      2 3     42 3   -.13458204      1.0000
    65    12      2 1     17 1   -.13458204      1.0000
    66    12     17 1      2 1   -.13458204      1.0000
    67    12     38 1      2 1   -.13458204      1.0000
    68    12      2 1     38 1   -.13458204      1.0000
    69    12      2 2     17 2   -.13458204      1.0000
    70    12     17 2      2 2   -.13458204      1.0000
    71    12     38 2      2 2   -.13458204      1.0000
    72    12      2 2     38 2   -.13458204      1.0000
    73    12      2 1     23 1   -.13458204      1.0000
    74    12     23 1      2 1   -.13458204      1.0000
    75    12     33 1      2 1   -.13458204      1.0000
    76    12      2 1     33 1   -.13458204      1.0000
    77    12      2 3     23 3   -.13458204      1.0000
    78    12     23 3      2 3   -.13458204      1.0000
    79    12     33 3      2 3   -.13458204      1.0000
    80    12      2 3     33 3   -.13458204      1.0000
    81    12      2 2     25 2   -.13458204      1.0000
    82    12     25 2      2 2   -.13458204      1.0000
    83    12     31 2      2 2   -.13458204      1.0000
    84    12      2 2     31 2   -.13458204      1.0000
    85    12      2 3     25 3   -.13458204      1.0000
    86    12     25 3      2 3   -.13458204      1.0000
    87    12     31 3      2 3   -.13458204      1.0000
    88    12      2 3     31 3   -.13458204      1.0000
    89    12      2 1     27 1   -.13458204      1.0000
    90    12     27 1      2 1   -.13458204      1.0000
    91    12     29 1      2 1   -.13458204      1.0000
    92    12      2 1     29 1   -.13458204      1.0000
    93    12      2 2     27 2   -.13458204      1.0000
    94    12     27 2      2 2   -.13458204      1.0000
    95    12     29 2      2 2   -.13458204      1.0000
    96    12      2 2     29 2   -.13458204      1.0000
     1    13      1 2     10 3   -.12944493      1.0000
     2    13     10 3      1 2   -.12944493      1.0000
     3    13     43 2      1 3   -.12944493      1.0000
     4    13      1 3     43 2   -.12944493      1.0000
     5    13      1 3     10 2   -.12944493      1.0000
     6    13     10 2      1 3   -.12944493      1.0000
     7    13     43 3      1 2   -.12944493      1.0000
     8    13      1 2     43 3   -.12944493      1.0000
     9    13      1 1     12 3   0.12944493      1.0000
    10    13     12 3      1 1   0.12944493      1.0000
    11    13     41 1      1 3   0.12944493      1.0000
    12    13      1 3     41 1   0.12944493      1.0000
    13    13      1 3     12 1   0.12944493      1.0000
    14    13     12 1      1 3   0.12944493      1.0000
    15    13     41 3      1 1   0.12944493      1.0000
    16    13      1 1     41 3   0.12944493      1.0000
    17    13      1 1     16 2   0.12944493      1.0000
    18    13     16 2      1 1   0.12944493      1.0000
    19    13     37 1      1 2   0.12944493      1.0000
    20    13      1 2     37 1   0.12944493      1.0000
    21    13      1 2     16 1   0.12944493      1.0000
    22    13     16 1      1 2   0.12944493      1.0000
    23    13     37 2      1 1   0.12944493      1.0000
    24    13      1 1     37 2   0.12944493      1.0000
    25    13      1 1     22 3   -.12944493      1.0000
    26    13     22 3      1 1   -.12944493      1.0000
    27    13     32 1      1 3   -.12944493      1.0000
    28    13      1 3     32 1   -.12944493      1.0000
    29    13      1 3     22 1   -.12944493      1.0000
    30    13     22 1      1 3   -.12944493      1.0000
    31    13     32 3      1 1   -.12944493      1.0000
    32    13      1 1     32 3   -.12944493      1.0000
    33    13      1 2     24 3   0.12944493      1.0000
    34    13     24 3      1 2   0.12944493      1.0000
    35    13     30 2      1 3   0.12944493      1.0000
    36    13      1 3     30 2   0.12944493      1.0000
    37    13      1 3     24 2   0.12944493      1.0000
    38    13     24 2      1 3   0.12944493      1.0000
    39    13     30 3      1 2   0.12944493      1.0000
    40    13      1 2     30 3   0.12944493      1.0000
    41    13      1 1     26 2   -.12944493      1.0000
    42    13     26 2      1 1   -.12944493      1.0000
    43    13     28 1      1 2   -.12944493      1.0000
    44    13      1 2     28 1   -.12944493      1.0000
    45    13      1 2     26 1   -.12944493      1.0000
    46    13     26 1      1 2   -.12944493      1.0000
    47    13     28 2      1 1   -.12944493      1.0000
    48    13      1 1     28 2   -.12944493      1.0000
    49    13      2 2     11 3   -.12944493      1.0000
    50    13     11 3      2 2   -.12944493      1.0000
    51    13     44 2      2 3   -.12944493      1.0000
    52    13      2 3     44 2   -.12944493      1.0000
    53    13      2 3     11 2   -.12944493      1.0000
    54    13     11 2      2 3   -.12944493      1.0000
    55    13     44 3      2 2   -.12944493      1.0000
    56    13      2 2     44 3   -.12944493      1.0000
    57    13      2 1     13 3   0.12944493      1.0000
    58    13     13 3      2 1   0.12944493      1.0000
    59    13     42 1      2 3   0.12944493      1.0000
    60    13      2 3     42 1   0.12944493      1.0000
    61    13      2 3     13 1   0.12944493      1.0000
    62    13     13 1      2 3   0.12944493      1.0000
    63    13     42 3      2 1   0.12944493      1.0000
    64    13      2 1     42 3   0.12944493      1.0000
    65    13      2 1     17 2   0.12944493      1.0000
    66    13     17 2      2 1   0.12944493      1.0000
    67    13     38 1      2 2   0.12944493      1.0000
    68    13      2 2     38 1   0.12944493      1.0000
    69    13      2 2     17 1   0.12944493      1.0000
    70    13     17 1      2 2   0.12944493      1.0000
    71    13     38 2      2 1   0.12944493      1.0000
    72    13      2 1     38 2   0.12944493      1.0000
    73    13      2 1     23 3   -.12944493      1.0000
    74    13     23 3      2 1   -.12944493      1.0000
    75    13     33 1      2 3   -.12944493      1.0000
    76    13      2 3     33 1   -.12944493      1.0000
    77    13      2 3     23 1   -.12944493      1.0000
    78    13     23 1      2 3   -.12944493      1.0000
    79    13     33 3      2 1   -.12944493      1.0000
    80    13      2 1     33 3   -.12944493      1.0000
    81    13      2 2     25 3   0.12944493      1.0000
    82    13     25 3      2 2   0.12944493      1.0000
    83    13     31 2      2 3   0.12944493      1.0000
    84    13      2 3     31 2   0.12944493      1.0000
    85    13      2 3     25 2   0.12944493      1.0000
    86    13     25 2      2 3   0.12944493      1.0000
    87    13     31 3      2 2   0.12944493      1.0000
    88    13      2 2     31 3   0.12944493      1.0000
    89    13      2 1     27 2   -.12944493      1.0000
    90    13     27 2      2 1   -.12944493      1.0000
    91    13     29 1      2 2   -.12944493      1.0000
    92    13      2 2     29 1   -.12944493      1.0000
    93    13      2 2     27 1   -.12944493      1.0000
    94    13     27 1      2 2   -.12944493      1.0000
    95    13     29 2      2 1   -.12944493      1.0000
    96    13      2 1     29 2   -.12944493      1.0000
     1    14      1 1     29 1   -.59078084E-02  1.0000
     2    14     29 1      1 1   -.59078084E-02  1.0000
     3    14     26 1      2 1   -.59078084E-02  1.0000
     4    14      2 1     26 1   -.59078084E-02  1.0000
     5    14      1 2     29 2   -.59078084E-02  1.0000
     6    14     29 2      1 2   -.59078084E-02  1.0000
     7    14     26 2      2 2   -.59078084E-02  1.0000
     8    14      2 2     26 2   -.59078084E-02  1.0000
     9    14      1 1     33 1   -.59078084E-02  1.0000
    10    14     33 1      1 1   -.59078084E-02  1.0000
    11    14     22 1      2 1   -.59078084E-02  1.0000
    12    14      2 1     22 1   -.59078084E-02  1.0000
    13    14      1 3     33 3   -.59078084E-02  1.0000
    14    14     33 3      1 3   -.59078084E-02  1.0000
    15    14     22 3      2 3   -.59078084E-02  1.0000
    16    14      2 3     22 3   -.59078084E-02  1.0000
    17    14      1 2     44 2   -.59078084E-02  1.0000
    18    14     44 2      1 2   -.59078084E-02  1.0000
    19    14     10 2      2 2   -.59078084E-02  1.0000
    20    14      2 2     10 2   -.59078084E-02  1.0000
    21    14      1 3     44 3   -.59078084E-02  1.0000
    22    14     44 3      1 3   -.59078084E-02  1.0000
    23    14     10 3      2 3   -.59078084E-02  1.0000
    24    14      2 3     10 3   -.59078084E-02  1.0000
    25    14      1 2     54 2   -.59078084E-02  1.0000
    26    14     54 2      1 2   -.59078084E-02  1.0000
    27    14    123 2      2 2   -.59078084E-02  1.0000
    28    14      2 2    123 2   -.59078084E-02  1.0000
    29    14      1 3     54 3   -.59078084E-02  1.0000
    30    14     54 3      1 3   -.59078084E-02  1.0000
    31    14    123 3      2 3   -.59078084E-02  1.0000
    32    14      2 3    123 3   -.59078084E-02  1.0000
    33    14      1 1     56 1   -.59078084E-02  1.0000
    34    14     56 1      1 1   -.59078084E-02  1.0000
    35    14    121 1      2 1   -.59078084E-02  1.0000
    36    14      2 1    121 1   -.59078084E-02  1.0000
    37    14      1 3     56 3   -.59078084E-02  1.0000
    38    14     56 3      1 3   -.59078084E-02  1.0000
    39    14    121 3      2 3   -.59078084E-02  1.0000
    40    14      2 3    121 3   -.59078084E-02  1.0000
    41    14      1 1     61 1   -.59078084E-02  1.0000
    42    14     61 1      1 1   -.59078084E-02  1.0000
    43    14    117 1      2 1   -.59078084E-02  1.0000
    44    14      2 1    117 1   -.59078084E-02  1.0000
    45    14      1 2     61 2   -.59078084E-02  1.0000
    46    14     61 2      1 2   -.59078084E-02  1.0000
    47    14    117 2      2 2   -.59078084E-02  1.0000
    48    14      2 2    117 2   -.59078084E-02  1.0000
    49    14      1 1     83 1   -.59078084E-02  1.0000
    50    14     83 1      1 1   -.59078084E-02  1.0000
    51    14    100 1      2 1   -.59078084E-02  1.0000
    52    14      2 1    100 1   -.59078084E-02  1.0000
    53    14      1 3     83 3   -.59078084E-02  1.0000
    54    14     83 3      1 3   -.59078084E-02  1.0000
    55    14    100 3      2 3   -.59078084E-02  1.0000
    56    14      2 3    100 3   -.59078084E-02  1.0000
    57    14      1 2     85 2   -.59078084E-02  1.0000
    58    14     85 2      1 2   -.59078084E-02  1.0000
    59    14     98 2      2 2   -.59078084E-02  1.0000
    60    14      2 2     98 2   -.59078084E-02  1.0000
    61    14      1 3     85 3   -.59078084E-02  1.0000
    62    14     85 3      1 3   -.59078084E-02  1.0000
    63    14     98 3      2 3   -.59078084E-02  1.0000
    64    14      2 3     98 3   -.59078084E-02  1.0000
    65    14      1 1     92 1   -.59078084E-02  1.0000
    66    14     92 1      1 1   -.59078084E-02  1.0000
    67    14     93 1      2 1   -.59078084E-02  1.0000
    68    14      2 1     93 1   -.59078084E-02  1.0000
    69    14      1 2     92 2   -.59078084E-02  1.0000
    70    14     92 2      1 2   -.59078084E-02  1.0000
    71    14     93 2      2 2   -.59078084E-02  1.0000
    72    14      2 2     93 2   -.59078084E-02  1.0000
    73    14      1 2     95 2   -.59078084E-02  1.0000
    74    14     95 2      1 2   -.59078084E-02  1.0000
    75    14     89 2      2 2   -.59078084E-02  1.0000
    76    14      2 2     89 2   -.59078084E-02  1.0000
    77    14      1 3     95 3   -.59078084E-02  1.0000
    78    14     95 3      1 3   -.59078084E-02  1.0000
    79    14     89 3      2 3   -.59078084E-02  1.0000
    80    14      2 3     89 3   -.59078084E-02  1.0000
    81    14      1 1    103 1   -.59078084E-02  1.0000
    82    14    103 1      1 1   -.59078084E-02  1.0000
    83    14     79 1      2 1   -.59078084E-02  1.0000
    84    14      2 1     79 1   -.59078084E-02  1.0000
    85    14      1 2    103 2   -.59078084E-02  1.0000
    86    14    103 2      1 2   -.59078084E-02  1.0000
    87    14     79 2      2 2   -.59078084E-02  1.0000
    88    14      2 2     79 2   -.59078084E-02  1.0000
    89    14      1 1    108 1   -.59078084E-02  1.0000
    90    14    108 1      1 1   -.59078084E-02  1.0000
    91    14     73 1      2 1   -.59078084E-02  1.0000
    92    14      2 1     73 1   -.59078084E-02  1.0000
    93    14      1 3    108 3   -.59078084E-02  1.0000
    94    14    108 3      1 3   -.59078084E-02  1.0000
    95    14     73 3      2 3   -.59078084E-02  1.0000
    96    14      2 3     73 3   -.59078084E-02  1.0000
     1    15      1 1     29 2   -.26888840E-02  1.0000
     2    15     29 2      1 1   -.26888840E-02  1.0000
     3    15     26 1      2 2   -.26888840E-02  1.0000
     4    15      2 2     26 1   -.26888840E-02  1.0000
     5    15      1 2     29 1   -.26888840E-02  1.0000
     6    15     29 1      1 2   -.26888840E-02  1.0000
     7    15     26 2      2 1   -.26888840E-02  1.0000
     8    15      2 1     26 2   -.26888840E-02  1.0000
     9    15      1 1     33 3   -.26888840E-02  1.0000
    10    15     33 3      1 1   -.26888840E-02  1.0000
    11    15     22 1      2 3   -.26888840E-02  1.0000
    12    15      2 3     22 1   -.26888840E-02  1.0000
    13    15      1 3     33 1   -.26888840E-02  1.0000
    14    15     33 1      1 3   -.26888840E-02  1.0000
    15    15     22 3      2 1   -.26888840E-02  1.0000
    16    15      2 1     22 3   -.26888840E-02  1.0000
    17    15      1 2     44 3   -.26888840E-02  1.0000
    18    15     44 3      1 2   -.26888840E-02  1.0000
    19    15     10 2      2 3   -.26888840E-02  1.0000
    20    15      2 3     10 2   -.26888840E-02  1.0000
    21    15      1 3     44 2   -.26888840E-02  1.0000
    22    15     44 2      1 3   -.26888840E-02  1.0000
    23    15     10 3      2 2   -.26888840E-02  1.0000
    24    15      2 2     10 3   -.26888840E-02  1.0000
    25    15      1 2     54 3   -.26888840E-02  1.0000
    26    15     54 3      1 2   -.26888840E-02  1.0000
    27    15    123 2      2 3   -.26888840E-02  1.0000
    28    15      2 3    123 2   -.26888840E-02  1.0000
    29    15      1 3     54 2   -.26888840E-02  1.0000
    30    15     54 2      1 3   -.26888840E-02  1.0000
    31    15    123 3      2 2   -.26888840E-02  1.0000
    32    15      2 2    123 3   -.26888840E-02  1.0000
    33    15      1 1     56 3   0.26888840E-02  1.0000
    34    15     56 3      1 1   0.26888840E-02  1.0000
    35    15    121 1      2 3   0.26888840E-02  1.0000
    36    15      2 3    121 1   0.26888840E-02  1.0000
    37    15      1 3     56 1   0.26888840E-02  1.0000
    38    15     56 1      1 3   0.26888840E-02  1.0000
    39    15    121 3      2 1   0.26888840E-02  1.0000
    40    15      2 1    121 3   0.26888840E-02  1.0000
    41    15      1 1     61 2   0.26888840E-02  1.0000
    42    15     61 2      1 1   0.26888840E-02  1.0000
    43    15    117 1      2 2   0.26888840E-02  1.0000
    44    15      2 2    117 1   0.26888840E-02  1.0000
    45    15      1 2     61 1   0.26888840E-02  1.0000
    46    15     61 1      1 2   0.26888840E-02  1.0000
    47    15    117 2      2 1   0.26888840E-02  1.0000
    48    15      2 1    117 2   0.26888840E-02  1.0000
    49    15      1 1     83 3   -.26888840E-02  1.0000
    50    15     83 3      1 1   -.26888840E-02  1.0000
    51    15    100 1      2 3   -.26888840E-02  1.0000
    52    15      2 3    100 1   -.26888840E-02  1.0000
    53    15      1 3     83 1   -.26888840E-02  1.0000
    54    15     83 1      1 3   -.26888840E-02  1.0000
    55    15    100 3      2 1   -.26888840E-02  1.0000
    56    15      2 1    100 3   -.26888840E-02  1.0000
    57    15      1 2     85 3   0.26888840E-02  1.0000
    58    15     85 3      1 2   0.26888840E-02  1.0000
    59    15     98 2      2 3   0.26888840E-02  1.0000
    60    15      2 3     98 2   0.26888840E-02  1.0000
    61    15      1 3     85 2   0.26888840E-02  1.0000
    62    15     85 2      1 3   0.26888840E-02  1.0000
    63    15     98 3      2 2   0.26888840E-02  1.0000
    64    15      2 2     98 3   0.26888840E-02  1.0000
    65    15      1 1     92 2   -.26888840E-02  1.0000
    66    15     92 2      1 1   -.26888840E-02  1.0000
    67    15     93 1      2 2   -.26888840E-02  1.0000
    68    15      2 2     93 1   -.26888840E-02  1.0000
    69    15      1 2     92 1   -.26888840E-02  1.0000
    70    15     92 1      1 2   -.26888840E-02  1.0000
    71    15     93 2      2 1   -.26888840E-02  1.0000
    72    15      2 1     93 2   -.26888840E-02  1.0000
    73    15      1 2     95 3   0.26888840E-02  1.0000
    74    15     95 3      1 2   0.26888840E-02  1.0000
    75    15     89 2      2 3   0.26888840E-02  1.0000
    76    15      2 3     89 2   0.26888840E-02  1.0000
    77    15      1 3     95 2   0.26888840E-02  1.0000
    78    15     95 2      1 3   0.26888840E-02  1.0000
    79    15     89 3      2 2   0.26888840E-02  1.0000
    80    15      2 2     89 3   0.26888840E-02  1.0000
    81    15      1 1    103 2   0.26888840E-02  1.0000
    82    15    103 2      1 1   0.26888840E-02  1.0000
    83    15     79 1      2 2   0.26888840E-02  1.0000
    84    15      2 2     79 1   0.26888840E-02  1.0000
    85    15      1 2    103 1   0.26888840E-02  1.0000
    86    15    103 1      1 2   0.26888840E-02  1.0000
    87    15     79 2      2 1   0.26888840E-02  1.0000
    88    15      2 1     79 2   0.26888840E-02  1.0000
    89    15      1 1    108 3   0.26888840E-02  1.0000
    90    15    108 3      1 1   0.26888840E-02  1.0000
    91    15     73 1      2 3   0.26888840E-02  1.0000
    92    15      2 3     73 1   0.26888840E-02  1.0000
    93    15      1 3    108 1   0.26888840E-02  1.0000
    94    15    108 1      1 3   0.26888840E-02  1.0000
    95    15     73 3      2 1   0.26888840E-02  1.0000
    96    15      2 1     73 3   0.26888840E-02  1.0000
     1    16      1 1     29 3   0.34472483E-02  1.0000
     2    16     29 3      1 1   0.34472483E-02  1.0000
     3    16     26 1      2 3   0.34472483E-02  1.0000
     4    16      2 3     26 1   0.34472483E-02  1.0000
     5    16      1 2     29 3   0.34472483E-02  1.0000
     6    16     29 3      1 2   0.34472483E-02  1.0000
     7    16     26 2      2 3   0.34472483E-02  1.0000
     8    16      2 3     26 2   0.34472483E-02  1.0000
     9    16      1 3     29 1   0.34472483E-02  1.0000
    10    16     29 1      1 3   0.34472483E-02  1.0000
    11    16     26 3      2 1   0.34472483E-02  1.0000
    12    16      2 1     26 3   0.34472483E-02  1.0000
    13    16      1 3     29 2   0.34472483E-02  1.0000
    14    16     29 2      1 3   0.34472483E-02  1.0000
    15    16     26 3      2 2   0.34472483E-02  1.0000
    16    16      2 2     26 3   0.34472483E-02  1.0000
    17    16      1 1     33 2   0.34472483E-02  1.0000
    18    16     33 2      1 1   0.34472483E-02  1.0000
    19    16     22 1      2 2   0.34472483E-02  1.0000
    20    16      2 2     22 1   0.34472483E-02  1.0000
    21    16      1 2     33 1   0.34472483E-02  1.0000
    22    16     33 1      1 2   0.34472483E-02  1.0000
    23    16     22 2      2 1   0.34472483E-02  1.0000
    24    16      2 1     22 2   0.34472483E-02  1.0000
    25    16      1 2     33 3   0.34472483E-02  1.0000
    26    16     33 3      1 2   0.34472483E-02  1.0000
    27    16     22 2      2 3   0.34472483E-02  1.0000
    28    16      2 3     22 2   0.34472483E-02  1.0000
    29    16      1 3     33 2   0.34472483E-02  1.0000
    30    16     33 2      1 3   0.34472483E-02  1.0000
    31    16     22 3      2 2   0.34472483E-02  1.0000
    32    16      2 2     22 3   0.34472483E-02  1.0000
    33    16      1 1     44 2   0.34472483E-02  1.0000
    34    16     44 2      1 1   0.34472483E-02  1.0000
    35    16     10 1      2 2   0.34472483E-02  1.0000
    36    16      2 2     10 1   0.34472483E-02  1.0000
    37    16      1 1     44 3   0.34472483E-02  1.0000
    38    16     44 3      1 1   0.34472483E-02  1.0000
    39    16     10 1      2 3   0.34472483E-02  1.0000
    40    16      2 3     10 1   0.34472483E-02  1.0000
    41    16      1 2     44 1   0.34472483E-02  1.0000
    42    16     44 1      1 2   0.34472483E-02  1.0000
    43    16     10 2      2 1   0.34472483E-02  1.0000
    44    16      2 1     10 2   0.34472483E-02  1.0000
    45    16      1 3     44 1   0.34472483E-02  1.0000
    46    16     44 1      1 3   0.34472483E-02  1.0000
    47    16     10 3      2 1   0.34472483E-02  1.0000
    48    16      2 1     10 3   0.34472483E-02  1.0000
    49    16      1 1     54 2   -.34472483E-02  1.0000
    50    16     54 2      1 1   -.34472483E-02  1.0000
    51    16    123 1      2 2   -.34472483E-02  1.0000
    52    16      2 2    123 1   -.34472483E-02  1.0000
    53    16      1 1     54 3   -.34472483E-02  1.0000
    54    16     54 3      1 1   -.34472483E-02  1.0000
    55    16    123 1      2 3   -.34472483E-02  1.0000
    56    16      2 3    123 1   -.34472483E-02  1.0000
    57    16      1 2     54 1   -.34472483E-02  1.0000
    58    16     54 1      1 2   -.34472483E-02  1.0000
    59    16    123 2      2 1   -.34472483E-02  1.0000
    60    16      2 1    123 2   -.34472483E-02  1.0000
    61    16      1 3     54 1   -.34472483E-02  1.0000
    62    16     54 1      1 3   -.34472483E-02  1.0000
    63    16    123 3      2 1   -.34472483E-02  1.0000
    64    16      2 1    123 3   -.34472483E-02  1.0000
    65    16      1 1     56 2   -.34472483E-02  1.0000
    66    16     56 2      1 1   -.34472483E-02  1.0000
    67    16    121 1      2 2   -.34472483E-02  1.0000
    68    16      2 2    121 1   -.34472483E-02  1.0000
    69    16      1 2     56 1   -.34472483E-02  1.0000
    70    16     56 1      1 2   -.34472483E-02  1.0000
    71    16    121 2      2 1   -.34472483E-02  1.0000
    72    16      2 1    121 2   -.34472483E-02  1.0000
    73    16      1 2     56 3   0.34472483E-02  1.0000
    74    16     56 3      1 2   0.34472483E-02  1.0000
    75    16    121 2      2 3   0.34472483E-02  1.0000
    76    16      2 3    121 2   0.34472483E-02  1.0000
    77    16      1 3     56 2   0.34472483E-02  1.0000
    78    16     56 2      1 3   0.34472483E-02  1.0000
    79    16    121 3      2 2   0.34472483E-02  1.0000
    80    16      2 2    121 3   0.34472483E-02  1.0000
    81    16      1 1     61 3   -.34472483E-02  1.0000
    82    16     61 3      1 1   -.34472483E-02  1.0000
    83    16    117 1      2 3   -.34472483E-02  1.0000
    84    16      2 3    117 1   -.34472483E-02  1.0000
    85    16      1 2     61 3   0.34472483E-02  1.0000
    86    16     61 3      1 2   0.34472483E-02  1.0000
    87    16    117 2      2 3   0.34472483E-02  1.0000
    88    16      2 3    117 2   0.34472483E-02  1.0000
    89    16      1 3     61 1   -.34472483E-02  1.0000
    90    16     61 1      1 3   -.34472483E-02  1.0000
    91    16    117 3      2 1   -.34472483E-02  1.0000
    92    16      2 1    117 3   -.34472483E-02  1.0000
    93    16      1 3     61 2   0.34472483E-02  1.0000
    94    16     61 2      1 3   0.34472483E-02  1.0000
    95    16    117 3      2 2   0.34472483E-02  1.0000
    96    16      2 2    117 3   0.34472483E-02  1.0000
    97    16      1 1     83 2   -.34472483E-02  1.0000
    98    16     83 2      1 1   -.34472483E-02  1.0000
    99    16    100 1      2 2   -.34472483E-02  1.0000
   100    16      2 2    100 1   -.34472483E-02  1.0000
   101    16      1 2     83 1   -.34472483E-02  1.0000
   102    16     83 1      1 2   -.34472483E-02  1.0000
   103    16    100 2      2 1   -.34472483E-02  1.0000
   104    16      2 1    100 2   -.34472483E-02  1.0000
   105    16      1 2     83 3   -.34472483E-02  1.0000
   106    16     83 3      1 2   -.34472483E-02  1.0000
   107    16    100 2      2 3   -.34472483E-02  1.0000
   108    16      2 3    100 2   -.34472483E-02  1.0000
   109    16      1 3     83 2   -.34472483E-02  1.0000
   110    16     83 2      1 3   -.34472483E-02  1.0000
   111    16    100 3      2 2   -.34472483E-02  1.0000
   112    16      2 2    100 3   -.34472483E-02  1.0000
   113    16      1 1     85 2   -.34472483E-02  1.0000
   114    16     85 2      1 1   -.34472483E-02  1.0000
   115    16     98 1      2 2   -.34472483E-02  1.0000
   116    16      2 2     98 1   -.34472483E-02  1.0000
   117    16      1 1     85 3   0.34472483E-02  1.0000
   118    16     85 3      1 1   0.34472483E-02  1.0000
   119    16     98 1      2 3   0.34472483E-02  1.0000
   120    16      2 3     98 1   0.34472483E-02  1.0000
   121    16      1 2     85 1   -.34472483E-02  1.0000
   122    16     85 1      1 2   -.34472483E-02  1.0000
   123    16     98 2      2 1   -.34472483E-02  1.0000
   124    16      2 1     98 2   -.34472483E-02  1.0000
   125    16      1 3     85 1   0.34472483E-02  1.0000
   126    16     85 1      1 3   0.34472483E-02  1.0000
   127    16     98 3      2 1   0.34472483E-02  1.0000
   128    16      2 1     98 3   0.34472483E-02  1.0000
   129    16      1 1     92 3   -.34472483E-02  1.0000
   130    16     92 3      1 1   -.34472483E-02  1.0000
   131    16     93 1      2 3   -.34472483E-02  1.0000
   132    16      2 3     93 1   -.34472483E-02  1.0000
   133    16      1 2     92 3   -.34472483E-02  1.0000
   134    16     92 3      1 2   -.34472483E-02  1.0000
   135    16     93 2      2 3   -.34472483E-02  1.0000
   136    16      2 3     93 2   -.34472483E-02  1.0000
   137    16      1 3     92 1   -.34472483E-02  1.0000
   138    16     92 1      1 3   -.34472483E-02  1.0000
   139    16     93 3      2 1   -.34472483E-02  1.0000
   140    16      2 1     93 3   -.34472483E-02  1.0000
   141    16      1 3     92 2   -.34472483E-02  1.0000
   142    16     92 2      1 3   -.34472483E-02  1.0000
   143    16     93 3      2 2   -.34472483E-02  1.0000
   144    16      2 2     93 3   -.34472483E-02  1.0000
   145    16      1 1     95 2   0.34472483E-02  1.0000
   146    16     95 2      1 1   0.34472483E-02  1.0000
   147    16     89 1      2 2   0.34472483E-02  1.0000
   148    16      2 2     89 1   0.34472483E-02  1.0000
   149    16      1 1     95 3   -.34472483E-02  1.0000
   150    16     95 3      1 1   -.34472483E-02  1.0000
   151    16     89 1      2 3   -.34472483E-02  1.0000
   152    16      2 3     89 1   -.34472483E-02  1.0000
   153    16      1 2     95 1   0.34472483E-02  1.0000
   154    16     95 1      1 2   0.34472483E-02  1.0000
   155    16     89 2      2 1   0.34472483E-02  1.0000
   156    16      2 1     89 2   0.34472483E-02  1.0000
   157    16      1 3     95 1   -.34472483E-02  1.0000
   158    16     95 1      1 3   -.34472483E-02  1.0000
   159    16     89 3      2 1   -.34472483E-02  1.0000
   160    16      2 1     89 3   -.34472483E-02  1.0000
   161    16      1 1    103 3   0.34472483E-02  1.0000
   162    16    103 3      1 1   0.34472483E-02  1.0000
   163    16     79 1      2 3   0.34472483E-02  1.0000
   164    16      2 3     79 1   0.34472483E-02  1.0000
   165    16      1 2    103 3   -.34472483E-02  1.0000
   166    16    103 3      1 2   -.34472483E-02  1.0000
   167    16     79 2      2 3   -.34472483E-02  1.0000
   168    16      2 3     79 2   -.34472483E-02  1.0000
   169    16      1 3    103 1   0.34472483E-02  1.0000
   170    16    103 1      1 3   0.34472483E-02  1.0000
   171    16     79 3      2 1   0.34472483E-02  1.0000
   172    16      2 1     79 3   0.34472483E-02  1.0000
   173    16      1 3    103 2   -.34472483E-02  1.0000
   174    16    103 2      1 3   -.34472483E-02  1.0000
   175    16     79 3      2 2   -.34472483E-02  1.0000
   176    16      2 2     79 3   -.34472483E-02  1.0000
   177    16      1 1    108 2   0.34472483E-02  1.0000
   178    16    108 2      1 1   0.34472483E-02  1.0000
   179    16     73 1      2 2   0.34472483E-02  1.0000
   180    16      2 2     73 1   0.34472483E-02  1.0000
   181    16      1 2    108 1   0.34472483E-02  1.0000
   182    16    108 1      1 2   0.34472483E-02  1.0000
   183    16     73 2      2 1   0.34472483E-02  1.0000
   184    16      2 1     73 2   0.34472483E-02  1.0000
   185    16      1 2    108 3   -.34472483E-02  1.0000
   186    16    108 3      1 2   -.34472483E-02  1.0000
   187    16     73 2      2 3   -.34472483E-02  1.0000
   188    16      2 3     73 2   -.34472483E-02  1.0000
   189    16      1 3    108 2   -.34472483E-02  1.0000
   190    16    108 2      1 3   -.34472483E-02  1.0000
   191    16     73 3      2 2   -.34472483E-02  1.0000
   192    16      2 2     73 3   -.34472483E-02  1.0000
     1    17      1 3     29 3   -.21178426      1.0000
     2    17     29 3      1 3   -.21178426      1.0000
     3    17     26 3      2 3   -.21178426      1.0000
     4    17      2 3     26 3   -.21178426      1.0000
     5    17      1 2     33 2   -.21178426      1.0000
     6    17     33 2      1 2   -.21178426      1.0000
     7    17     22 2      2 2   -.21178426      1.0000
     8    17      2 2     22 2   -.21178426      1.0000
     9    17      1 1     44 1   -.21178426      1.0000
    10    17     44 1      1 1   -.21178426      1.0000
    11    17     10 1      2 1   -.21178426      1.0000
    12    17      2 1     10 1   -.21178426      1.0000
    13    17      1 1     54 1   -.21178426      1.0000
    14    17     54 1      1 1   -.21178426      1.0000
    15    17    123 1      2 1   -.21178426      1.0000
    16    17      2 1    123 1   -.21178426      1.0000
    17    17      1 2     56 2   -.21178426      1.0000
    18    17     56 2      1 2   -.21178426      1.0000
    19    17    121 2      2 2   -.21178426      1.0000
    20    17      2 2    121 2   -.21178426      1.0000
    21    17      1 3     61 3   -.21178426      1.0000
    22    17     61 3      1 3   -.21178426      1.0000
    23    17    117 3      2 3   -.21178426      1.0000
    24    17      2 3    117 3   -.21178426      1.0000
    25    17      1 2     83 2   -.21178426      1.0000
    26    17     83 2      1 2   -.21178426      1.0000
    27    17    100 2      2 2   -.21178426      1.0000
    28    17      2 2    100 2   -.21178426      1.0000
    29    17      1 1     85 1   -.21178426      1.0000
    30    17     85 1      1 1   -.21178426      1.0000
    31    17     98 1      2 1   -.21178426      1.0000
    32    17      2 1     98 1   -.21178426      1.0000
    33    17      1 3     92 3   -.21178426      1.0000
    34    17     92 3      1 3   -.21178426      1.0000
    35    17     93 3      2 3   -.21178426      1.0000
    36    17      2 3     93 3   -.21178426      1.0000
    37    17      1 1     95 1   -.21178426      1.0000
    38    17     95 1      1 1   -.21178426      1.0000
    39    17     89 1      2 1   -.21178426      1.0000
    40    17      2 1     89 1   -.21178426      1.0000
    41    17      1 3    103 3   -.21178426      1.0000
    42    17    103 3      1 3   -.21178426      1.0000
    43    17     79 3      2 3   -.21178426      1.0000
    44    17      2 3     79 3   -.21178426      1.0000
    45    17      1 2    108 2   -.21178426      1.0000
    46    17    108 2      1 2   -.21178426      1.0000
    47    17     73 2      2 2   -.21178426      1.0000
    48    17      2 2     73 2   -.21178426      1.0000
