 # la,nk,dk(nk),kp(:,nk),om(la,nk),gruneisen(la,nk))
     1    1  0.000      0.000      0.000      0.000     0.3055E-01 -.6508E-06
     2    1  0.000      0.000      0.000      0.000     0.8297E-02 0.3650E-07
     3    1  0.000      0.000      0.000      0.000     0.8297E-02 0.9210E-05
     4    1  0.000      0.000      0.000      0.000      280.1      1.907    
     5    1  0.000      0.000      0.000      0.000      280.1      1.907    
     6    1  0.000      0.000      0.000      0.000      280.1      1.907    
     1    2 0.2816E-01 0.1880E-01 -.1880E-01  0.000      7.748      114.4    
     2    2 0.2816E-01 0.1880E-01 -.1880E-01  0.000      10.06      81.38    
     3    2 0.2816E-01 0.1880E-01 -.1880E-01  0.000      14.32      7.884    
     4    2 0.2816E-01 0.1880E-01 -.1880E-01  0.000      279.8      1.806    
     5    2 0.2816E-01 0.1880E-01 -.1880E-01  0.000      279.8      1.890    
     6    2 0.2816E-01 0.1880E-01 -.1880E-01  0.000      279.9      1.822    
     1    3 0.5631E-01 0.3760E-01 -.3760E-01  0.000      15.42      115.2    
     2    3 0.5631E-01 0.3760E-01 -.3760E-01  0.000      19.96      82.62    
     3    3 0.5631E-01 0.3760E-01 -.3760E-01  0.000      28.51      8.297    
     4    3 0.5631E-01 0.3760E-01 -.3760E-01  0.000      278.9      1.496    
     5    3 0.5631E-01 0.3760E-01 -.3760E-01  0.000      279.0      1.839    
     6    3 0.5631E-01 0.3760E-01 -.3760E-01  0.000      279.4      1.565    
     1    4 0.8447E-01 0.5639E-01 -.5639E-01  0.000      22.94      116.6    
     2    4 0.8447E-01 0.5639E-01 -.5639E-01  0.000      29.53      84.69    
     3    4 0.8447E-01 0.5639E-01 -.5639E-01  0.000      42.46      8.984    
     4    4 0.8447E-01 0.5639E-01 -.5639E-01  0.000      277.5     0.9614    
     5    4 0.8447E-01 0.5639E-01 -.5639E-01  0.000      277.8      1.751    
     6    4 0.8447E-01 0.5639E-01 -.5639E-01  0.000      278.7      1.137    
     1    5 0.1126     0.7519E-01 -.7519E-01  0.000      30.23      118.5    
     2    5 0.1126     0.7519E-01 -.7519E-01  0.000      38.64      87.59    
     3    5 0.1126     0.7519E-01 -.7519E-01  0.000      56.04      9.941    
     4    5 0.1126     0.7519E-01 -.7519E-01  0.000      275.7     0.1784    
     5    5 0.1126     0.7519E-01 -.7519E-01  0.000      276.0      1.623    
     6    5 0.1126     0.7519E-01 -.7519E-01  0.000      277.6     0.5362    
     1    6 0.1408     0.9399E-01 -.9399E-01  0.000      37.22      121.0    
     2    6 0.1408     0.9399E-01 -.9399E-01  0.000      47.18      91.30    
     3    6 0.1408     0.9399E-01 -.9399E-01  0.000      69.15      11.16    
     4    6 0.1408     0.9399E-01 -.9399E-01  0.000      273.6     -.8830    
     5    6 0.1408     0.9399E-01 -.9399E-01  0.000      273.7      1.451    
     6    6 0.1408     0.9399E-01 -.9399E-01  0.000      276.3     -.2370    
     1    7 0.1689     0.1128     -.1128      0.000      43.85      124.2    
     2    7 0.1689     0.1128     -.1128      0.000      55.06      95.80    
     3    7 0.1689     0.1128     -.1128      0.000      81.68      12.61    
     4    7 0.1689     0.1128     -.1128      0.000      270.9      1.231    
     5    7 0.1689     0.1128     -.1128      0.000      271.4     -2.251    
     6    7 0.1689     0.1128     -.1128      0.000      274.7     -1.183    
     1    8 0.1971     0.1316     -.1316      0.000      50.06      128.0    
     2    8 0.1971     0.1316     -.1316      0.000      62.26      101.0    
     3    8 0.1971     0.1316     -.1316      0.000      93.56      14.24    
     4    8 0.1971     0.1316     -.1316      0.000      267.6     0.9595    
     5    8 0.1971     0.1316     -.1316      0.000      269.2     -3.945    
     6    8 0.1971     0.1316     -.1316      0.000      273.0     -2.300    
     1    9 0.2252     0.1504     -.1504      0.000      55.80      132.7    
     2    9 0.2252     0.1504     -.1504      0.000      68.77      106.9    
     3    9 0.2252     0.1504     -.1504      0.000      104.7      16.00    
     4    9 0.2252     0.1504     -.1504      0.000      263.8     0.6327    
     5    9 0.2252     0.1504     -.1504      0.000      267.2     -5.962    
     6    9 0.2252     0.1504     -.1504      0.000      271.1     -3.585    
     1   10 0.2534     0.1692     -.1692      0.000      61.01      138.1    
     2   10 0.2534     0.1692     -.1692      0.000      74.66      113.1    
     3   10 0.2534     0.1692     -.1692      0.000      115.1      17.77    
     4   10 0.2534     0.1692     -.1692      0.000      259.5     0.2455    
     5   10 0.2534     0.1692     -.1692      0.000      265.5     -8.273    
     6   10 0.2534     0.1692     -.1692      0.000      269.0     -5.035    
     1   11 0.2816     0.1880     -.1880      0.000      65.66      144.4    
     2   11 0.2816     0.1880     -.1880      0.000      80.00      119.7    
     3   11 0.2816     0.1880     -.1880      0.000      124.6      19.43    
     4   11 0.2816     0.1880     -.1880      0.000      254.7     -.2101    
     5   11 0.2816     0.1880     -.1880      0.000      264.3     -10.81    
     6   11 0.2816     0.1880     -.1880      0.000      266.9     -6.639    
     1   12 0.3097     0.2068     -.2068      0.000      69.73      151.7    
     2   12 0.3097     0.2068     -.2068      0.000      84.93      126.2    
     3   12 0.3097     0.2068     -.2068      0.000      133.4      20.81    
     4   12 0.3097     0.2068     -.2068      0.000      249.5     -.7488    
     5   12 0.3097     0.2068     -.2068      0.000      263.5     -13.47    
     6   12 0.3097     0.2068     -.2068      0.000      264.8     -8.389    
     1   13 0.3379     0.2256     -.2256      0.000      73.18      160.2    
     2   13 0.3379     0.2256     -.2256      0.000      89.59      132.5    
     3   13 0.3379     0.2256     -.2256      0.000      141.5      21.79    
     4   13 0.3379     0.2256     -.2256      0.000      243.9     -1.397    
     5   13 0.3379     0.2256     -.2256      0.000      262.6     -10.27    
     6   13 0.3379     0.2256     -.2256      0.000      263.1     -16.14    
     1   14 0.3660     0.2444     -.2444      0.000      76.02      169.9    
     2   14 0.3660     0.2444     -.2444      0.000      94.09      138.3    
     3   14 0.3660     0.2444     -.2444      0.000      148.9      22.24    
     4   14 0.3660     0.2444     -.2444      0.000      237.8     -2.197    
     5   14 0.3660     0.2444     -.2444      0.000      260.5     -12.26    
     6   14 0.3660     0.2444     -.2444      0.000      263.1     -18.69    
     1   15 0.3942     0.2632     -.2632      0.000      78.23      181.0    
     2   15 0.3942     0.2632     -.2632      0.000      98.52      143.7    
     3   15 0.3942     0.2632     -.2632      0.000      155.8      22.10    
     4   15 0.3942     0.2632     -.2632      0.000      231.5     -3.218    
     5   15 0.3942     0.2632     -.2632      0.000      258.5     -14.34    
     6   15 0.3942     0.2632     -.2632      0.000      263.4     -21.04    
     1   16 0.4223     0.2820     -.2820      0.000      79.84      193.7    
     2   16 0.4223     0.2820     -.2820      0.000      102.9      148.8    
     3   16 0.4223     0.2820     -.2820      0.000      162.2      21.38    
     4   16 0.4223     0.2820     -.2820      0.000      225.0     -4.548    
     5   16 0.4223     0.2820     -.2820      0.000      256.6     -16.48    
     6   16 0.4223     0.2820     -.2820      0.000      263.7     -23.12    
     1   17 0.4505     0.3008     -.3008      0.000      80.87      208.1    
     2   17 0.4505     0.3008     -.3008      0.000      107.1      154.0    
     3   17 0.4505     0.3008     -.3008      0.000      168.2      20.12    
     4   17 0.4505     0.3008     -.3008      0.000      218.6     -6.281    
     5   17 0.4505     0.3008     -.3008      0.000      254.8     -18.66    
     6   17 0.4505     0.3008     -.3008      0.000      264.0     -24.92    
     1   18 0.4786     0.3196     -.3196      0.000      81.34      224.4    
     2   18 0.4786     0.3196     -.3196      0.000      110.9      160.0    
     3   18 0.4786     0.3196     -.3196      0.000      173.8      18.41    
     4   18 0.4786     0.3196     -.3196      0.000      212.5     -8.453    
     5   18 0.4786     0.3196     -.3196      0.000      253.1     -20.83    
     6   18 0.4786     0.3196     -.3196      0.000      264.1     -26.43    
     1   19 0.5068     0.3384     -.3384      0.000      81.31      242.7    
     2   19 0.5068     0.3384     -.3384      0.000      113.9      167.4    
     3   19 0.5068     0.3384     -.3384      0.000      179.2      16.38    
     4   19 0.5068     0.3384     -.3384      0.000      207.1     -10.89    
     5   19 0.5068     0.3384     -.3384      0.000      251.7     -22.98    
     6   19 0.5068     0.3384     -.3384      0.000      263.9     -27.71    
     1   20 0.5349     0.3572     -.3572      0.000      80.83      263.2    
     2   20 0.5349     0.3572     -.3572      0.000      115.5      176.3    
     3   20 0.5349     0.3572     -.3572      0.000      184.3      14.13    
     4   20 0.5349     0.3572     -.3572      0.000      203.0     -13.02    
     5   20 0.5349     0.3572     -.3572      0.000      250.3     -25.06    
     6   20 0.5349     0.3572     -.3572      0.000      263.3     -28.77    
     1   21 0.5631     0.3760     -.3760      0.000      79.97      286.0    
     2   21 0.5631     0.3760     -.3760      0.000      115.2      187.0    
     3   21 0.5631     0.3760     -.3760      0.000      189.1      11.78    
     4   21 0.5631     0.3760     -.3760      0.000      200.6     -13.93    
     5   21 0.5631     0.3760     -.3760      0.000      249.2     -27.05    
     6   21 0.5631     0.3760     -.3760      0.000      262.3     -29.67    
     1   22 0.5913     0.3948     -.3948      0.000      78.80      310.7    
     2   22 0.5913     0.3948     -.3948      0.000      112.7      199.9    
     3   22 0.5913     0.3948     -.3948      0.000      193.7      9.436    
     4   22 0.5913     0.3948     -.3948      0.000      200.1     -13.01    
     5   22 0.5913     0.3948     -.3948      0.000      248.1     -28.91    
     6   22 0.5913     0.3948     -.3948      0.000      260.8     -30.46    
     1   23 0.6194     0.4136     -.4136      0.000      77.42      337.3    
     2   23 0.6194     0.4136     -.4136      0.000      108.1      216.8    
     3   23 0.6194     0.4136     -.4136      0.000      198.0      7.201    
     4   23 0.6194     0.4136     -.4136      0.000      201.3     -10.55    
     5   23 0.6194     0.4136     -.4136      0.000      247.3     -30.61    
     6   23 0.6194     0.4136     -.4136      0.000      259.0     -31.16    
     1   24 0.6476     0.4324     -.4324      0.000      75.92      365.0    
     2   24 0.6476     0.4324     -.4324      0.000      102.0      240.1    
     3   24 0.6476     0.4324     -.4324      0.000      202.1      5.176    
     4   24 0.6476     0.4324     -.4324      0.000      203.8     -7.469    
     5   24 0.6476     0.4324     -.4324      0.000      246.6     -32.14    
     6   24 0.6476     0.4324     -.4324      0.000      256.7     -31.83    
     1   25 0.6757     0.4512     -.4512      0.000      74.40      392.9    
     2   25 0.6757     0.4512     -.4512      0.000      94.88      272.2    
     3   25 0.6757     0.4512     -.4512      0.000      205.9      3.464    
     4   25 0.6757     0.4512     -.4512      0.000      207.0     -4.555    
     5   25 0.6757     0.4512     -.4512      0.000      246.0     -33.46    
     6   25 0.6757     0.4512     -.4512      0.000      254.3     -32.53    
     1   26 0.7039     0.4700     -.4700      0.000      72.97      419.6    
     2   26 0.7039     0.4700     -.4700      0.000      87.56      314.3    
     3   26 0.7039     0.4700     -.4700      0.000      209.4      2.180    
     4   26 0.7039     0.4700     -.4700      0.000      210.2     -2.190    
     5   26 0.7039     0.4700     -.4700      0.000      245.6     -34.57    
     6   26 0.7039     0.4700     -.4700      0.000      251.7     -33.30    
     1   27 0.7320     0.4888     -.4888      0.000      71.73      443.4    
     2   27 0.7320     0.4888     -.4888      0.000      80.71      365.2    
     3   27 0.7320     0.4888     -.4888      0.000      212.5      1.427    
     4   27 0.7320     0.4888     -.4888      0.000      213.2     -.4519    
     5   27 0.7320     0.4888     -.4888      0.000      245.2     -35.44    
     6   27 0.7320     0.4888     -.4888      0.000      249.1     -34.21    
     1   28 0.7602     0.5075     -.5075      0.000      70.77      462.2    
     2   28 0.7602     0.5075     -.5075      0.000      75.05      418.7    
     3   28 0.7602     0.5075     -.5075      0.000      215.1      1.234    
     4   28 0.7602     0.5075     -.5075      0.000      215.5     0.7093    
     5   28 0.7602     0.5075     -.5075      0.000      245.0     -36.08    
     6   28 0.7602     0.5075     -.5075      0.000      246.9     -35.24    
     1   29 0.7883     0.5263     -.5263      0.000      70.16      474.4    
     2   29 0.7883     0.5263     -.5263      0.000      71.28      461.8    
     3   29 0.7883     0.5263     -.5263      0.000      216.8      1.428    
     4   29 0.7883     0.5263     -.5263      0.000      216.9      1.369    
     5   29 0.7883     0.5263     -.5263      0.000      244.9     -36.46    
     6   29 0.7883     0.5263     -.5263      0.000      245.4     -36.18    
     1   30 0.8165     0.5451     -.5451      0.000      69.96      478.7    
     2   30 0.8165     0.5451     -.5451      0.000      69.96      478.7    
     3   30 0.8165     0.5451     -.5451      0.000      217.4      1.582    
     4   30 0.8165     0.5451     -.5451      0.000      217.4      1.582    
     5   30 0.8165     0.5451     -.5451      0.000      244.8     -36.59    
     6   30 0.8165     0.5451     -.5451      0.000      244.8     -36.59    
     1   31 0.8165     0.5451      0.000      0.000      69.96      478.7    
     2   31 0.8165     0.5451      0.000      0.000      69.96      478.7    
     3   31 0.8165     0.5451      0.000      0.000      217.4      1.582    
     4   31 0.8165     0.5451      0.000      0.000      217.4      1.582    
     5   31 0.8165     0.5451      0.000      0.000      244.8     -36.59    
     6   31 0.8165     0.5451      0.000      0.000      244.8     -36.59    
     1   32 0.8364     0.5263      0.000      0.000      70.18      474.2    
     2   32 0.8364     0.5263      0.000      0.000      70.18      474.2    
     3   32 0.8364     0.5263      0.000      0.000      212.4      1.568    
     4   32 0.8364     0.5263      0.000      0.000      222.2      1.596    
     5   32 0.8364     0.5263      0.000      0.000      244.9     -36.46    
     6   32 0.8364     0.5263      0.000      0.000      244.9     -36.46    
     1   33 0.8563     0.5075      0.000      0.000      70.83      461.2    
     2   33 0.8563     0.5075      0.000      0.000      70.83      461.2    
     3   33 0.8563     0.5075      0.000      0.000      207.1      1.555    
     4   33 0.8563     0.5075      0.000      0.000      226.8      1.611    
     5   33 0.8563     0.5075      0.000      0.000      245.0     -36.07    
     6   33 0.8563     0.5075      0.000      0.000      245.0     -36.07    
     1   34 0.8762     0.4888      0.000      0.000      71.86      441.1    
     2   34 0.8762     0.4888      0.000      0.000      71.86      441.1    
     3   34 0.8762     0.4888      0.000      0.000      201.7      1.541    
     4   34 0.8762     0.4888      0.000      0.000      231.2      1.625    
     5   34 0.8762     0.4888      0.000      0.000      245.1     -35.42    
     6   34 0.8762     0.4888      0.000      0.000      245.1     -35.42    
     1   35 0.8961     0.4700      0.000      0.000      73.17      415.9    
     2   35 0.8961     0.4700      0.000      0.000      73.17      415.9    
     3   35 0.8961     0.4700      0.000      0.000      196.0      1.528    
     4   35 0.8961     0.4700      0.000      0.000      235.4      1.640    
     5   35 0.8961     0.4700      0.000      0.000      245.4     -34.51    
     6   35 0.8961     0.4700      0.000      0.000      245.4     -34.51    
     1   36 0.9160     0.4512      0.000      0.000      74.68      387.6    
     2   36 0.9160     0.4512      0.000      0.000      74.68      387.6    
     3   36 0.9160     0.4512      0.000      0.000      190.2      1.515    
     4   36 0.9160     0.4512      0.000      0.000      239.4      1.655    
     5   36 0.9160     0.4512      0.000      0.000      245.7     -33.33    
     6   36 0.9160     0.4512      0.000      0.000      245.7     -33.33    
     1   37 0.9359     0.4324      0.000      0.000      76.26      358.0    
     2   37 0.9359     0.4324      0.000      0.000      76.26      358.0    
     3   37 0.9359     0.4324      0.000      0.000      184.1      1.502    
     4   37 0.9359     0.4324      0.000      0.000      243.1      1.669    
     5   37 0.9359     0.4324      0.000      0.000      246.2     -31.89    
     6   37 0.9359     0.4324      0.000      0.000      246.2     -31.89    
     1   38 0.9559     0.4136      0.000      0.000      77.79      328.5    
     2   38 0.9559     0.4136      0.000      0.000      77.79      328.5    
     3   38 0.9559     0.4136      0.000      0.000      177.8      1.490    
     4   38 0.9559     0.4136      0.000      0.000      246.7      1.684    
     5   38 0.9559     0.4136      0.000      0.000      246.8     -30.19    
     6   38 0.9559     0.4136      0.000      0.000      246.8     -30.19    
     1   39 0.9758     0.3948      0.000      0.000      79.16      300.2    
     2   39 0.9758     0.3948      0.000      0.000      79.16      300.2    
     3   39 0.9758     0.3948      0.000      0.000      171.3      1.478    
     4   39 0.9758     0.3948      0.000      0.000      247.5     -28.26    
     5   39 0.9758     0.3948      0.000      0.000      247.5     -28.26    
     6   39 0.9758     0.3948      0.000      0.000      250.0      1.699    
     1   40 0.9957     0.3760      0.000      0.000      80.25      273.5    
     2   40 0.9957     0.3760      0.000      0.000      80.25      273.5    
     3   40 0.9957     0.3760      0.000      0.000      164.7      1.466    
     4   40 0.9957     0.3760      0.000      0.000      248.5     -26.11    
     5   40 0.9957     0.3760      0.000      0.000      248.5     -26.11    
     6   40 0.9957     0.3760      0.000      0.000      253.1      1.714    
     1   41  1.016     0.3572      0.000      0.000      80.97      248.9    
     2   41  1.016     0.3572      0.000      0.000      80.97      248.9    
     3   41  1.016     0.3572      0.000      0.000      157.8      1.455    
     4   41  1.016     0.3572      0.000      0.000      249.6     -23.79    
     5   41  1.016     0.3572      0.000      0.000      249.6     -23.79    
     6   41  1.016     0.3572      0.000      0.000      256.1      1.729    
     1   42  1.035     0.3384      0.000      0.000      81.24      226.4    
     2   42  1.035     0.3384      0.000      0.000      81.24      226.4    
     3   42  1.035     0.3384      0.000      0.000      150.8      1.444    
     4   42  1.035     0.3384      0.000      0.000      250.9     -21.36    
     5   42  1.035     0.3384      0.000      0.000      250.9     -21.36    
     6   42  1.035     0.3384      0.000      0.000      258.8      1.743    
     1   43  1.055     0.3196      0.000      0.000      80.99      206.1    
     2   43  1.055     0.3196      0.000      0.000      80.99      206.1    
     3   43  1.055     0.3196      0.000      0.000      143.5      1.433    
     4   43  1.055     0.3196      0.000      0.000      252.4     -18.87    
     5   43  1.055     0.3196      0.000      0.000      252.4     -18.87    
     6   43  1.055     0.3196      0.000      0.000      261.3      1.758    
     1   44  1.075     0.3008      0.000      0.000      80.17      187.9    
     2   44  1.075     0.3008      0.000      0.000      80.17      187.9    
     3   44  1.075     0.3008      0.000      0.000      136.1      1.423    
     4   44  1.075     0.3008      0.000      0.000      254.2     -16.38    
     5   44  1.075     0.3008      0.000      0.000      254.2     -16.38    
     6   44  1.075     0.3008      0.000      0.000      263.7      1.772    
     1   45  1.095     0.2820      0.000      0.000      78.76      171.7    
     2   45  1.095     0.2820      0.000      0.000      78.76      171.7    
     3   45  1.095     0.2820      0.000      0.000      128.5      1.413    
     4   45  1.095     0.2820      0.000      0.000      256.1     -13.96    
     5   45  1.095     0.2820      0.000      0.000      256.1     -13.96    
     6   45  1.095     0.2820      0.000      0.000      265.9      1.786    
     1   46  1.115     0.2632      0.000      0.000      76.73      157.3    
     2   46  1.115     0.2632      0.000      0.000      76.73      157.3    
     3   46  1.115     0.2632      0.000      0.000      120.8      1.404    
     4   46  1.115     0.2632      0.000      0.000      258.1     -11.66    
     5   46  1.115     0.2632      0.000      0.000      258.1     -11.66    
     6   46  1.115     0.2632      0.000      0.000      267.8      1.799    
     1   47  1.135     0.2444      0.000      0.000      74.11      144.6    
     2   47  1.135     0.2444      0.000      0.000      74.11      144.6    
     3   47  1.135     0.2444      0.000      0.000      112.9      1.396    
     4   47  1.135     0.2444      0.000      0.000      260.3     -9.513    
     5   47  1.135     0.2444      0.000      0.000      260.3     -9.513    
     6   47  1.135     0.2444      0.000      0.000      269.7      1.812    
     1   48  1.155     0.2256      0.000      0.000      70.88      133.4    
     2   48  1.155     0.2256      0.000      0.000      70.88      133.4    
     3   48  1.155     0.2256      0.000      0.000      104.8      1.387    
     4   48  1.155     0.2256      0.000      0.000      262.5     -7.560    
     5   48  1.155     0.2256      0.000      0.000      262.5     -7.560    
     6   48  1.155     0.2256      0.000      0.000      271.3      1.825    
     1   49  1.175     0.2068      0.000      0.000      67.09      123.7    
     2   49  1.175     0.2068      0.000      0.000      67.09      123.7    
     3   49  1.175     0.2068      0.000      0.000      96.64      1.380    
     4   49  1.175     0.2068      0.000      0.000      264.7     -5.812    
     5   49  1.175     0.2068      0.000      0.000      264.7     -5.812    
     6   49  1.175     0.2068      0.000      0.000      272.8      1.837    
     1   50  1.195     0.1880      0.000      0.000      62.77      115.3    
     2   50  1.195     0.1880      0.000      0.000      62.77      115.3    
     3   50  1.195     0.1880      0.000      0.000      88.30      1.373    
     4   50  1.195     0.1880      0.000      0.000      267.0     -4.275    
     5   50  1.195     0.1880      0.000      0.000      267.0     -4.275    
     6   50  1.195     0.1880      0.000      0.000      274.1      1.848    
     1   51  1.215     0.1692      0.000      0.000      57.95      108.0    
     2   51  1.215     0.1692      0.000      0.000      57.95      108.0    
     3   51  1.215     0.1692      0.000      0.000      79.84      1.367    
     4   51  1.215     0.1692      0.000      0.000      269.1     -2.943    
     5   51  1.215     0.1692      0.000      0.000      269.1     -2.943    
     6   51  1.215     0.1692      0.000      0.000      275.3      1.859    
     1   52  1.235     0.1504      0.000      0.000      52.67      101.8    
     2   52  1.235     0.1504      0.000      0.000      52.67      101.8    
     3   52  1.235     0.1504      0.000      0.000      71.27      1.361    
     4   52  1.235     0.1504      0.000      0.000      271.2     -1.808    
     5   52  1.235     0.1504      0.000      0.000      271.2     -1.808    
     6   52  1.235     0.1504      0.000      0.000      276.3      1.868    
     1   53  1.254     0.1316      0.000      0.000      46.99      96.61    
     2   53  1.254     0.1316      0.000      0.000      46.99      96.61    
     3   53  1.254     0.1316      0.000      0.000      62.60      1.356    
     4   53  1.254     0.1316      0.000      0.000      273.1     -.8543    
     5   53  1.254     0.1316      0.000      0.000      273.1     -.8543    
     6   53  1.254     0.1316      0.000      0.000      277.2      1.877    
     1   54  1.274     0.1128      0.000      0.000      40.95      92.24    
     2   54  1.274     0.1128      0.000      0.000      40.95      92.24    
     3   54  1.274     0.1128      0.000      0.000      53.83      1.351    
     4   54  1.274     0.1128      0.000      0.000      274.9     -.6734E-01
     5   54  1.274     0.1128      0.000      0.000      274.9     -.6734E-01
     6   54  1.274     0.1128      0.000      0.000      278.0      1.885    
     1   55  1.294     0.9399E-01  0.000      0.000      34.60      88.67    
     2   55  1.294     0.9399E-01  0.000      0.000      34.60      88.67    
     3   55  1.294     0.9399E-01  0.000      0.000      44.98      1.347    
     4   55  1.294     0.9399E-01  0.000      0.000      276.4     0.5686    
     5   55  1.294     0.9399E-01  0.000      0.000      276.4     0.5686    
     6   55  1.294     0.9399E-01  0.000      0.000      278.6      1.891    
     1   56  1.314     0.7519E-01  0.000      0.000      27.99      85.83    
     2   56  1.314     0.7519E-01  0.000      0.000      27.99      85.83    
     3   56  1.314     0.7519E-01  0.000      0.000      36.07      1.344    
     4   56  1.314     0.7519E-01  0.000      0.000      277.7      1.068    
     5   56  1.314     0.7519E-01  0.000      0.000      277.7      1.068    
     6   56  1.314     0.7519E-01  0.000      0.000      279.2      1.897    
     1   57  1.334     0.5639E-01  0.000      0.000      21.17      83.67    
     2   57  1.334     0.5639E-01  0.000      0.000      21.17      83.67    
     3   57  1.334     0.5639E-01  0.000      0.000      27.10      1.342    
     4   57  1.334     0.5639E-01  0.000      0.000      278.7      1.443    
     5   57  1.334     0.5639E-01  0.000      0.000      278.7      1.443    
     6   57  1.334     0.5639E-01  0.000      0.000      279.5      1.901    
     1   58  1.354     0.3760E-01  0.000      0.000      14.20      82.16    
     2   58  1.354     0.3760E-01  0.000      0.000      14.20      82.16    
     3   58  1.354     0.3760E-01  0.000      0.000      18.09      1.340    
     4   58  1.354     0.3760E-01  0.000      0.000      279.5      1.703    
     5   58  1.354     0.3760E-01  0.000      0.000      279.5      1.703    
     6   58  1.354     0.3760E-01  0.000      0.000      279.8      1.905    
     1   59  1.374     0.1880E-01  0.000      0.000      7.127      81.27    
     2   59  1.374     0.1880E-01  0.000      0.000      7.127      81.26    
     3   59  1.374     0.1880E-01  0.000      0.000      9.051      1.339    
     4   59  1.374     0.1880E-01  0.000      0.000      279.9      1.856    
     5   59  1.374     0.1880E-01  0.000      0.000      279.9      1.856    
     6   59  1.374     0.1880E-01  0.000      0.000      280.0      1.906    
     1   60  1.394     0.1880E-09  0.000      0.000     0.3055E-01 -.6679E-06
     2   60  1.394     0.1880E-09  0.000      0.000     0.8297E-02 -176.3    
     3   60  1.394     0.1880E-09  0.000      0.000     0.8297E-02  176.3    
     4   60  1.394     0.1880E-09  0.000      0.000      280.1      1.907    
     5   60  1.394     0.1880E-09  0.000      0.000      280.1      1.907    
     6   60  1.394     0.1880E-09  0.000      0.000      280.1      1.907    
     1   61  1.394      0.000      0.000      0.000     0.3055E-01 -.6508E-06
     2   61  1.394      0.000      0.000      0.000     0.8297E-02 0.3650E-07
     3   61  1.394      0.000      0.000      0.000     0.8297E-02 0.9210E-05
     4   61  1.394      0.000      0.000      0.000      280.1      1.907    
     5   61  1.394      0.000      0.000      0.000      280.1      1.907    
     6   61  1.394      0.000      0.000      0.000      280.1      1.907    
     1   62  1.411     0.9399E-02 0.9399E-02 -.9399E-02  5.265      99.19    
     2   62  1.411     0.9399E-02 0.9399E-02 -.9399E-02  5.265      99.19    
     3   62  1.411     0.9399E-02 0.9399E-02 -.9399E-02  9.067      9.351    
     4   62  1.411     0.9399E-02 0.9399E-02 -.9399E-02  279.9      1.899    
     5   62  1.411     0.9399E-02 0.9399E-02 -.9399E-02  280.0      1.873    
     6   62  1.411     0.9399E-02 0.9399E-02 -.9399E-02  280.0      1.873    
     1   63  1.428     0.1880E-01 0.1880E-01 -.1880E-01  10.49      99.96    
     2   63  1.428     0.1880E-01 0.1880E-01 -.1880E-01  10.49      99.96    
     3   63  1.428     0.1880E-01 0.1880E-01 -.1880E-01  18.11      9.375    
     4   63  1.428     0.1880E-01 0.1880E-01 -.1880E-01  279.6      1.874    
     5   63  1.428     0.1880E-01 0.1880E-01 -.1880E-01  279.7      1.771    
     6   63  1.428     0.1880E-01 0.1880E-01 -.1880E-01  279.7      1.771    
     1   64  1.446     0.2820E-01 0.2820E-01 -.2820E-01  15.64      101.2    
     2   64  1.446     0.2820E-01 0.2820E-01 -.2820E-01  15.64      101.2    
     3   64  1.446     0.2820E-01 0.2820E-01 -.2820E-01  27.12      9.415    
     4   64  1.446     0.2820E-01 0.2820E-01 -.2820E-01  279.0      1.832    
     5   64  1.446     0.2820E-01 0.2820E-01 -.2820E-01  279.4      1.599    
     6   64  1.446     0.2820E-01 0.2820E-01 -.2820E-01  279.4      1.599    
     1   65  1.463     0.3760E-01 0.3760E-01 -.3760E-01  20.67      103.1    
     2   65  1.463     0.3760E-01 0.3760E-01 -.3760E-01  20.67      103.1    
     3   65  1.463     0.3760E-01 0.3760E-01 -.3760E-01  36.07      9.472    
     4   65  1.463     0.3760E-01 0.3760E-01 -.3760E-01  278.2      1.773    
     5   65  1.463     0.3760E-01 0.3760E-01 -.3760E-01  278.9      1.357    
     6   65  1.463     0.3760E-01 0.3760E-01 -.3760E-01  278.9      1.357    
     1   66  1.480     0.4700E-01 0.4700E-01 -.4700E-01  25.54      105.5    
     2   66  1.480     0.4700E-01 0.4700E-01 -.4700E-01  25.54      105.5    
     3   66  1.480     0.4700E-01 0.4700E-01 -.4700E-01  44.93      9.546    
     4   66  1.480     0.4700E-01 0.4700E-01 -.4700E-01  277.2      1.695    
     5   66  1.480     0.4700E-01 0.4700E-01 -.4700E-01  278.2      1.044    
     6   66  1.480     0.4700E-01 0.4700E-01 -.4700E-01  278.2      1.044    
     1   67  1.497     0.5639E-01 0.5639E-01 -.5639E-01  30.22      108.4    
     2   67  1.497     0.5639E-01 0.5639E-01 -.5639E-01  30.22      108.4    
     3   67  1.497     0.5639E-01 0.5639E-01 -.5639E-01  53.70      9.639    
     4   67  1.497     0.5639E-01 0.5639E-01 -.5639E-01  276.0      1.598    
     5   67  1.497     0.5639E-01 0.5639E-01 -.5639E-01  277.4     0.6566    
     6   67  1.497     0.5639E-01 0.5639E-01 -.5639E-01  277.4     0.6566    
     1   68  1.515     0.6579E-01 0.6579E-01 -.6579E-01  34.67      112.0    
     2   68  1.515     0.6579E-01 0.6579E-01 -.6579E-01  34.67      112.0    
     3   68  1.515     0.6579E-01 0.6579E-01 -.6579E-01  62.35      9.751    
     4   68  1.515     0.6579E-01 0.6579E-01 -.6579E-01  274.6      1.481    
     5   68  1.515     0.6579E-01 0.6579E-01 -.6579E-01  276.6     0.1947    
     6   68  1.515     0.6579E-01 0.6579E-01 -.6579E-01  276.6     0.1947    
     1   69  1.532     0.7519E-01 0.7519E-01 -.7519E-01  38.87      116.2    
     2   69  1.532     0.7519E-01 0.7519E-01 -.7519E-01  38.87      116.2    
     3   69  1.532     0.7519E-01 0.7519E-01 -.7519E-01  70.86      9.884    
     4   69  1.532     0.7519E-01 0.7519E-01 -.7519E-01  273.0      1.341    
     5   69  1.532     0.7519E-01 0.7519E-01 -.7519E-01  275.6     -.3427    
     6   69  1.532     0.7519E-01 0.7519E-01 -.7519E-01  275.6     -.3427    
     1   70  1.549     0.8459E-01 0.8459E-01 -.8459E-01  42.77      121.2    
     2   70  1.549     0.8459E-01 0.8459E-01 -.8459E-01  42.77      121.2    
     3   70  1.549     0.8459E-01 0.8459E-01 -.8459E-01  79.23      10.04    
     4   70  1.549     0.8459E-01 0.8459E-01 -.8459E-01  271.2      1.177    
     5   70  1.549     0.8459E-01 0.8459E-01 -.8459E-01  274.6     -.9551    
     6   70  1.549     0.8459E-01 0.8459E-01 -.8459E-01  274.6     -.9551    
     1   71  1.566     0.9399E-01 0.9399E-01 -.9399E-01  46.34      126.8    
     2   71  1.566     0.9399E-01 0.9399E-01 -.9399E-01  46.34      126.8    
     3   71  1.566     0.9399E-01 0.9399E-01 -.9399E-01  87.43      10.22    
     4   71  1.566     0.9399E-01 0.9399E-01 -.9399E-01  269.2     0.9858    
     5   71  1.566     0.9399E-01 0.9399E-01 -.9399E-01  273.6     -1.641    
     6   71  1.566     0.9399E-01 0.9399E-01 -.9399E-01  273.6     -1.641    
     1   72  1.584     0.1034     0.1034     -.1034      49.58      133.3    
     2   72  1.584     0.1034     0.1034     -.1034      49.58      133.3    
     3   72  1.584     0.1034     0.1034     -.1034      95.46      10.43    
     4   72  1.584     0.1034     0.1034     -.1034      267.0     0.7644    
     5   72  1.584     0.1034     0.1034     -.1034      272.6     -2.396    
     6   72  1.584     0.1034     0.1034     -.1034      272.6     -2.396    
     1   73  1.601     0.1128     0.1128     -.1128      52.44      140.6    
     2   73  1.601     0.1128     0.1128     -.1128      52.44      140.6    
     3   73  1.601     0.1128     0.1128     -.1128      103.3      10.68    
     4   73  1.601     0.1128     0.1128     -.1128      264.7     0.5088    
     5   73  1.601     0.1128     0.1128     -.1128      271.5     -3.215    
     6   73  1.601     0.1128     0.1128     -.1128      271.5     -3.215    
     1   74  1.618     0.1222     0.1222     -.1222      54.93      148.8    
     2   74  1.618     0.1222     0.1222     -.1222      54.93      148.8    
     3   74  1.618     0.1222     0.1222     -.1222      110.9      10.96    
     4   74  1.618     0.1222     0.1222     -.1222      262.2     0.2140    
     5   74  1.618     0.1222     0.1222     -.1222      270.5     -4.090    
     6   74  1.618     0.1222     0.1222     -.1222      270.5     -4.090    
     1   75  1.635     0.1316     0.1316     -.1316      57.03      157.9    
     2   75  1.635     0.1316     0.1316     -.1316      57.03      157.9    
     3   75  1.635     0.1316     0.1316     -.1316      118.4      11.28    
     4   75  1.635     0.1316     0.1316     -.1316      259.6     -.1265    
     5   75  1.635     0.1316     0.1316     -.1316      269.5     -5.009    
     6   75  1.635     0.1316     0.1316     -.1316      269.5     -5.009    
     1   76  1.652     0.1410     0.1410     -.1410      58.74      168.0    
     2   76  1.652     0.1410     0.1410     -.1410      58.74      168.0    
     3   76  1.652     0.1410     0.1410     -.1410      125.6      11.66    
     4   76  1.652     0.1410     0.1410     -.1410      256.8     -.5208    
     5   76  1.652     0.1410     0.1410     -.1410      268.6     -5.960    
     6   76  1.652     0.1410     0.1410     -.1410      268.6     -5.960    
     1   77  1.670     0.1504     0.1504     -.1504      60.07      179.1    
     2   77  1.670     0.1504     0.1504     -.1504      60.07      179.1    
     3   77  1.670     0.1504     0.1504     -.1504      132.6      12.10    
     4   77  1.670     0.1504     0.1504     -.1504      254.0     -.9798    
     5   77  1.670     0.1504     0.1504     -.1504      267.8     -6.927    
     6   77  1.670     0.1504     0.1504     -.1504      267.8     -6.927    
     1   78  1.687     0.1598     0.1598     -.1598      61.04      191.3    
     2   78  1.687     0.1598     0.1598     -.1598      61.04      191.3    
     3   78  1.687     0.1598     0.1598     -.1598      139.4      12.62    
     4   78  1.687     0.1598     0.1598     -.1598      251.0     -1.518    
     5   78  1.687     0.1598     0.1598     -.1598      267.1     -7.895    
     6   78  1.687     0.1598     0.1598     -.1598      267.1     -7.895    
     1   79  1.704     0.1692     0.1692     -.1692      61.66      204.5    
     2   79  1.704     0.1692     0.1692     -.1692      61.66      204.5    
     3   79  1.704     0.1692     0.1692     -.1692      145.9      13.24    
     4   79  1.704     0.1692     0.1692     -.1692      247.9     -2.154    
     5   79  1.704     0.1692     0.1692     -.1692      266.4     -8.845    
     6   79  1.704     0.1692     0.1692     -.1692      266.4     -8.845    
     1   80  1.721     0.1786     0.1786     -.1786      61.97      218.6    
     2   80  1.721     0.1786     0.1786     -.1786      61.97      218.6    
     3   80  1.721     0.1786     0.1786     -.1786      152.3      13.98    
     4   80  1.721     0.1786     0.1786     -.1786      244.7     -2.915    
     5   80  1.721     0.1786     0.1786     -.1786      265.9     -9.763    
     6   80  1.721     0.1786     0.1786     -.1786      265.9     -9.763    
     1   81  1.739     0.1880     0.1880     -.1880      62.01      233.6    
     2   81  1.739     0.1880     0.1880     -.1880      62.01      233.6    
     3   81  1.739     0.1880     0.1880     -.1880      158.4      14.88    
     4   81  1.739     0.1880     0.1880     -.1880      241.4     -3.840    
     5   81  1.739     0.1880     0.1880     -.1880      265.4     -10.63    
     6   81  1.739     0.1880     0.1880     -.1880      265.4     -10.63    
     1   82  1.756     0.1974     0.1974     -.1974      61.82      249.3    
     2   82  1.756     0.1974     0.1974     -.1974      61.82      249.3    
     3   82  1.756     0.1974     0.1974     -.1974      164.2      16.01    
     4   82  1.756     0.1974     0.1974     -.1974      238.0     -4.983    
     5   82  1.756     0.1974     0.1974     -.1974      265.0     -11.44    
     6   82  1.756     0.1974     0.1974     -.1974      265.0     -11.44    
     1   83  1.773     0.2068     0.2068     -.2068      61.47      265.3    
     2   83  1.773     0.2068     0.2068     -.2068      61.47      265.3    
     3   83  1.773     0.2068     0.2068     -.2068      169.9      17.44    
     4   83  1.773     0.2068     0.2068     -.2068      234.5     -6.432    
     5   83  1.773     0.2068     0.2068     -.2068      264.7     -12.17    
     6   83  1.773     0.2068     0.2068     -.2068      264.7     -12.17    
     1   84  1.790     0.2162     0.2162     -.2162      60.99      281.2    
     2   84  1.790     0.2162     0.2162     -.2162      60.99      281.2    
     3   84  1.790     0.2162     0.2162     -.2162      175.3      19.31    
     4   84  1.790     0.2162     0.2162     -.2162      231.0     -8.321    
     5   84  1.790     0.2162     0.2162     -.2162      264.4     -12.82    
     6   84  1.790     0.2162     0.2162     -.2162      264.4     -12.82    
     1   85  1.808     0.2256     0.2256     -.2256      60.46      296.4    
     2   85  1.808     0.2256     0.2256     -.2256      60.46      296.4    
     3   85  1.808     0.2256     0.2256     -.2256      180.5      21.84    
     4   85  1.808     0.2256     0.2256     -.2256      227.3     -10.87    
     5   85  1.808     0.2256     0.2256     -.2256      264.2     -13.38    
     6   85  1.808     0.2256     0.2256     -.2256      264.2     -13.38    
     1   86  1.825     0.2350     0.2350     -.2350      59.94      310.4    
     2   86  1.825     0.2350     0.2350     -.2350      59.94      310.4    
     3   86  1.825     0.2350     0.2350     -.2350      185.4      25.44    
     4   86  1.825     0.2350     0.2350     -.2350      223.7     -14.49    
     5   86  1.825     0.2350     0.2350     -.2350      264.1     -13.84    
     6   86  1.825     0.2350     0.2350     -.2350      264.1     -13.84    
     1   87  1.842     0.2444     0.2444     -.2444      59.46      322.3    
     2   87  1.842     0.2444     0.2444     -.2444      59.46      322.3    
     3   87  1.842     0.2444     0.2444     -.2444      190.0      30.83    
     4   87  1.842     0.2444     0.2444     -.2444      220.1     -19.88    
     5   87  1.842     0.2444     0.2444     -.2444      264.0     -14.20    
     6   87  1.842     0.2444     0.2444     -.2444      264.0     -14.20    
     1   88  1.859     0.2538     0.2538     -.2538      59.08      331.5    
     2   88  1.859     0.2538     0.2538     -.2538      59.08      331.5    
     3   88  1.859     0.2538     0.2538     -.2538      194.1      39.26    
     4   88  1.859     0.2538     0.2538     -.2538      216.7     -28.32    
     5   88  1.859     0.2538     0.2538     -.2538      264.0     -14.46    
     6   88  1.859     0.2538     0.2538     -.2538      264.0     -14.46    
     1   89  1.877     0.2632     0.2632     -.2632      58.84      337.2    
     2   89  1.877     0.2632     0.2632     -.2632      58.84      337.2    
     3   89  1.877     0.2632     0.2632     -.2632      197.4      51.65    
     4   89  1.877     0.2632     0.2632     -.2632      213.9     -40.72    
     5   89  1.877     0.2632     0.2632     -.2632      263.9     -14.62    
     6   89  1.877     0.2632     0.2632     -.2632      263.9     -14.62    
     1   90  1.894     0.2726     0.2726     -.2726      58.76      339.2    
     2   90  1.894     0.2726     0.2726     -.2726      58.76      339.2    
     3   90  1.894     0.2726     0.2726     -.2726      198.7      60.26    
     4   90  1.894     0.2726     0.2726     -.2726      212.6     -49.33    
     5   90  1.894     0.2726     0.2726     -.2726      263.9     -14.67    
     6   90  1.894     0.2726     0.2726     -.2726      263.9     -14.67    
     1   91  1.894     0.2726     0.2726     0.2726      58.76      339.2    
     2   91  1.894     0.2726     0.2726     0.2726      58.76      339.2    
     3   91  1.894     0.2726     0.2726     0.2726      198.7      60.26    
     4   91  1.894     0.2726     0.2726     0.2726      212.6     -49.33    
     5   91  1.894     0.2726     0.2726     0.2726      263.9     -14.67    
     6   91  1.894     0.2726     0.2726     0.2726      263.9     -14.67    
     1   92  1.911     0.2820     0.2632     0.2632      58.94      337.9    
     2   92  1.911     0.2820     0.2632     0.2632      59.26      333.9    
     3   92  1.911     0.2820     0.2632     0.2632      198.5      59.02    
     4   92  1.911     0.2820     0.2632     0.2632      212.8     -47.97    
     5   92  1.911     0.2820     0.2632     0.2632      263.8     -14.72    
     6   92  1.911     0.2820     0.2632     0.2632      263.9     -14.75    
     1   93  1.928     0.2914     0.2538     0.2538      59.47      334.1    
     2   93  1.928     0.2914     0.2538     0.2538      60.72      319.2    
     3   93  1.928     0.2914     0.2538     0.2538      197.7      55.86    
     4   93  1.928     0.2914     0.2538     0.2538      213.1     -44.45    
     5   93  1.928     0.2914     0.2538     0.2538      263.6     -14.86    
     6   93  1.928     0.2914     0.2538     0.2538      263.9     -14.97    
     1   94  1.946     0.3008     0.2444     0.2444      60.33      328.3    
     2   94  1.946     0.3008     0.2444     0.2444      63.06      297.9    
     3   94  1.946     0.3008     0.2444     0.2444      196.5      51.86    
     4   94  1.946     0.3008     0.2444     0.2444      213.6     -39.88    
     5   94  1.946     0.3008     0.2444     0.2444      263.1     -15.10    
     6   94  1.946     0.3008     0.2444     0.2444      263.9     -15.33    
     1   95  1.963     0.3102     0.2350     0.2350      61.47      321.1    
     2   95  1.963     0.3102     0.2350     0.2350      66.12      273.5    
     3   95  1.963     0.3102     0.2350     0.2350      194.9      47.92    
     4   95  1.963     0.3102     0.2350     0.2350      214.2     -35.21    
     5   95  1.963     0.3102     0.2350     0.2350      262.6     -15.43    
     6   95  1.963     0.3102     0.2350     0.2350      263.9     -15.81    
     1   96  1.980     0.3196     0.2256     0.2256      62.84      313.3    
     2   96  1.980     0.3196     0.2256     0.2256      69.77      248.9    
     3   96  1.980     0.3196     0.2256     0.2256      193.0      44.48    
     4   96  1.980     0.3196     0.2256     0.2256      214.9     -30.93    
     5   96  1.980     0.3196     0.2256     0.2256      261.8     -15.86    
     6   96  1.980     0.3196     0.2256     0.2256      263.9     -16.39    
     1   97  1.997     0.3290     0.2162     0.2162      64.38      305.6    
     2   97  1.997     0.3290     0.2162     0.2162      73.83      226.2    
     3   97  1.997     0.3290     0.2162     0.2162      190.9      41.64    
     4   97  1.997     0.3290     0.2162     0.2162      215.6     -27.21    
     5   97  1.997     0.3290     0.2162     0.2162      261.0     -16.40    
     6   97  1.997     0.3290     0.2162     0.2162      263.8     -17.05    
     1   98  2.015     0.3384     0.2068     0.2068      66.02      298.5    
     2   98  2.015     0.3384     0.2068     0.2068      78.14      206.6    
     3   98  2.015     0.3384     0.2068     0.2068      188.6      39.29    
     4   98  2.015     0.3384     0.2068     0.2068      216.3     -24.04    
     5   98  2.015     0.3384     0.2068     0.2068      260.0     -17.03    
     6   98  2.015     0.3384     0.2068     0.2068      263.7     -17.75    
     1   99  2.032     0.3478     0.1974     0.1974      67.70      292.7    
     2   99  2.032     0.3478     0.1974     0.1974      82.56      190.6    
     3   99  2.032     0.3478     0.1974     0.1974      186.2      37.27    
     4   99  2.032     0.3478     0.1974     0.1974      217.1     -21.38    
     5   99  2.032     0.3478     0.1974     0.1974      259.0     -17.77    
     6   99  2.032     0.3478     0.1974     0.1974      263.6     -18.49    
     1  100  2.049     0.3572     0.1880     0.1880      69.36      288.3    
     2  100  2.049     0.3572     0.1880     0.1880      86.91      178.5    
     3  100  2.049     0.3572     0.1880     0.1880      183.8      35.35    
     4  100  2.049     0.3572     0.1880     0.1880      217.8     -19.13    
     5  100  2.049     0.3572     0.1880     0.1880      257.8     -18.61    
     6  100  2.049     0.3572     0.1880     0.1880      263.4     -19.25    
     1  101  2.066     0.3666     0.1786     0.1786      70.94      285.6    
     2  101  2.066     0.3666     0.1786     0.1786      91.04      170.1    
     3  101  2.066     0.3666     0.1786     0.1786      181.5      33.31    
     4  101  2.066     0.3666     0.1786     0.1786      218.6     -17.22    
     5  101  2.066     0.3666     0.1786     0.1786      256.7     -19.55    
     6  101  2.066     0.3666     0.1786     0.1786      263.1     -20.01    
     1  102  2.084     0.3760     0.1692     0.1692      72.39      284.8    
     2  102  2.084     0.3760     0.1692     0.1692      94.79      165.5    
     3  102  2.084     0.3760     0.1692     0.1692      179.4      30.94    
     4  102  2.084     0.3760     0.1692     0.1692      219.4     -15.59    
     5  102  2.084     0.3760     0.1692     0.1692      255.5     -20.58    
     6  102  2.084     0.3760     0.1692     0.1692      262.7     -20.77    
     1  103  2.101     0.3854     0.1598     0.1598      73.67      285.9    
     2  103  2.101     0.3854     0.1598     0.1598      97.98      164.5    
     3  103  2.101     0.3854     0.1598     0.1598      177.7      28.08    
     4  103  2.101     0.3854     0.1598     0.1598      220.2     -14.17    
     5  103  2.101     0.3854     0.1598     0.1598      254.3     -21.69    
     6  103  2.101     0.3854     0.1598     0.1598      262.2     -21.52    
     1  104  2.118     0.3948     0.1504     0.1504      74.74      289.0    
     2  104  2.118     0.3948     0.1504     0.1504      100.4      167.0    
     3  104  2.118     0.3948     0.1504     0.1504      176.5      24.71    
     4  104  2.118     0.3948     0.1504     0.1504      221.0     -12.92    
     5  104  2.118     0.3948     0.1504     0.1504      253.1     -22.87    
     6  104  2.118     0.3948     0.1504     0.1504      261.5     -22.27    
     1  105  2.135     0.4042     0.1410     0.1410      75.58      294.1    
     2  105  2.135     0.4042     0.1410     0.1410      102.0      172.7    
     3  105  2.135     0.4042     0.1410     0.1410      175.9      20.96    
     4  105  2.135     0.4042     0.1410     0.1410      221.7     -11.80    
     5  105  2.135     0.4042     0.1410     0.1410      251.9     -24.11    
     6  105  2.135     0.4042     0.1410     0.1410      260.8     -23.02    
     1  106  2.152     0.4136     0.1316     0.1316      76.17      301.1    
     2  106  2.152     0.4136     0.1316     0.1316      102.6      181.2    
     3  106  2.152     0.4136     0.1316     0.1316      176.2      17.13    
     4  106  2.152     0.4136     0.1316     0.1316      222.5     -10.76    
     5  106  2.152     0.4136     0.1316     0.1316      250.9     -25.38    
     6  106  2.152     0.4136     0.1316     0.1316      260.0     -23.77    
     1  107  2.170     0.4230     0.1222     0.1222      76.51      310.0    
     2  107  2.170     0.4230     0.1222     0.1222      102.1      192.3    
     3  107  2.170     0.4230     0.1222     0.1222      177.2      13.56    
     4  107  2.170     0.4230     0.1222     0.1222      223.2     -9.778    
     5  107  2.170     0.4230     0.1222     0.1222      249.9     -26.67    
     6  107  2.170     0.4230     0.1222     0.1222      259.0     -24.54    
     1  108  2.187     0.4324     0.1128     0.1128      76.59      320.9    
     2  108  2.187     0.4324     0.1128     0.1128      100.8      205.8    
     3  108  2.187     0.4324     0.1128     0.1128      179.0      10.51    
     4  108  2.187     0.4324     0.1128     0.1128      223.8     -8.821    
     5  108  2.187     0.4324     0.1128     0.1128      249.0     -27.94    
     6  108  2.187     0.4324     0.1128     0.1128      257.9     -25.35    
     1  109  2.204     0.4418     0.1034     0.1034      76.43      333.4    
     2  109  2.204     0.4418     0.1034     0.1034      98.60      221.7    
     3  109  2.204     0.4418     0.1034     0.1034      181.4      8.071    
     4  109  2.204     0.4418     0.1034     0.1034      224.4     -7.861    
     5  109  2.204     0.4418     0.1034     0.1034      248.2     -29.19    
     6  109  2.204     0.4418     0.1034     0.1034      256.7     -26.20    
     1  110  2.221     0.4512     0.9399E-01 0.9399E-01  76.05      347.6    
     2  110  2.221     0.4512     0.9399E-01 0.9399E-01  95.82      240.3    
     3  110  2.221     0.4512     0.9399E-01 0.9399E-01  184.3      6.188    
     4  110  2.221     0.4512     0.9399E-01 0.9399E-01  224.9     -6.872    
     5  110  2.221     0.4512     0.9399E-01 0.9399E-01  247.5     -30.38    
     6  110  2.221     0.4512     0.9399E-01 0.9399E-01  255.4     -27.13    
     1  111  2.239     0.4606     0.8459E-01 0.8459E-01  75.49      363.2    
     2  111  2.239     0.4606     0.8459E-01 0.8459E-01  92.59      261.6    
     3  111  2.239     0.4606     0.8459E-01 0.8459E-01  187.5      4.762    
     4  111  2.239     0.4606     0.8459E-01 0.8459E-01  225.3     -5.833    
     5  111  2.239     0.4606     0.8459E-01 0.8459E-01  246.9     -31.51    
     6  111  2.239     0.4606     0.8459E-01 0.8459E-01  254.0     -28.14    
     1  112  2.256     0.4700     0.7519E-01 0.7519E-01  74.79      379.9    
     2  112  2.256     0.4700     0.7519E-01 0.7519E-01  89.11      285.9    
     3  112  2.256     0.4700     0.7519E-01 0.7519E-01  191.0      3.689    
     4  112  2.256     0.4700     0.7519E-01 0.7519E-01  225.5     -4.729    
     5  112  2.256     0.4700     0.7519E-01 0.7519E-01  246.4     -32.54    
     6  112  2.256     0.4700     0.7519E-01 0.7519E-01  252.6     -29.24    
     1  113  2.273     0.4794     0.6579E-01 0.6579E-01  73.99      397.2    
     2  113  2.273     0.4794     0.6579E-01 0.6579E-01  85.54      313.2    
     3  113  2.273     0.4794     0.6579E-01 0.6579E-01  194.6      2.888    
     4  113  2.273     0.4794     0.6579E-01 0.6579E-01  225.6     -3.563    
     5  113  2.273     0.4794     0.6579E-01 0.6579E-01  246.0     -33.47    
     6  113  2.273     0.4794     0.6579E-01 0.6579E-01  251.1     -30.45    
     1  114  2.290     0.4888     0.5639E-01 0.5639E-01  73.15      414.5    
     2  114  2.290     0.4888     0.5639E-01 0.5639E-01  82.03      342.9    
     3  114  2.290     0.4888     0.5639E-01 0.5639E-01  198.3      2.301    
     4  114  2.290     0.4888     0.5639E-01 0.5639E-01  225.4     -2.359    
     5  114  2.290     0.4888     0.5639E-01 0.5639E-01  245.6     -34.29    
     6  114  2.290     0.4888     0.5639E-01 0.5639E-01  249.7     -31.73    
     1  115  2.308     0.4981     0.4700E-01 0.4700E-01  72.31      431.3    
     2  115  2.308     0.4981     0.4700E-01 0.4700E-01  78.74      374.1    
     3  115  2.308     0.4981     0.4700E-01 0.4700E-01  201.9      1.892    
     4  115  2.308     0.4981     0.4700E-01 0.4700E-01  225.0     -1.181    
     5  115  2.308     0.4981     0.4700E-01 0.4700E-01  245.4     -34.99    
     6  115  2.308     0.4981     0.4700E-01 0.4700E-01  248.4     -33.03    
     1  116  2.325     0.5075     0.3760E-01 0.3760E-01  71.54      446.7    
     2  116  2.325     0.5075     0.3760E-01 0.3760E-01  75.80      405.2    
     3  116  2.325     0.5075     0.3760E-01 0.3760E-01  205.4      1.637    
     4  116  2.325     0.5075     0.3760E-01 0.3760E-01  224.2     -.1228    
     5  116  2.325     0.5075     0.3760E-01 0.3760E-01  245.2     -35.56    
     6  116  2.325     0.5075     0.3760E-01 0.3760E-01  247.2     -34.24    
     1  117  2.342     0.5169     0.2820E-01 0.2820E-01  70.89      459.9    
     2  117  2.342     0.5169     0.2820E-01 0.2820E-01  73.35      434.0    
     3  117  2.342     0.5169     0.2820E-01 0.2820E-01  208.7      1.514    
     4  117  2.342     0.5169     0.2820E-01 0.2820E-01  223.1     0.7115    
     5  117  2.342     0.5169     0.2820E-01 0.2820E-01  245.0     -36.01    
     6  117  2.342     0.5169     0.2820E-01 0.2820E-01  246.2     -35.26    
     1  118  2.359     0.5263     0.1880E-01 0.1880E-01  70.38      470.1    
     2  118  2.359     0.5263     0.1880E-01 0.1880E-01  71.50      457.6    
     3  118  2.359     0.5263     0.1880E-01 0.1880E-01  211.9      1.497    
     4  118  2.359     0.5263     0.1880E-01 0.1880E-01  221.6      1.257    
     5  118  2.359     0.5263     0.1880E-01 0.1880E-01  244.9     -36.33    
     6  118  2.359     0.5263     0.1880E-01 0.1880E-01  245.4     -36.00    
     1  119  2.377     0.5357     0.9399E-02 0.9399E-02  70.07      476.5    
     2  119  2.377     0.5357     0.9399E-02 0.9399E-02  70.35      473.2    
     3  119  2.377     0.5357     0.9399E-02 0.9399E-02  214.8      1.543    
     4  119  2.377     0.5357     0.9399E-02 0.9399E-02  219.7      1.522    
     5  119  2.377     0.5357     0.9399E-02 0.9399E-02  244.8     -36.52    
     6  119  2.377     0.5357     0.9399E-02 0.9399E-02  245.0     -36.44    
     1  120  2.394     0.5451     0.9399E-10 0.9399E-10  69.96      478.7    
     2  120  2.394     0.5451     0.9399E-10 0.9399E-10  69.96      478.7    
     3  120  2.394     0.5451     0.9399E-10 0.9399E-10  217.4      1.582    
     4  120  2.394     0.5451     0.9399E-10 0.9399E-10  217.4      1.582    
     5  120  2.394     0.5451     0.9399E-10 0.9399E-10  244.8     -36.59    
     6  120  2.394     0.5451     0.9399E-10 0.9399E-10  244.8     -36.59    
     1  121  2.394     0.5451      0.000      0.000      69.96      478.7    
     2  121  2.394     0.5451      0.000      0.000      69.96      478.7    
     3  121  2.394     0.5451      0.000      0.000      217.4      1.582    
     4  121  2.394     0.5451      0.000      0.000      217.4      1.582    
     5  121  2.394     0.5451      0.000      0.000      244.8     -36.59    
     6  121  2.394     0.5451      0.000      0.000      244.8     -36.59    
     1  122  2.404     0.5451     0.9399E-02  0.000      70.05      477.3    
     2  122  2.404     0.5451     0.9399E-02  0.000      70.05      477.3    
     3  122  2.404     0.5451     0.9399E-02  0.000      217.3      1.558    
     4  122  2.404     0.5451     0.9399E-02  0.000      217.3      1.558    
     5  122  2.404     0.5451     0.9399E-02  0.000      244.9     -36.55    
     6  122  2.404     0.5451     0.9399E-02  0.000      244.9     -36.55    
     1  123  2.414     0.5451     0.1880E-01  0.000      70.34      473.3    
     2  123  2.414     0.5451     0.1880E-01  0.000      70.34      473.3    
     3  123  2.414     0.5451     0.1880E-01  0.000      217.1      1.487    
     4  123  2.414     0.5451     0.1880E-01  0.000      217.1      1.487    
     5  123  2.414     0.5451     0.1880E-01  0.000      245.0     -36.45    
     6  123  2.414     0.5451     0.1880E-01  0.000      245.0     -36.45    
     1  124  2.424     0.5451     0.2820E-01  0.000      70.82      466.7    
     2  124  2.424     0.5451     0.2820E-01  0.000      70.82      466.7    
     3  124  2.424     0.5451     0.2820E-01  0.000      216.8      1.380    
     4  124  2.424     0.5451     0.2820E-01  0.000      216.8      1.380    
     5  124  2.424     0.5451     0.2820E-01  0.000      245.2     -36.29    
     6  124  2.424     0.5451     0.2820E-01  0.000      245.2     -36.29    
     1  125  2.434     0.5451     0.3760E-01  0.000      71.48      457.9    
     2  125  2.434     0.5451     0.3760E-01  0.000      71.48      457.9    
     3  125  2.434     0.5451     0.3760E-01  0.000      216.3      1.249    
     4  125  2.434     0.5451     0.3760E-01  0.000      216.3      1.249    
     5  125  2.434     0.5451     0.3760E-01  0.000      245.4     -36.09    
     6  125  2.434     0.5451     0.3760E-01  0.000      245.4     -36.09    
     1  126  2.444     0.5451     0.4700E-01  0.000      72.31      447.1    
     2  126  2.444     0.5451     0.4700E-01  0.000      72.31      447.1    
     3  126  2.444     0.5451     0.4700E-01  0.000      215.7      1.108    
     4  126  2.444     0.5451     0.4700E-01  0.000      215.7      1.108    
     5  126  2.444     0.5451     0.4700E-01  0.000      245.7     -35.85    
     6  126  2.444     0.5451     0.4700E-01  0.000      245.7     -35.85    
     1  127  2.454     0.5451     0.5639E-01  0.000      73.30      434.8    
     2  127  2.454     0.5451     0.5639E-01  0.000      73.30      434.8    
     3  127  2.454     0.5451     0.5639E-01  0.000      215.0     0.9706    
     4  127  2.454     0.5451     0.5639E-01  0.000      215.0     0.9706    
     5  127  2.454     0.5451     0.5639E-01  0.000      246.1     -35.61    
     6  127  2.454     0.5451     0.5639E-01  0.000      246.1     -35.61    
     1  128  2.464     0.5451     0.6579E-01  0.000      74.43      421.2    
     2  128  2.464     0.5451     0.6579E-01  0.000      74.43      421.2    
     3  128  2.464     0.5451     0.6579E-01  0.000      214.2     0.8487    
     4  128  2.464     0.5451     0.6579E-01  0.000      214.2     0.8487    
     5  128  2.464     0.5451     0.6579E-01  0.000      246.5     -35.36    
     6  128  2.464     0.5451     0.6579E-01  0.000      246.5     -35.36    
     1  129  2.473     0.5451     0.7519E-01  0.000      75.70      406.8    
     2  129  2.473     0.5451     0.7519E-01  0.000      75.70      406.8    
     3  129  2.473     0.5451     0.7519E-01  0.000      213.3     0.7505    
     4  129  2.473     0.5451     0.7519E-01  0.000      213.3     0.7505    
     5  129  2.473     0.5451     0.7519E-01  0.000      246.9     -35.11    
     6  129  2.473     0.5451     0.7519E-01  0.000      246.9     -35.11    
     1  130  2.483     0.5451     0.8459E-01  0.000      77.08      391.9    
     2  130  2.483     0.5451     0.8459E-01  0.000      77.08      391.9    
     3  130  2.483     0.5451     0.8459E-01  0.000      212.4     0.6816    
     4  130  2.483     0.5451     0.8459E-01  0.000      212.4     0.6816    
     5  130  2.483     0.5451     0.8459E-01  0.000      247.4     -34.89    
     6  130  2.483     0.5451     0.8459E-01  0.000      247.4     -34.89    
     1  131  2.493     0.5451     0.9399E-01  0.000      78.56      376.9    
     2  131  2.493     0.5451     0.9399E-01  0.000      78.56      376.9    
     3  131  2.493     0.5451     0.9399E-01  0.000      211.4     0.6445    
     4  131  2.493     0.5451     0.9399E-01  0.000      211.4     0.6445    
     5  131  2.493     0.5451     0.9399E-01  0.000      247.8     -34.68    
     6  131  2.493     0.5451     0.9399E-01  0.000      247.8     -34.68    
     1  132  2.503     0.5451     0.1034      0.000      80.11      361.9    
     2  132  2.503     0.5451     0.1034      0.000      80.11      361.9    
     3  132  2.503     0.5451     0.1034      0.000      210.3     0.6394    
     4  132  2.503     0.5451     0.1034      0.000      210.3     0.6394    
     5  132  2.503     0.5451     0.1034      0.000      248.3     -34.50    
     6  132  2.503     0.5451     0.1034      0.000      248.3     -34.50    
     1  133  2.513     0.5451     0.1128      0.000      81.73      347.3    
     2  133  2.513     0.5451     0.1128      0.000      81.73      347.3    
     3  133  2.513     0.5451     0.1128      0.000      209.2     0.6645    
     4  133  2.513     0.5451     0.1128      0.000      209.2     0.6645    
     5  133  2.513     0.5451     0.1128      0.000      248.8     -34.34    
     6  133  2.513     0.5451     0.1128      0.000      248.8     -34.34    
     1  134  2.523     0.5451     0.1222      0.000      83.40      333.2    
     2  134  2.523     0.5451     0.1222      0.000      83.40      333.2    
     3  134  2.523     0.5451     0.1222      0.000      208.1     0.7166    
     4  134  2.523     0.5451     0.1222      0.000      208.1     0.7166    
     5  134  2.523     0.5451     0.1222      0.000      249.2     -34.20    
     6  134  2.523     0.5451     0.1222      0.000      249.2     -34.20    
     1  135  2.533     0.5451     0.1316      0.000      85.09      319.7    
     2  135  2.533     0.5451     0.1316      0.000      85.09      319.7    
     3  135  2.533     0.5451     0.1316      0.000      207.0     0.7919    
     4  135  2.533     0.5451     0.1316      0.000      207.0     0.7919    
     5  135  2.533     0.5451     0.1316      0.000      249.7     -34.08    
     6  135  2.533     0.5451     0.1316      0.000      249.7     -34.08    
     1  136  2.543     0.5451     0.1410      0.000      86.79      307.0    
     2  136  2.543     0.5451     0.1410      0.000      86.79      307.0    
     3  136  2.543     0.5451     0.1410      0.000      205.8     0.8856    
     4  136  2.543     0.5451     0.1410      0.000      205.8     0.8856    
     5  136  2.543     0.5451     0.1410      0.000      250.1     -33.98    
     6  136  2.543     0.5451     0.1410      0.000      250.1     -33.98    
     1  137  2.553     0.5451     0.1504      0.000      88.47      295.1    
     2  137  2.553     0.5451     0.1504      0.000      88.47      295.1    
     3  137  2.553     0.5451     0.1504      0.000      204.7     0.9928    
     4  137  2.553     0.5451     0.1504      0.000      204.7     0.9928    
     5  137  2.553     0.5451     0.1504      0.000      250.5     -33.90    
     6  137  2.553     0.5451     0.1504      0.000      250.5     -33.90    
     1  138  2.563     0.5451     0.1598      0.000      90.13      284.2    
     2  138  2.563     0.5451     0.1598      0.000      90.13      284.2    
     3  138  2.563     0.5451     0.1598      0.000      203.6      1.108    
     4  138  2.563     0.5451     0.1598      0.000      203.6      1.108    
     5  138  2.563     0.5451     0.1598      0.000      250.9     -33.83    
     6  138  2.563     0.5451     0.1598      0.000      250.9     -33.83    
     1  139  2.573     0.5451     0.1692      0.000      91.75      274.1    
     2  139  2.573     0.5451     0.1692      0.000      91.75      274.1    
     3  139  2.573     0.5451     0.1692      0.000      202.5      1.228    
     4  139  2.573     0.5451     0.1692      0.000      202.5      1.228    
     5  139  2.573     0.5451     0.1692      0.000      251.3     -33.78    
     6  139  2.573     0.5451     0.1692      0.000      251.3     -33.78    
     1  140  2.583     0.5451     0.1786      0.000      93.30      264.9    
     2  140  2.583     0.5451     0.1786      0.000      93.30      264.9    
     3  140  2.583     0.5451     0.1786      0.000      201.4      1.346    
     4  140  2.583     0.5451     0.1786      0.000      201.4      1.346    
     5  140  2.583     0.5451     0.1786      0.000      251.6     -33.74    
     6  140  2.583     0.5451     0.1786      0.000      251.6     -33.74    
     1  141  2.593     0.5451     0.1880      0.000      94.77      256.7    
     2  141  2.593     0.5451     0.1880      0.000      94.77      256.7    
     3  141  2.593     0.5451     0.1880      0.000      200.4      1.460    
     4  141  2.593     0.5451     0.1880      0.000      200.4      1.460    
     5  141  2.593     0.5451     0.1880      0.000      251.9     -33.71    
     6  141  2.593     0.5451     0.1880      0.000      251.9     -33.71    
     1  142  2.603     0.5451     0.1974      0.000      96.14      249.4    
     2  142  2.603     0.5451     0.1974      0.000      96.14      249.4    
     3  142  2.603     0.5451     0.1974      0.000      199.5      1.565    
     4  142  2.603     0.5451     0.1974      0.000      199.5      1.565    
     5  142  2.603     0.5451     0.1974      0.000      252.2     -33.68    
     6  142  2.603     0.5451     0.1974      0.000      252.2     -33.68    
     1  143  2.613     0.5451     0.2068      0.000      97.40      242.9    
     2  143  2.613     0.5451     0.2068      0.000      97.40      242.9    
     3  143  2.613     0.5451     0.2068      0.000      198.6      1.659    
     4  143  2.613     0.5451     0.2068      0.000      198.6      1.659    
     5  143  2.613     0.5451     0.2068      0.000      252.5     -33.66    
     6  143  2.613     0.5451     0.2068      0.000      252.5     -33.66    
     1  144  2.623     0.5451     0.2162      0.000      98.53      237.4    
     2  144  2.623     0.5451     0.2162      0.000      98.53      237.4    
     3  144  2.623     0.5451     0.2162      0.000      197.8      1.741    
     4  144  2.623     0.5451     0.2162      0.000      197.8      1.741    
     5  144  2.623     0.5451     0.2162      0.000      252.7     -33.65    
     6  144  2.623     0.5451     0.2162      0.000      252.7     -33.65    
     1  145  2.633     0.5451     0.2256      0.000      99.51      232.8    
     2  145  2.633     0.5451     0.2256      0.000      99.51      232.8    
     3  145  2.633     0.5451     0.2256      0.000      197.1      1.810    
     4  145  2.633     0.5451     0.2256      0.000      197.1      1.810    
     5  145  2.633     0.5451     0.2256      0.000      252.9     -33.64    
     6  145  2.633     0.5451     0.2256      0.000      252.9     -33.64    
     1  146  2.643     0.5451     0.2350      0.000      100.3      229.1    
     2  146  2.643     0.5451     0.2350      0.000      100.3      229.1    
     3  146  2.643     0.5451     0.2350      0.000      196.5      1.865    
     4  146  2.643     0.5451     0.2350      0.000      196.5      1.865    
     5  146  2.643     0.5451     0.2350      0.000      253.1     -33.63    
     6  146  2.643     0.5451     0.2350      0.000      253.1     -33.63    
     1  147  2.653     0.5451     0.2444      0.000      101.0      226.2    
     2  147  2.653     0.5451     0.2444      0.000      101.0      226.2    
     3  147  2.653     0.5451     0.2444      0.000      196.1      1.906    
     4  147  2.653     0.5451     0.2444      0.000      196.1      1.906    
     5  147  2.653     0.5451     0.2444      0.000      253.2     -33.63    
     6  147  2.653     0.5451     0.2444      0.000      253.2     -33.63    
     1  148  2.663     0.5451     0.2538      0.000      101.5      224.1    
     2  148  2.663     0.5451     0.2538      0.000      101.5      224.1    
     3  148  2.663     0.5451     0.2538      0.000      195.7      1.935    
     4  148  2.663     0.5451     0.2538      0.000      195.7      1.935    
     5  148  2.663     0.5451     0.2538      0.000      253.3     -33.63    
     6  148  2.663     0.5451     0.2538      0.000      253.3     -33.63    
     1  149  2.673     0.5451     0.2632      0.000      101.8      222.9    
     2  149  2.673     0.5451     0.2632      0.000      101.8      222.9    
     3  149  2.673     0.5451     0.2632      0.000      195.5      1.952    
     4  149  2.673     0.5451     0.2632      0.000      195.5      1.952    
     5  149  2.673     0.5451     0.2632      0.000      253.3     -33.62    
     6  149  2.673     0.5451     0.2632      0.000      253.3     -33.62    
     1  150  2.683     0.5451     0.2726      0.000      101.9      222.4    
     2  150  2.683     0.5451     0.2726      0.000      101.9      222.4    
     3  150  2.683     0.5451     0.2726      0.000      195.5      1.957    
     4  150  2.683     0.5451     0.2726      0.000      195.5      1.957    
     5  150  2.683     0.5451     0.2726      0.000      253.3     -33.62    
     6  150  2.683     0.5451     0.2726      0.000      253.3     -33.62    
     1  151  2.683     0.5451     0.2726      0.000      101.9      222.4    
     2  151  2.683     0.5451     0.2726      0.000      101.9      222.4    
     3  151  2.683     0.5451     0.2726      0.000      195.5      1.957    
     4  151  2.683     0.5451     0.2726      0.000      195.5      1.957    
     5  151  2.683     0.5451     0.2726      0.000      253.3     -33.62    
     6  151  2.683     0.5451     0.2726      0.000      253.3     -33.62    
     1  152  2.697     0.5357     0.2726     0.9399E-02  100.5      224.6    
     2  152  2.697     0.5357     0.2726     0.9399E-02  103.2      219.9    
     3  152  2.697     0.5357     0.2726     0.9399E-02  194.3      3.580    
     4  152  2.697     0.5357     0.2726     0.9399E-02  196.6     0.3063    
     5  152  2.697     0.5357     0.2726     0.9399E-02  252.8     -33.31    
     6  152  2.697     0.5357     0.2726     0.9399E-02  254.0     -33.78    
     1  153  2.711     0.5263     0.2726     0.1880E-01  99.03      226.5    
     2  153  2.711     0.5263     0.2726     0.1880E-01  104.5      217.0    
     3  153  2.711     0.5263     0.2726     0.1880E-01  193.0      5.214    
     4  153  2.711     0.5263     0.2726     0.1880E-01  197.7     -1.401    
     5  153  2.711     0.5263     0.2726     0.1880E-01  252.3     -32.86    
     6  153  2.711     0.5263     0.2726     0.1880E-01  254.7     -33.79    
     1  154  2.725     0.5169     0.2726     0.2820E-01  97.58      228.1    
     2  154  2.725     0.5169     0.2726     0.2820E-01  105.7      213.8    
     3  154  2.725     0.5169     0.2726     0.2820E-01  191.8      6.915    
     4  154  2.725     0.5169     0.2726     0.2820E-01  198.8     -3.183    
     5  154  2.725     0.5169     0.2726     0.2820E-01  251.9     -32.26    
     6  154  2.725     0.5169     0.2726     0.2820E-01  255.4     -33.65    
     1  155  2.739     0.5075     0.2726     0.3760E-01  96.12      229.5    
     2  155  2.739     0.5075     0.2726     0.3760E-01  106.8      210.2    
     3  155  2.739     0.5075     0.2726     0.3760E-01  190.6      8.751    
     4  155  2.739     0.5075     0.2726     0.3760E-01  199.7     -5.045    
     5  155  2.739     0.5075     0.2726     0.3760E-01  251.6     -31.53    
     6  155  2.739     0.5075     0.2726     0.3760E-01  256.2     -33.37    
     1  156  2.753     0.4981     0.2726     0.4700E-01  94.64      230.7    
     2  156  2.753     0.4981     0.2726     0.4700E-01  107.7      206.3    
     3  156  2.753     0.4981     0.2726     0.4700E-01  189.4      10.80    
     4  156  2.753     0.4981     0.2726     0.4700E-01  200.7     -6.990    
     5  156  2.753     0.4981     0.2726     0.4700E-01  251.4     -30.69    
     6  156  2.753     0.4981     0.2726     0.4700E-01  256.9     -32.98    
     1  157  2.767     0.4888     0.2726     0.5639E-01  93.13      231.8    
     2  157  2.767     0.4888     0.2726     0.5639E-01  108.4      202.2    
     3  157  2.767     0.4888     0.2726     0.5639E-01  188.3      13.13    
     4  157  2.767     0.4888     0.2726     0.5639E-01  201.6     -9.014    
     5  157  2.767     0.4888     0.2726     0.5639E-01  251.3     -29.77    
     6  157  2.767     0.4888     0.2726     0.5639E-01  257.7     -32.47    
     1  158  2.781     0.4794     0.2726     0.6579E-01  91.60      232.9    
     2  158  2.781     0.4794     0.2726     0.6579E-01  108.8      197.7    
     3  158  2.781     0.4794     0.2726     0.6579E-01  187.3      15.82    
     4  158  2.781     0.4794     0.2726     0.6579E-01  202.4     -11.11    
     5  158  2.781     0.4794     0.2726     0.6579E-01  251.3     -28.78    
     6  158  2.781     0.4794     0.2726     0.6579E-01  258.4     -31.86    
     1  159  2.795     0.4700     0.2726     0.7519E-01  90.04      234.0    
     2  159  2.795     0.4700     0.2726     0.7519E-01  108.9      193.1    
     3  159  2.795     0.4700     0.2726     0.7519E-01  186.5      18.90    
     4  159  2.795     0.4700     0.2726     0.7519E-01  203.3     -13.27    
     5  159  2.795     0.4700     0.2726     0.7519E-01  251.5     -27.75    
     6  159  2.795     0.4700     0.2726     0.7519E-01  259.1     -31.16    
     1  160  2.809     0.4606     0.2726     0.8459E-01  88.43      235.3    
     2  160  2.809     0.4606     0.2726     0.8459E-01  108.6      188.5    
     3  160  2.809     0.4606     0.2726     0.8459E-01  185.9      22.35    
     4  160  2.809     0.4606     0.2726     0.8459E-01  204.1     -15.49    
     5  160  2.809     0.4606     0.2726     0.8459E-01  251.8     -26.70    
     6  160  2.809     0.4606     0.2726     0.8459E-01  259.8     -30.38    
     1  161  2.823     0.4512     0.2726     0.9399E-01  86.79      236.8    
     2  161  2.823     0.4512     0.2726     0.9399E-01  107.9      184.1    
     3  161  2.823     0.4512     0.2726     0.9399E-01  185.6      26.13    
     4  161  2.823     0.4512     0.2726     0.9399E-01  204.8     -17.76    
     5  161  2.823     0.4512     0.2726     0.9399E-01  252.2     -25.65    
     6  161  2.823     0.4512     0.2726     0.9399E-01  260.4     -29.54    
     1  162  2.837     0.4418     0.2726     0.1034      85.10      238.6    
     2  162  2.837     0.4418     0.2726     0.1034      106.8      180.1    
     3  162  2.837     0.4418     0.2726     0.1034      185.5      30.11    
     4  162  2.837     0.4418     0.2726     0.1034      205.6     -20.06    
     5  162  2.837     0.4418     0.2726     0.1034      252.6     -24.62    
     6  162  2.837     0.4418     0.2726     0.1034      260.9     -28.64    
     1  163  2.851     0.4324     0.2726     0.1128      83.36      240.9    
     2  163  2.851     0.4324     0.2726     0.1128      105.2      176.7    
     3  163  2.851     0.4324     0.2726     0.1128      185.7      34.14    
     4  163  2.851     0.4324     0.2726     0.1128      206.3     -22.38    
     5  163  2.851     0.4324     0.2726     0.1128      253.2     -23.62    
     6  163  2.851     0.4324     0.2726     0.1128      261.4     -27.69    
     1  164  2.866     0.4230     0.2726     0.1222      81.57      243.7    
     2  164  2.866     0.4230     0.2726     0.1222      103.2      174.4    
     3  164  2.866     0.4230     0.2726     0.1222      186.1      38.08    
     4  164  2.866     0.4230     0.2726     0.1222      207.0     -24.71    
     5  164  2.866     0.4230     0.2726     0.1222      253.8     -22.65    
     6  164  2.866     0.4230     0.2726     0.1222      261.9     -26.70    
     1  165  2.880     0.4136     0.2726     0.1316      79.74      247.0    
     2  165  2.880     0.4136     0.2726     0.1316      100.8      173.4    
     3  165  2.880     0.4136     0.2726     0.1316      186.7      41.78    
     4  165  2.880     0.4136     0.2726     0.1316      207.6     -27.04    
     5  165  2.880     0.4136     0.2726     0.1316      254.6     -21.73    
     6  165  2.880     0.4136     0.2726     0.1316      262.3     -25.67    
     1  166  2.894     0.4042     0.2726     0.1410      77.87      251.0    
     2  166  2.894     0.4042     0.2726     0.1410      97.99      173.8    
     3  166  2.894     0.4042     0.2726     0.1410      187.6      45.14    
     4  166  2.894     0.4042     0.2726     0.1410      208.2     -29.36    
     5  166  2.894     0.4042     0.2726     0.1410      255.3     -20.86    
     6  166  2.894     0.4042     0.2726     0.1410      262.6     -24.63    
     1  167  2.908     0.3948     0.2726     0.1504      75.98      255.7    
     2  167  2.908     0.3948     0.2726     0.1504      94.89      176.1    
     3  167  2.908     0.3948     0.2726     0.1504      188.6      48.11    
     4  167  2.908     0.3948     0.2726     0.1504      208.8     -31.63    
     5  167  2.908     0.3948     0.2726     0.1504      256.1     -20.04    
     6  167  2.908     0.3948     0.2726     0.1504      262.9     -23.58    
     1  168  2.922     0.3854     0.2726     0.1598      74.07      261.2    
     2  168  2.922     0.3854     0.2726     0.1598      91.54      180.3    
     3  168  2.922     0.3854     0.2726     0.1598      189.7      50.65    
     4  168  2.922     0.3854     0.2726     0.1598      209.4     -33.86    
     5  168  2.922     0.3854     0.2726     0.1598      257.0     -19.28    
     6  168  2.922     0.3854     0.2726     0.1598      263.1     -22.53    
     1  169  2.936     0.3760     0.2726     0.1692      72.17      267.4    
     2  169  2.936     0.3760     0.2726     0.1692      87.99      186.6    
     3  169  2.936     0.3760     0.2726     0.1692      190.8      52.79    
     4  169  2.936     0.3760     0.2726     0.1692      209.9     -36.01    
     5  169  2.936     0.3760     0.2726     0.1692      257.8     -18.57    
     6  169  2.936     0.3760     0.2726     0.1692      263.3     -21.49    
     1  170  2.950     0.3666     0.2726     0.1786      70.29      274.3    
     2  170  2.950     0.3666     0.2726     0.1786      84.32      195.3    
     3  170  2.950     0.3666     0.2726     0.1786      192.0      54.56    
     4  170  2.950     0.3666     0.2726     0.1786      210.3     -38.07    
     5  170  2.950     0.3666     0.2726     0.1786      258.7     -17.91    
     6  170  2.950     0.3666     0.2726     0.1786      263.5     -20.48    
     1  171  2.964     0.3572     0.2726     0.1880      68.45      281.9    
     2  171  2.964     0.3572     0.2726     0.1880      80.60      206.3    
     3  171  2.964     0.3572     0.2726     0.1880      193.1      55.99    
     4  171  2.964     0.3572     0.2726     0.1880      210.8     -40.02    
     5  171  2.964     0.3572     0.2726     0.1880      259.5     -17.32    
     6  171  2.964     0.3572     0.2726     0.1880      263.6     -19.51    
     1  172  2.978     0.3478     0.2726     0.1974      66.69      290.1    
     2  172  2.978     0.3478     0.2726     0.1974      76.91      219.7    
     3  172  2.978     0.3478     0.2726     0.1974      194.2      57.13    
     4  172  2.978     0.3478     0.2726     0.1974      211.2     -41.83    
     5  172  2.978     0.3478     0.2726     0.1974      260.3     -16.78    
     6  172  2.978     0.3478     0.2726     0.1974      263.7     -18.59    
     1  173  2.992     0.3384     0.2726     0.2068      65.03      298.6    
     2  173  2.992     0.3384     0.2726     0.2068      73.32      235.5    
     3  173  2.992     0.3384     0.2726     0.2068      195.2      58.03    
     4  173  2.992     0.3384     0.2726     0.2068      211.5     -43.49    
     5  173  2.992     0.3384     0.2726     0.2068      261.1     -16.29    
     6  173  2.992     0.3384     0.2726     0.2068      263.8     -17.74    
     1  174  3.006     0.3290     0.2726     0.2162      63.50      307.2    
     2  174  3.006     0.3290     0.2726     0.2162      69.93      253.3    
     3  174  3.006     0.3290     0.2726     0.2162      196.1      58.73    
     4  174  3.006     0.3290     0.2726     0.2162      211.8     -44.97    
     5  174  3.006     0.3290     0.2726     0.2162      261.8     -15.87    
     6  174  3.006     0.3290     0.2726     0.2162      263.8     -16.97    
     1  175  3.020     0.3196     0.2726     0.2256      62.14      315.5    
     2  175  3.020     0.3196     0.2726     0.2256      66.82      272.5    
     3  175  3.020     0.3196     0.2726     0.2256      196.9      59.26    
     4  175  3.020     0.3196     0.2726     0.2256      212.1     -46.27    
     5  175  3.020     0.3196     0.2726     0.2256      262.4     -15.51    
     6  175  3.020     0.3196     0.2726     0.2256      263.8     -16.29    
     1  176  3.034     0.3102     0.2726     0.2350      60.97      323.2    
     2  176  3.034     0.3102     0.2726     0.2350      64.09      292.1    
     3  176  3.034     0.3102     0.2726     0.2350      197.5      59.65    
     4  176  3.034     0.3102     0.2726     0.2350      212.3     -47.35    
     5  176  3.034     0.3102     0.2726     0.2350      262.9     -15.21    
     6  176  3.034     0.3102     0.2726     0.2350      263.9     -15.72    
     1  177  3.049     0.3008     0.2726     0.2444      60.02      329.8    
     2  177  3.049     0.3008     0.2726     0.2444      61.84      310.4    
     3  177  3.049     0.3008     0.2726     0.2444      198.1      59.93    
     4  177  3.049     0.3008     0.2726     0.2444      212.4     -48.20    
     5  177  3.049     0.3008     0.2726     0.2444      263.4     -14.97    
     6  177  3.049     0.3008     0.2726     0.2444      263.9     -15.27    
     1  178  3.063     0.2914     0.2726     0.2538      59.33      334.9    
     2  178  3.063     0.2914     0.2726     0.2538      60.16      325.6    
     3  178  3.063     0.2914     0.2726     0.2538      198.4      60.12    
     4  178  3.063     0.2914     0.2726     0.2538      212.6     -48.82    
     5  178  3.063     0.2914     0.2726     0.2538      263.7     -14.81    
     6  178  3.063     0.2914     0.2726     0.2538      263.9     -14.94    
     1  179  3.077     0.2820     0.2726     0.2632      58.90      338.1    
     2  179  3.077     0.2820     0.2726     0.2632      59.11      335.7    
     3  179  3.077     0.2820     0.2726     0.2632      198.7      60.22    
     4  179  3.077     0.2820     0.2726     0.2632      212.6     -49.20    
     5  179  3.077     0.2820     0.2726     0.2632      263.8     -14.70    
     6  179  3.077     0.2820     0.2726     0.2632      263.9     -14.74    
     1  180  3.091     0.2726     0.2726     0.2726      58.76      339.2    
     2  180  3.091     0.2726     0.2726     0.2726      58.76      339.2    
     3  180  3.091     0.2726     0.2726     0.2726      198.7      60.26    
     4  180  3.091     0.2726     0.2726     0.2726      212.6     -49.33    
     5  180  3.091     0.2726     0.2726     0.2726      263.9     -14.67    
     6  180  3.091     0.2726     0.2726     0.2726      263.9     -14.67    
