     1     1 -.27257     -.27257     -.27257      58.761     0.28999E-08 0.33460E-08 0.89228E-09 0.45168E-08
     1     2 -.23363     -.23363     -.31151      61.656      648.92      648.92     -1301.3      1592.4    
     1     3 -.19469     -.19469     -.35045      68.180      839.65      839.65     -1668.7      2048.1    
     1     4 -.15576     -.15576     -.38939      74.159      557.15      557.15     -1069.9      1328.7    
     1     5 -.11682     -.11682     -.42833      76.582      49.597      49.597     -23.516      73.978    
     1     6 -.77878E-01 -.77878E-01 -.46727      75.001     -343.59     -343.59      773.63      913.57    
     1     7 -.38939E-01 -.38939E-01 -.50621      71.649     -354.84     -354.84      768.77      918.06    
     1     8  0.0000      0.0000     -.54514      69.957     -.44614E-08 -.31230E-08 -.26768E-08 0.60681E-08
     1     9 -.19469     -.27257     -.27257      62.921      1830.6     -379.80     -379.70      1907.8    
     1    10 -.15576     -.23363     -.31151      68.090      2225.4     -254.48     -1185.4      2534.2    
     1    11 -.11682     -.19469     -.35045      74.842      2210.4     -366.65     -1214.2      2548.5    
     1    12 -.77878E-01 -.15576     -.38939      79.688      2019.3     -965.75     -412.85      2276.1    
     1    13 -.38939E-01 -.11682     -.42833      80.693      1890.9     -1748.4      572.39      2638.2    
     1    14  0.0000     -.77878E-01 -.46727      78.567     -.22307E-08 -2261.6      1029.9      2485.1    
     1    15 0.38939E-01 -.38939E-01 -.50621      71.649      354.84     -355.29      768.78      918.25    
     1    16 0.77878E-01  0.0000     -.54514      76.082      2720.3     -.81761E-01 0.31644      2720.3    
     1    17 0.11682     0.38939E-01 -.58408      78.329      2584.6     -1672.3     -389.53      3102.9    
     1    18 0.15576     0.77878E-01 -.62302      80.376      1975.2     -1541.3      4.5220      2505.4    
     1    19 0.19469     0.11682     -.66196      79.374      1133.5     -1681.3      929.29      2230.5    
     1    20 0.23363     0.15576     -.70090      74.410      381.16     -1837.5      1726.7      2550.1    
     1    21 0.27257     0.19469     -.73984      67.183     0.37744E-01 -1747.6      1747.5      2471.4    
     1    22 -.11682     -.27257     -.27257      71.642      2094.8     -647.51     -647.51      2286.2    
     1    23 -.77878E-01 -.23363     -.31151      77.181      1833.2     -111.36     -1439.9      2333.8    
     1    24 -.38939E-01 -.19469     -.35045      83.718      1588.9     -187.46     -1473.2      2174.9    
     1    25  0.0000     -.15576     -.38939      87.514     0.44614E-09 -885.05     -754.18      1162.8    
     1    26 0.38939E-01 -.11682     -.42833      80.693     -1890.9     -1748.2      572.61      2638.1    
     1    27 0.77878E-01 -.77878E-01 -.46727      75.001      343.59     -343.54      773.66      913.57    
     1    28 0.11682     -.38939E-01 -.50621      78.329      2584.6      1672.4      389.68      3103.0    
     1    29 0.15576      0.0000     -.54514      89.426      3323.4     0.15558     -.15468      3323.4    
     1    30 0.19469     0.38939E-01 -.58408      89.861      2565.6     -2478.4      192.60      3572.4    
     1    31 0.23363     0.77878E-01 -.62302      88.149      1316.4     -2057.4      966.47      2626.8    
     1    32 0.27257     0.11682     -.66196      82.595     0.25227E-01 -1787.6      1787.6      2528.1    
     1    33 -.38939E-01 -.27257     -.27257      78.185      887.16     -788.09     -787.98      1424.5    
     1    34  0.0000     -.23363     -.31151      81.232     -.49075E-08  136.13     -1725.8      1731.2    
     1    35 0.38939E-01 -.19469     -.35045      83.718     -1588.9     -187.54     -1473.4      2175.0    
     1    36 0.77878E-01 -.15576     -.38939      79.688     -2019.3     -965.77     -412.94      2276.2    
     1    37 0.11682     -.11682     -.42833      76.582     -49.597      50.157     -23.480      74.343    
     1    38 0.15576     -.77878E-01 -.46727      80.376      1975.2      1541.5     -4.2313      2505.5    
     1    39 0.19469     -.38939E-01 -.50621      89.861      2565.6      2478.5     -192.48      3572.5    
     1    40 0.23363      0.0000     -.54514      100.23      1534.4     -.53566E-01 -.53513E-01  1534.4    
     1    41 0.27257     0.38939E-01 -.58408      95.908     -.33988E-01 -1478.1      1478.1      2090.4    
     1    42 0.38939E-01 -.27257     -.27257      78.185     -887.16     -787.95     -787.93      1424.3    
     1    43 0.77878E-01 -.23363     -.31151      77.181     -1833.2     -111.32     -1439.9      2333.7    
     1    44 0.11682     -.19469     -.35045      74.842     -2210.4     -366.97     -1214.6      2548.7    
     1    45 0.15576     -.15576     -.38939      74.159     -557.15      556.76     -1070.4      1329.0    
     1    46 0.19469     -.11682     -.42833      79.374      1133.5      1681.3     -929.30      2230.5    
     1    47 0.23363     -.77878E-01 -.46727      88.149      1316.4      2057.3     -966.45      2626.7    
     1    48 0.27257     -.38939E-01 -.50621      95.908     -.33988E-01  1478.0     -1478.0      2090.2    
     1    49 0.11682     -.27257     -.27257      71.642     -2094.8     -647.54     -647.46      2286.2    
     1    50 0.15576     -.23363     -.31151      68.090     -2225.4     -254.23     -1185.6      2534.3    
     1    51 0.19469     -.19469     -.35045      68.180     -839.65      839.74     -1668.4      2047.9    
     1    52 0.23363     -.15576     -.38939      74.410      381.16      1837.6     -1726.9      2550.3    
     1    53 0.27257     -.11682     -.42833      82.595     0.25227E-01  1787.7     -1787.6      2528.1    
     1    54 0.19469     -.27257     -.27257      62.921     -1830.6     -379.97     -380.10      1907.9    
     1    55 0.23363     -.23363     -.31151      61.656     -648.92      648.78     -1301.7      1592.7    
     1    56 0.27257     -.19469     -.35045      67.183     0.37744E-01  1747.6     -1747.6      2471.5    
     1    57 0.27257     -.27257     -.27257      58.761     -.75844E-08 0.69151E-08 -.15615E-08 0.10382E-07
     1    58 -.11682     -.19469     -.27257      69.641      1967.5     -249.93     -1284.8      2363.1    
     1    59 -.77878E-01 -.15576     -.31151      76.299      1968.8     -157.60     -1295.5      2362.0    
     1    60 -.38939E-01 -.11682     -.35045      81.371      1837.8     -660.21     -440.62      2001.9    
     1    61  0.0000     -.77878E-01 -.38939      82.468     0.28416     -1253.9      567.88      1376.5    
     1    62 0.38939E-01 -.38939E-01 -.42833      76.626      12.871     -13.110      1357.9      1358.0    
     1    63 0.77878E-01  0.0000     -.46727      78.567      2261.4     0.61250E-02  1029.6      2484.8    
     1    64 -.38939E-01 -.19469     -.27257      75.948      858.03     -294.99     -2211.5      2390.4    
     1    65  0.0000     -.15576     -.31151      81.645     0.19148      5.6113     -2137.2      2137.2    
     1    66 0.38939E-01 -.11682     -.35045      81.371     -1837.9     -660.39     -440.85      2002.1    
     1    67 0.77878E-01 -.77878E-01 -.38939      78.026     -345.21      345.59      476.51      682.39    
     1    68 0.11682     -.38939E-01 -.42833      80.693      1748.5      1891.2      572.44      2638.4    
     1    69 0.15576      0.0000     -.46727      88.907      2307.0     -.13762E-01 -82.967      2308.5    
     1    70 0.19469     0.38939E-01 -.50621      89.861      2565.5     -2478.4     -192.65      3572.3    
     1    71 0.23363     0.77878E-01 -.54514      90.304      2035.7     -2077.1     0.81851E-01  2908.3    
     1    72 0.27257     0.11682     -.58408      88.768      1006.7     -1719.9      938.18      2202.7    
     1    73 0.38939E-01 -.19469     -.27257      75.948     -857.83     -295.19     -2211.9      2390.7    
     1    74 0.77878E-01 -.15576     -.31151      76.299     -1968.9     -157.42     -1295.6      2362.2    
     1    75 0.11682     -.11682     -.35045      75.431     -820.84      820.15     -611.26      1311.5    
     1    76 0.15576     -.77878E-01 -.38939      79.688      965.75      2019.6     -413.20      2276.4    
     1    77 0.19469     -.38939E-01 -.42833      88.111      1343.1      2185.1     -693.38      2656.9    
     1    78 0.23363      0.0000     -.46727      94.547      182.83     -.36401E-01 -1462.1      1473.5    
     1    79 0.27257     0.38939E-01 -.50621      95.908     -.25189E-01 -1478.2     -1478.1      2090.4    
     1    80 0.11682     -.19469     -.27257      69.641     -1967.5     -249.69     -1284.7      2363.0    
     1    81 0.15576     -.15576     -.31151      69.358     -1082.3      1082.3     -1203.3      1946.9    
     1    82 0.19469     -.11682     -.35045      74.842      366.68      2210.5     -1214.5      2548.7    
     1    83 0.23363     -.77878E-01 -.38939      83.110      256.86      2067.7     -1386.7      2502.8    
     1    84 0.27257     -.38939E-01 -.42833      88.768     -1006.6      938.33     -1720.0      2202.8    
     1    85 0.19469     -.19469     -.27257      62.844     -888.09      888.26     -798.24      1488.3    
     1    86 0.23363     -.15576     -.31151      68.090      254.54      2225.7     -1185.8      2534.7    
     1    87 0.27257     -.11682     -.35045      75.742     -141.36      2114.4     -1383.0      2530.5    
     1    88 0.27257     -.19469     -.27257      62.921      379.95      1830.6     -379.89      1907.8    
     1    89 0.38939E-01 -.11682     -.27257      75.713     -872.99      166.78     -2408.1      2566.9    
     1    90 0.77878E-01 -.77878E-01 -.31151      77.417     -759.28      759.25     -901.80      1402.2    
     1    91 0.11682     -.38939E-01 -.35045      81.371      660.48      1837.9     -440.65      2002.1    
     1    92 0.15576      0.0000     -.38939      87.514      885.18     0.10802     -754.36      1163.0    
     1    93 0.11682     -.11682     -.27257      71.097     -965.78      965.62     -1502.9      2030.7    
     1    94 0.15576     -.77878E-01 -.31151      76.299      157.42      1968.7     -1295.7      2362.1    
     1    95 0.19469     -.38939E-01 -.35045      83.718      187.53      1588.9     -1473.4      2175.0    
     1    96 0.23363      0.0000     -.38939      88.199     -580.93     -.12916E-01 -1614.9      1716.2    
     1    97 0.27257     0.38939E-01 -.42833      88.768     -1006.6     -938.23     -1720.0      2202.7    
     1    98 0.19469     -.11682     -.27257      69.641      249.66      1967.1     -1284.8      2362.7    
     1    99 0.23363     -.77878E-01 -.31151      77.181      111.37      1833.3     -1439.7      2333.7    
     1   100 0.27257     -.38939E-01 -.35045      82.480     -621.79      931.78     -1290.3      1708.7    
     1   101 0.27257     -.11682     -.27257      71.642      647.63      2094.9     -647.59      2286.4    
     1   102 0.19469     -.38939E-01 -.27257      75.948      295.18      857.88     -2211.9      2390.7    
     1   103 0.23363      0.0000     -.31151      81.232     -136.25     -.99194E-01 -1725.8      1731.2    
     1   104 0.27257     -.38939E-01 -.27257      78.185      787.87      887.14     -788.06      1424.4    
     2     1 -.27257     -.27257     -.27257      58.761     0.44614E-08 0.33460E-08 -.22307E-09 0.55812E-08
     2     2 -.23363     -.23363     -.31151      66.613      1906.9      1906.9     -3130.1      4131.6    
     2     3 -.19469     -.19469     -.35045      83.812      2276.4      2276.4     -4234.7      5319.5    
     2     4 -.15576     -.15576     -.38939      99.127      853.89      853.89     -3334.0      3545.9    
     2     5 -.11682     -.11682     -.42833      101.46     -1907.5     -1907.5     -939.07      2856.4    
     2     6 -.77878E-01 -.77878E-01 -.46727      90.123     -3229.9     -3229.9      599.46      4606.9    
     2     7 -.38939E-01 -.38939E-01 -.50621      76.191     -2418.2     -2418.2      743.81      3499.8    
     2     8  0.0000      0.0000     -.54514      69.957     0.44614E-09 -.17846E-08 -.89228E-09 0.20445E-08
     2     9 -.19469     -.27257     -.27257      66.220      3322.9     -1492.0     -1492.0      3936.2    
     2    10 -.15576     -.23363     -.31151      78.425      3459.6      395.79     -3537.0      4963.4    
     2    11 -.11682     -.19469     -.35045      92.962      1814.4      493.85     -3450.9      3929.9    
     2    12 -.77878E-01 -.15576     -.38939      98.685     -1140.9     -1157.0     -1570.7      2260.0    
     2    13 -.38939E-01 -.11682     -.42833      91.070     -2795.8     -2641.6      345.52      3861.8    
     2    14  0.0000     -.77878E-01 -.46727      78.634     -.44614E-09 -2393.3      1094.5      2631.7    
     2    15 0.38939E-01 -.38939E-01 -.50621      76.191      2418.2     -2418.6      743.81      3500.1    
     2    16 0.77878E-01  0.0000     -.54514      76.082      2720.3     -.81744E-01 0.31614      2720.3    
     2    17 0.11682     0.38939E-01 -.58408      89.206      3500.2      3338.1     -346.01      4849.2    
     2    18 0.15576     0.77878E-01 -.62302      102.45      2399.9      2711.0      385.17      3641.1    
     2    19 0.19469     0.11682     -.66196      105.30      10.622     -17.104      2367.8      2367.9    
     2    20 0.23363     0.15576     -.70090      94.181     -1047.2     -2629.0      3826.5      4759.2    
     2    21 0.27257     0.19469     -.73984      77.956     0.80049E-01 -3688.5      3688.6      5216.5    
     2    22 -.11682     -.27257     -.27257      82.953      4346.7     -2145.3     -2145.4      5300.8    
     2    23 -.77878E-01 -.23363     -.31151      92.646      3064.0     -1494.0     -2590.1      4281.2    
     2    24 -.38939E-01 -.19469     -.35045      97.155      246.53     -1963.8     -1478.1      2470.3    
     2    25  0.0000     -.15576     -.38939      92.629     -.40152E-08 -2770.5      2.6075      2770.5    
     2    26 0.38939E-01 -.11682     -.42833      91.070      2795.8     -2641.4      345.66      3861.7    
     2    27 0.77878E-01 -.77878E-01 -.46727      90.123      3229.9     -3229.8      599.52      4606.9    
     2    28 0.11682     -.38939E-01 -.50621      89.206      3500.2     -3337.9      346.13      4849.0    
     2    29 0.15576      0.0000     -.54514      89.426      3323.4     0.15546     -.15471      3323.4    
     2    30 0.19469     0.38939E-01 -.58408      102.00      2347.1      2862.5      23.174      3701.8    
     2    31 0.23363     0.77878E-01 -.62302      108.37      522.77      876.68      832.88      1317.4    
     2    32 0.27257     0.11682     -.66196      104.41     0.12204E-01 -1989.0      1989.1      2812.9    
     2    33 -.38939E-01 -.27257     -.27257      98.144      2383.4     -2214.5     -2214.6      3935.6    
     2    34  0.0000     -.23363     -.31151      99.918     0.22307E-08 -2476.7     -1681.1      2993.4    
     2    35 0.38939E-01 -.19469     -.35045      97.155     -246.53     -1964.1     -1478.1      2470.5    
     2    36 0.77878E-01 -.15576     -.38939      98.685      1140.9     -1157.1     -1570.6      2260.0    
     2    37 0.11682     -.11682     -.42833      101.46      1907.5     -1907.3     -939.06      2856.3    
     2    38 0.15576     -.77878E-01 -.46727      102.45      2399.9     -2710.9     -385.08      3641.0    
     2    39 0.19469     -.38939E-01 -.50621      102.00      2347.1     -2862.5     -23.150      3701.7    
     2    40 0.23363      0.0000     -.54514      100.23      1534.4     -.53610E-01 -.53498E-01  1534.4    
     2    41 0.27257     0.38939E-01 -.58408      106.92     -.25416E-01  979.41     -979.39      1385.1    
     2    42 0.38939E-01 -.27257     -.27257      98.144     -2383.4     -2214.6     -2214.6      3935.7    
     2    43 0.77878E-01 -.23363     -.31151      92.646     -3064.0     -1494.0     -2590.2      4281.3    
     2    44 0.11682     -.19469     -.35045      92.962     -1814.4      493.82     -3451.0      3930.0    
     2    45 0.15576     -.15576     -.38939      99.127     -853.89      853.90     -3334.1      3546.0    
     2    46 0.19469     -.11682     -.42833      105.30      10.622      17.096     -2367.8      2367.9    
     2    47 0.23363     -.77878E-01 -.46727      108.37      522.77     -876.77     -832.86      1317.4    
     2    48 0.27257     -.38939E-01 -.50621      106.92     -.25416E-01 -979.42      979.43      1385.1    
     2    49 0.11682     -.27257     -.27257      82.953     -4346.7     -2145.4     -2145.4      5300.8    
     2    50 0.15576     -.23363     -.31151      78.425     -3459.6      395.80     -3537.1      4963.5    
     2    51 0.19469     -.19469     -.35045      83.812     -2276.4      2276.5     -4234.7      5319.5    
     2    52 0.23363     -.15576     -.38939      94.181     -1047.2      2628.9     -3826.4      4759.1    
     2    53 0.27257     -.11682     -.42833      104.41     0.12204E-01  1989.1     -1989.1      2813.0    
     2    54 0.19469     -.27257     -.27257      66.220     -3322.9     -1492.2     -1492.2      3936.4    
     2    55 0.23363     -.23363     -.31151      66.613     -1906.9      1906.9     -3130.0      4131.5    
     2    56 0.27257     -.19469     -.35045      77.956     0.80049E-01  3688.7     -3688.5      5216.5    
     2    57 0.27257     -.27257     -.27257      58.761     -.46845E-08 -.17846E-08 0.89228E-09 0.50916E-08
     2    58 -.11682     -.19469     -.27257      78.455      2859.9     -34.086     -3304.4      4370.3    
     2    59 -.77878E-01 -.15576     -.31151      89.136      799.05     -403.13     -2959.2      3091.6    
     2    60 -.38939E-01 -.11682     -.35045      90.204     -1600.1     -1535.5     -945.69      2410.9    
     2    61  0.0000     -.77878E-01 -.38939      83.117     0.27466     -1691.7      793.14      1868.4    
     2    62 0.38939E-01 -.38939E-01 -.42833      80.939      1978.8     -1979.0      1264.5      3071.0    
     2    63 0.77878E-01  0.0000     -.46727      78.634      2393.2     0.34473E-01  1094.1      2631.4    
     2    64 -.38939E-01 -.19469     -.27257      89.291      1823.8     -1939.1     -2237.3      3477.3    
     2    65  0.0000     -.15576     -.31151      90.181     -.78740E-02 -2111.9     -1256.3      2457.3    
     2    66 0.38939E-01 -.11682     -.35045      90.204      1600.0     -1535.7     -945.85      2411.0    
     2    67 0.77878E-01 -.77878E-01 -.38939      91.617      2154.2     -2154.1     -149.33      3050.1    
     2    68 0.11682     -.38939E-01 -.42833      91.070      2641.5     -2795.5      345.55      3861.6    
     2    69 0.15576      0.0000     -.46727      91.214      3409.4     -.32136E-01  522.77      3449.3    
     2    70 0.19469     0.38939E-01 -.50621      102.00      2347.0      2862.5     -23.207      3701.7    
     2    71 0.23363     0.77878E-01 -.54514      109.93      133.69      1866.5     0.65106E-01  1871.3    
     2    72 0.27257     0.11682     -.58408      109.57     -1630.4     -2.4114      542.61      1718.3    
     2    73 0.38939E-01 -.19469     -.27257      89.291     -1824.0     -1939.1     -2237.1      3477.3    
     2    74 0.77878E-01 -.15576     -.31151      89.136     -799.29     -402.97     -2959.4      3091.8    
     2    75 0.11682     -.11682     -.35045      94.263      215.43     -215.45     -2609.4      2627.1    
     2    76 0.15576     -.77878E-01 -.38939      98.685      1157.0     -1141.0     -1570.7      2260.0    
     2    77 0.19469     -.38939E-01 -.42833      101.17      2227.5     -1661.1     -494.15      2822.3    
     2    78 0.23363      0.0000     -.46727      104.31      2595.3     -.10692      623.66      2669.2    
     2    79 0.27257     0.38939E-01 -.50621      106.92     0.18923E-01  979.34      979.41      1385.0    
     2    80 0.11682     -.19469     -.27257      78.455     -2859.9     -34.102     -3304.5      4370.3    
     2    81 0.15576     -.15576     -.31151      83.635     -1637.3      1637.5     -3955.7      4583.6    
     2    82 0.19469     -.11682     -.35045      92.962     -493.91      1814.5     -3451.0      3930.1    
     2    83 0.23363     -.77878E-01 -.38939      102.49      1048.6      1226.0     -2002.8      2571.8    
     2    84 0.27257     -.38939E-01 -.42833      109.57      1630.4      542.62     -2.3595      1718.3    
     2    85 0.19469     -.19469     -.27257      68.348     -1837.4      1837.3     -2942.7      3925.7    
     2    86 0.23363     -.15576     -.31151      78.425     -395.84      3459.6     -3537.0      4963.4    
     2    87 0.27257     -.11682     -.35045      93.955      1230.2      3755.2     -2860.1      4878.0    
     2    88 0.27257     -.19469     -.27257      66.220      1492.1      3323.0     -1492.1      3936.4    
     2    89 0.38939E-01 -.11682     -.27257      82.766     -330.58     -1193.7     -2563.9      2847.4    
     2    90 0.77878E-01 -.77878E-01 -.31151      87.009      801.39     -801.39     -2211.5      2485.0    
     2    91 0.11682     -.38939E-01 -.35045      90.204      1535.5     -1599.9     -945.91      2410.9    
     2    92 0.15576      0.0000     -.38939      92.629      2770.7     0.40045E-01  2.6884      2770.7    
     2    93 0.11682     -.11682     -.27257      80.407     -702.80      702.83     -3912.8      4037.1    
     2    94 0.15576     -.77878E-01 -.31151      89.136      403.09      799.14     -2959.4      3091.8    
     2    95 0.19469     -.38939E-01 -.35045      97.155      1964.1      246.65     -1478.0      2470.5    
     2    96 0.23363      0.0000     -.38939      104.62      2821.8     0.32809E-01 -532.64      2871.6    
     2    97 0.27257     0.38939E-01 -.42833      109.57      1630.4     -542.63     -2.4507      1718.3    
     2    98 0.19469     -.11682     -.27257      78.455      34.266      2859.7     -3304.6      4370.3    
     2    99 0.23363     -.77878E-01 -.31151      92.646      1494.3      3064.2     -2590.1      4281.4    
     2   100 0.27257     -.38939E-01 -.35045      106.26      2230.7      1798.2     -1529.9      3248.1    
     2   101 0.27257     -.11682     -.27257      82.953      2145.4      4346.8     -2145.4      5301.0    
     2   102 0.19469     -.38939E-01 -.27257      89.291      1938.9      1823.7     -2237.0      3476.9    
     2   103 0.23363      0.0000     -.31151      99.918      2476.7     -.11787     -1681.2      2993.4    
     2   104 0.27257     -.38939E-01 -.27257      98.144      2214.6      2383.3     -2214.4      3935.5    
     3     1 -.27257     -.27257     -.27257      198.74     -.89228E-09  0.0000     0.89228E-09 0.12619E-08
     3     2 -.23363     -.23363     -.31151      194.65     -2402.8     -2402.8     -1217.5      3609.6    
     3     3 -.19469     -.19469     -.35045      185.51     -3084.1     -3084.1     -1333.0      4560.8    
     3     4 -.15576     -.15576     -.38939      177.09     -2262.3     -2262.3     -2018.0      3782.6    
     3     5 -.11682     -.11682     -.42833      178.13     -92.219     -92.219     -3854.6      3856.8    
     3     6 -.77878E-01 -.77878E-01 -.46727      190.02      1031.9      1031.9     -4986.6      5195.7    
     3     7 -.38939E-01 -.38939E-01 -.50621      204.87      876.03      876.03     -5174.6      5320.8    
     3     8  0.0000      0.0000     -.54514      217.41      0.0000     0.89228E-09 -.89228E-09 0.12619E-08
     3     9 -.19469     -.27257     -.27257      189.75     -3363.9     -2488.3     -2488.4      4868.3    
     3    10 -.15576     -.23363     -.31151      181.36     -3620.0     -3109.6     -2189.9      5250.7    
     3    11 -.11682     -.19469     -.35045      172.58     -2893.9     -2821.6     -2361.7      4681.2    
     3    12 -.77878E-01 -.15576     -.38939      170.41     -913.47     -1078.1     -3730.8      3989.5    
     3    13 -.38939E-01 -.11682     -.42833      179.04      270.28      643.62     -5042.6      5090.7    
     3    14  0.0000     -.77878E-01 -.46727      192.47     -.89228E-09  1181.4     -5394.1      5521.9    
     3    15 0.38939E-01 -.38939E-01 -.50621      204.87     -876.03      876.03     -5174.6      5320.8    
     3    16 0.77878E-01  0.0000     -.54514      213.09     -1872.6     0.54989E-02 -.12076E-01  1872.6    
     3    17 0.11682     0.38939E-01 -.58408      198.90     -1765.3     -712.48      4520.2      4904.7    
     3    18 0.15576     0.77878E-01 -.62302      185.96     -654.00     -464.99      3779.8      3864.1    
     3    19 0.19469     0.11682     -.66196      181.29      1384.1      1256.6      1977.7      2721.4    
     3    20 0.23363     0.15576     -.70090      186.92      1957.5      2344.6      407.00      3081.4    
     3    21 0.27257     0.19469     -.73984      193.87     -.17775E-01  1070.0     -1070.1      1513.3    
     3    22 -.11682     -.27257     -.27257      174.53     -3767.0     -2884.0     -2884.0      5552.0    
     3    23 -.77878E-01 -.23363     -.31151      166.93     -3051.9     -2998.1     -2895.5      5165.9    
     3    24 -.38939E-01 -.19469     -.35045      163.66     -1200.3     -2025.0     -3652.5      4345.4    
     3    25  0.0000     -.15576     -.38939      168.77     0.89228E-09 -460.62     -4613.3      4636.2    
     3    26 0.38939E-01 -.11682     -.42833      179.04     -270.28      643.62     -5042.6      5090.7    
     3    27 0.77878E-01 -.77878E-01 -.46727      190.02     -1031.9      1031.9     -4986.6      5195.7    
     3    28 0.11682     -.38939E-01 -.50621      198.90     -1765.3      712.48     -4520.2      4904.7    
     3    29 0.15576      0.0000     -.54514      204.04     -2253.3     -.13604E-01 0.61340E-02  2253.3    
     3    30 0.19469     0.38939E-01 -.58408      192.44     -1117.6     -434.81      3263.0      3476.4    
     3    31 0.23363     0.77878E-01 -.62302      185.77      393.47      51.800      1847.0      1889.1    
     3    32 0.27257     0.11682     -.66196      185.81     0.33819E-02  416.39     -416.42      588.89    
     3    33 -.38939E-01 -.27257     -.27257      161.34     -2095.5     -3144.8     -3144.7      4916.3    
     3    34  0.0000     -.23363     -.31151      159.71     0.35691E-08 -2774.9     -3467.3      4441.0    
     3    35 0.38939E-01 -.19469     -.35045      163.66      1200.3     -2025.0     -3652.6      4345.4    
     3    36 0.77878E-01 -.15576     -.38939      170.41      913.47     -1078.1     -3730.8      3989.5    
     3    37 0.11682     -.11682     -.42833      178.13      92.219     -92.186     -3854.6      3856.8    
     3    38 0.15576     -.77878E-01 -.46727      185.96     -654.00      465.02     -3779.8      3864.1    
     3    39 0.19469     -.38939E-01 -.50621      192.44     -1117.6      434.80     -3263.0      3476.4    
     3    40 0.23363      0.0000     -.54514      196.61     -1077.0     0.24073E-02 0.23358E-02  1077.0    
     3    41 0.27257     0.38939E-01 -.58408      190.40     -.29957E-02 -1210.5      1210.5      1711.9    
     3    42 0.38939E-01 -.27257     -.27257      161.34      2095.5     -3144.8     -3144.8      4916.3    
     3    43 0.77878E-01 -.23363     -.31151      166.93      3051.9     -2998.1     -2895.4      5165.9    
     3    44 0.11682     -.19469     -.35045      172.58      2893.9     -2821.7     -2361.8      4681.3    
     3    45 0.15576     -.15576     -.38939      177.09      2262.3     -2262.3     -2018.0      3782.7    
     3    46 0.19469     -.11682     -.42833      181.29      1384.1     -1256.6     -1977.7      2721.4    
     3    47 0.23363     -.77878E-01 -.46727      185.77      393.47     -51.811     -1847.0      1889.1    
     3    48 0.27257     -.38939E-01 -.50621      190.40     -.29957E-02  1210.5     -1210.5      1711.9    
     3    49 0.11682     -.27257     -.27257      174.53      3767.0     -2884.0     -2884.0      5552.0    
     3    50 0.15576     -.23363     -.31151      181.36      3620.0     -3109.6     -2189.9      5250.7    
     3    51 0.19469     -.19469     -.35045      185.51      3084.1     -3084.2     -1333.1      4560.8    
     3    52 0.23363     -.15576     -.38939      186.92      1957.5     -2344.6     -406.96      3081.3    
     3    53 0.27257     -.11682     -.42833      185.81     0.33819E-02 -416.42      416.45      588.93    
     3    54 0.19469     -.27257     -.27257      189.75      3363.9     -2488.3     -2488.3      4868.2    
     3    55 0.23363     -.23363     -.31151      194.65      2402.8     -2402.7     -1217.4      3609.5    
     3    56 0.27257     -.19469     -.35045      193.87     -.17775E-01 -1070.1      1070.1      1513.3    
     3    57 0.27257     -.27257     -.27257      198.74     0.89228E-09 -.17846E-08 0.89228E-09 0.21856E-08
     3    58 -.11682     -.19469     -.27257      160.99     -3789.0     -3553.4     -3287.1      6147.2    
     3    59 -.77878E-01 -.15576     -.31151      154.82     -2457.1     -2703.6     -3886.1      5333.7    
     3    60 -.38939E-01 -.11682     -.35045      157.57     -535.02     -905.39     -5307.3      5410.5    
     3    61  0.0000     -.77878E-01 -.38939      168.72     0.57428E-02  252.80     -6063.5      6068.8    
     3    62 0.38939E-01 -.38939E-01 -.42833      181.77     -455.82      455.82     -5980.2      6014.8    
     3    63 0.77878E-01  0.0000     -.46727      192.47     -1181.4     -.20348E-02 -5394.1      5521.9    
     3    64 -.38939E-01 -.19469     -.27257      147.93     -2036.7     -3258.3     -3991.1      5540.2    
     3    65  0.0000     -.15576     -.31151      149.34     0.43291E-01 -2143.6     -4781.8      5240.3    
     3    66 0.38939E-01 -.11682     -.35045      157.57      535.04     -905.40     -5307.3      5410.5    
     3    67 0.77878E-01 -.77878E-01 -.38939      168.48      14.190     -14.184     -5386.2      5386.2    
     3    68 0.11682     -.38939E-01 -.42833      179.04     -643.61      270.28     -5042.6      5090.7    
     3    69 0.15576      0.0000     -.46727      187.29     -1059.3     0.16372E-03 -4305.7      4434.1    
     3    70 0.19469     0.38939E-01 -.50621      192.44     -1117.6     -434.81     -3263.0      3476.4    
     3    71 0.23363     0.77878E-01 -.54514      191.08     -1970.9     -1737.8     -.13461E-01  2627.6    
     3    72 0.27257     0.11682     -.58408      183.32     -1673.9     -2082.2     -445.14      2708.5    
     3    73 0.38939E-01 -.19469     -.27257      147.93      2036.7     -3258.4     -3991.2      5540.3    
     3    74 0.77878E-01 -.15576     -.31151      154.82      2457.1     -2703.6     -3886.1      5333.7    
     3    75 0.11682     -.11682     -.35045      162.49      1885.3     -1885.4     -3760.7      4610.0    
     3    76 0.15576     -.77878E-01 -.38939      170.41      1078.1     -913.47     -3730.8      3989.5    
     3    77 0.19469     -.38939E-01 -.42833      178.40      510.85     -237.75     -3490.3      3535.5    
     3    78 0.23363      0.0000     -.46727      185.73      464.30     -.32675E-02 -2810.2      2848.3    
     3    79 0.27257     0.38939E-01 -.50621      190.40     0.89471E-03 -1210.5     -1210.5      1711.9    
     3    80 0.11682     -.19469     -.27257      160.99      3789.1     -3553.4     -3287.1      6147.2    
     3    81 0.15576     -.15576     -.31151      167.48      3416.5     -3416.5     -2745.5      5557.2    
     3    82 0.19469     -.11682     -.35045      172.58      2821.7     -2893.8     -2361.8      4681.3    
     3    83 0.23363     -.77878E-01 -.38939      177.42      2133.5     -1855.5     -2222.8      3596.6    
     3    84 0.27257     -.38939E-01 -.42833      183.32      1673.9     -445.10     -2082.2      2708.5    
     3    85 0.19469     -.19469     -.27257      176.71      3632.0     -3632.0     -2850.5      5874.4    
     3    86 0.23363     -.15576     -.31151      181.36      3109.6     -3620.0     -2189.9      5250.7    
     3    87 0.27257     -.11682     -.35045      183.83      2285.3     -2991.7     -1471.2      4041.9    
     3    88 0.27257     -.19469     -.27257      189.75      2488.4     -3363.9     -2488.4      4868.3    
     3    89 0.38939E-01 -.11682     -.27257      135.30      1598.0     -2708.5     -5472.5      6311.7    
     3    90 0.77878E-01 -.77878E-01 -.31151      145.80      1538.4     -1538.4     -5561.5      5971.9    
     3    91 0.11682     -.38939E-01 -.35045      157.57      905.40     -535.02     -5307.3      5410.5    
     3    92 0.15576      0.0000     -.38939      168.77      460.65     0.13755E-01 -4613.3      4636.2    
     3    93 0.11682     -.11682     -.27257      146.29      3371.6     -3371.6     -4171.2      6335.2    
     3    94 0.15576     -.77878E-01 -.31151      154.82      2703.6     -2457.1     -3886.0      5333.7    
     3    95 0.19469     -.38939E-01 -.35045      163.66      2025.0     -1200.3     -3652.6      4345.4    
     3    96 0.23363      0.0000     -.38939      173.39      1760.9     0.22490E-02 -3149.1      3608.0    
     3    97 0.27257     0.38939E-01 -.42833      183.32      1673.9      445.09     -2082.2      2708.4    
     3    98 0.19469     -.11682     -.27257      160.99      3553.5     -3789.0     -3287.1      6147.3    
     3    99 0.23363     -.77878E-01 -.31151      166.93      2998.1     -3051.8     -2895.4      5165.8    
     3   100 0.27257     -.38939E-01 -.35045      173.46      2557.2     -1583.3     -2680.8      4029.0    
     3   101 0.27257     -.11682     -.27257      174.53      2884.0     -3767.0     -2884.0      5552.0    
     3   102 0.19469     -.38939E-01 -.27257      147.93      3258.4     -2036.7     -3991.2      5540.3    
     3   103 0.23363      0.0000     -.31151      159.71      2775.0     0.18816E-01 -3467.3      4441.0    
     3   104 0.27257     -.38939E-01 -.27257      161.34      3144.8     -2095.5     -3144.9      4916.4    
     4     1 -.27257     -.27257     -.27257      212.64     -.89228E-09 -.89228E-09 -.89228E-09 0.15455E-08
     4     2 -.23363     -.23363     -.31151      214.28      1666.5      1666.5      2027.2      3108.7    
     4     3 -.19469     -.19469     -.35045      217.29      2095.4      2095.4      2647.6      3973.8    
     4     4 -.15576     -.15576     -.38939      220.53      2209.0      2209.0      2854.8      4231.9    
     4     5 -.11682     -.11682     -.42833      223.56      2171.7      2171.7      3042.9      4323.4    
     4     6 -.77878E-01 -.77878E-01 -.46727      225.49      1928.5      1928.5      3439.9      4389.9    
     4     7 -.38939E-01 -.38939E-01 -.50621      224.38      1228.3      1228.3      4226.3      4569.3    
     4     8  0.0000      0.0000     -.54514      217.41     0.17846E-08  0.0000     0.89228E-09 0.19952E-08
     4     9 -.19469     -.27257     -.27257      218.33      1804.5      2531.4      2531.4      4009.0    
     4    10 -.15576     -.23363     -.31151      221.76      1624.5      2724.7      2801.3      4232.0    
     4    11 -.11682     -.19469     -.35045      224.85      1422.3      2858.5      2828.9      4265.8    
     4    12 -.77878E-01 -.15576     -.38939      227.69      1145.5      2897.0      2787.8      4180.6    
     4    13 -.38939E-01 -.11682     -.42833      229.78      740.89      2804.7      2877.8      4086.2    
     4    14  0.0000     -.77878E-01 -.46727      229.72      0.0000      2429.5      3439.2      4210.8    
     4    15 0.38939E-01 -.38939E-01 -.50621      224.38     -1228.3      1228.3      4226.3      4569.3    
     4    16 0.77878E-01  0.0000     -.54514      213.09     -1872.6     0.54367E-02 -.12159E-01  1872.6    
     4    17 0.11682     0.38939E-01 -.58408      216.10     -2509.2     -850.28     -3751.0      4592.3    
     4    18 0.15576     0.77878E-01 -.62302      215.48     -2694.9     -1280.0     -3158.1      4344.5    
     4    19 0.19469     0.11682     -.66196      213.33     -2526.9     -1337.7     -2724.9      3949.6    
     4    20 0.23363     0.15576     -.70090      211.25     -1832.9     -977.45     -2072.6      2934.4    
     4    21 0.27257     0.19469     -.73984      211.06     0.14702E-01  380.62     -380.56      538.24    
     4    22 -.11682     -.27257     -.27257      224.64      1173.2      2983.3      2983.3      4379.2    
     4    23 -.77878E-01 -.23363     -.31151      226.83      806.70      3152.9      2996.1      4423.5    
     4    24 -.38939E-01 -.19469     -.35045      228.64      427.13      3188.9      2836.9      4289.4    
     4    25  0.0000     -.15576     -.38939      229.94      0.0000      3087.6      2672.6      4083.6    
     4    26 0.38939E-01 -.11682     -.42833      229.78     -740.89      2804.7      2877.8      4086.2    
     4    27 0.77878E-01 -.77878E-01 -.46727      225.49     -1928.5      1928.5      3439.9      4389.9    
     4    28 0.11682     -.38939E-01 -.50621      216.10     -2509.2      850.28      3751.0      4592.3    
     4    29 0.15576      0.0000     -.54514      204.04     -2253.3     -.13504E-01 0.61597E-02  2253.3    
     4    30 0.19469     0.38939E-01 -.58408      205.57     -2325.7     -473.94     -2931.2      3771.7    
     4    31 0.23363     0.77878E-01 -.62302      205.44     -1734.1     -346.68     -2055.5      2711.6    
     4    32 0.27257     0.11682     -.66196      206.57     -.33638E-02  682.71     -682.68      965.48    
     4    33 -.38939E-01 -.27257     -.27257      227.87      386.87      3218.5      3218.5      4568.0    
     4    34  0.0000     -.23363     -.31151      228.47     -.89228E-09  3284.3      3086.9      4507.3    
     4    35 0.38939E-01 -.19469     -.35045      228.64     -427.13      3188.9      2836.9      4289.5    
     4    36 0.77878E-01 -.15576     -.38939      227.69     -1145.5      2897.0      2787.9      4180.6    
     4    37 0.11682     -.11682     -.42833      223.56     -2171.7      2171.6      3042.9      4323.4    
     4    38 0.15576     -.77878E-01 -.46727      215.48     -2694.9      1279.9      3158.1      4344.4    
     4    39 0.19469     -.38939E-01 -.50621      205.57     -2325.7      473.93      2931.2      3771.7    
     4    40 0.23363      0.0000     -.54514      196.61     -1077.0     0.23440E-02 0.24214E-02  1077.0    
     4    41 0.27257     0.38939E-01 -.58408      199.88     0.26270E-02  962.57     -962.57      1361.3    
     4    42 0.38939E-01 -.27257     -.27257      227.87     -386.87      3218.5      3218.5      4568.1    
     4    43 0.77878E-01 -.23363     -.31151      226.83     -806.70      3152.9      2996.0      4423.5    
     4    44 0.11682     -.19469     -.35045      224.85     -1422.3      2858.6      2829.0      4265.9    
     4    45 0.15576     -.15576     -.38939      220.53     -2209.0      2209.0      2854.8      4231.9    
     4    46 0.19469     -.11682     -.42833      213.33     -2526.9      1337.7      2724.9      3949.7    
     4    47 0.23363     -.77878E-01 -.46727      205.44     -1734.1      346.69      2055.5      2711.6    
     4    48 0.27257     -.38939E-01 -.50621      199.88     0.26270E-02 -962.56      962.56      1361.3    
     4    49 0.11682     -.27257     -.27257      224.64     -1173.2      2983.4      2983.3      4379.2    
     4    50 0.15576     -.23363     -.31151      221.76     -1624.5      2724.6      2801.3      4232.0    
     4    51 0.19469     -.19469     -.35045      217.29     -2095.4      2095.4      2647.7      3973.8    
     4    52 0.23363     -.15576     -.38939      211.25     -1832.9      977.45      2072.6      2934.4    
     4    53 0.27257     -.11682     -.42833      206.57     -.33638E-02 -682.68      682.66      965.45    
     4    54 0.19469     -.27257     -.27257      218.33     -1804.5      2531.4      2531.4      4009.0    
     4    55 0.23363     -.23363     -.31151      214.28     -1666.5      1666.4      2027.2      3108.6    
     4    56 0.27257     -.19469     -.35045      211.06     0.14702E-01 -380.57      380.60      538.23    
     4    57 0.27257     -.27257     -.27257      212.64      0.0000     -.17846E-08  0.0000     0.17846E-08
     4    58 -.11682     -.19469     -.27257      236.48      1497.8      2640.0      2749.8      4095.7    
     4    59 -.77878E-01 -.15576     -.31151      238.93      1064.7      2600.3      2684.5      3886.1    
     4    60 -.38939E-01 -.11682     -.35045      240.51      523.67      2461.9      2434.6      3501.8    
     4    61  0.0000     -.77878E-01 -.38939      241.24     -.64409E-01  2313.5      2217.2      3204.4    
     4    62 0.38939E-01 -.38939E-01 -.42833      239.24     -1518.4      1518.4      2836.9      3558.0    
     4    63 0.77878E-01  0.0000     -.46727      229.72     -2429.4     0.20907E-02  3439.2      4210.8    
     4    64 -.38939E-01 -.19469     -.27257      240.67      510.72      2855.1      2932.2      4124.3    
     4    65  0.0000     -.15576     -.31151      241.01     -.63439E-01  2672.5      2732.9      3822.4    
     4    66 0.38939E-01 -.11682     -.35045      240.51     -523.69      2462.0      2434.6      3501.8    
     4    67 0.77878E-01 -.77878E-01 -.38939      237.78     -1794.6      1794.6      2552.2      3599.3    
     4    68 0.11682     -.38939E-01 -.42833      229.78     -2804.7      740.83      2877.8      4086.2    
     4    69 0.15576      0.0000     -.46727      218.20     -2997.6     0.76223E-02  3088.3      4303.8    
     4    70 0.19469     0.38939E-01 -.50621      205.57     -2325.7     -473.94      2931.2      3771.7    
     4    71 0.23363     0.77878E-01 -.54514      199.72      484.09      749.28     0.71881E-02  892.05    
     4    72 0.27257     0.11682     -.58408      205.62      2152.5      1810.2     -13.596      2812.6    
     4    73 0.38939E-01 -.19469     -.27257      240.67     -510.77      2855.2      2932.3      4124.5    
     4    74 0.77878E-01 -.15576     -.31151      238.93     -1064.7      2600.3      2684.5      3886.1    
     4    75 0.11682     -.11682     -.35045      235.23     -2020.6      2020.7      2648.3      3896.1    
     4    76 0.15576     -.77878E-01 -.38939      227.69     -2897.0      1145.5      2787.9      4180.6    
     4    77 0.19469     -.38939E-01 -.42833      217.22     -3132.4      477.53      2732.8      4184.3    
     4    78 0.23363      0.0000     -.46727      206.36     -2501.4     0.11028E-01  2324.6      3414.8    
     4    79 0.27257     0.38939E-01 -.50621      199.88     -.11132E-02  962.57      962.56      1361.3    
     4    80 0.11682     -.19469     -.27257      236.48     -1497.8      2640.0      2749.8      4095.7    
     4    81 0.15576     -.15576     -.31151      232.12     -2169.1      2169.1      2735.9      4110.4    
     4    82 0.19469     -.11682     -.35045      224.85     -2858.6      1422.3      2829.0      4265.9    
     4    83 0.23363     -.77878E-01 -.38939      215.11     -2998.8      685.79      2612.1      4035.6    
     4    84 0.27257     -.38939E-01 -.42833      205.62     -2152.6     -13.622      1810.2      2812.6    
     4    85 0.19469     -.19469     -.27257      228.58     -2272.4      2272.4      2693.9      4193.4    
     4    86 0.23363     -.15576     -.31151      221.76     -2724.7      1624.5      2801.2      4232.0    
     4    87 0.27257     -.11682     -.35045      213.05     -2551.8      729.80      2407.0      3583.0    
     4    88 0.27257     -.19469     -.27257      218.33     -2531.4      1804.5      2531.4      4009.0    
     4    89 0.38939E-01 -.11682     -.27257      250.67     -537.93      1906.3      2503.0      3191.9    
     4    90 0.77878E-01 -.77878E-01 -.31151      247.47     -1386.8      1386.8      2257.8      2990.7    
     4    91 0.11682     -.38939E-01 -.35045      240.51     -2462.0      523.67      2434.6      3501.8    
     4    92 0.15576      0.0000     -.38939      229.94     -3087.6     -.30867E-01  2672.7      4083.7    
     4    93 0.11682     -.11682     -.27257      245.80     -1792.1      1792.1      2480.6      3546.3    
     4    94 0.15576     -.77878E-01 -.31151      238.93     -2600.3      1064.8      2684.5      3886.1    
     4    95 0.19469     -.38939E-01 -.35045      228.64     -3188.9      427.14      2836.9      4289.5    
     4    96 0.23363      0.0000     -.38939      216.51     -3261.6     -.13618E-02  2655.4      4205.8    
     4    97 0.27257     0.38939E-01 -.42833      205.62     -2152.5      13.630      1810.2      2812.5    
     4    98 0.19469     -.11682     -.27257      236.48     -2640.0      1497.9      2749.8      4095.7    
     4    99 0.23363     -.77878E-01 -.31151      226.83     -3152.8      806.62      2996.0      4423.5    
     4   100 0.27257     -.38939E-01 -.35045      215.17     -3149.4      258.77      2785.9      4212.7    
     4   101 0.27257     -.11682     -.27257      224.64     -2983.3      1173.2      2983.4      4379.2    
     4   102 0.19469     -.38939E-01 -.27257      240.67     -2855.2      510.75      2932.3      4124.5    
     4   103 0.23363      0.0000     -.31151      228.47     -3284.3     -.72722E-02  3086.8      4507.3    
     4   104 0.27257     -.38939E-01 -.27257      227.87     -3218.5      386.92      3218.6      4568.1    
     5     1 -.27257     -.27257     -.27257      263.91      0.0000     0.17846E-08 -.35691E-08 0.39904E-08
     5     2 -.23363     -.23363     -.31151      262.47     -347.77     -347.77      656.46      820.26    
     5     3 -.19469     -.19469     -.35045      258.64     -578.53     -578.53      1081.3      1355.9    
     5     4 -.15576     -.15576     -.38939      253.75     -616.84     -616.84      1127.9      1425.9    
     5     5 -.11682     -.11682     -.42833      249.37     -477.22     -477.22      836.77      1075.0    
     5     6 -.77878E-01 -.77878E-01 -.46727      246.51     -270.24     -270.24      437.58      580.98    
     5     7 -.38939E-01 -.38939E-01 -.50621      245.18     -105.42     -105.42      150.83      212.08    
     5     8  0.0000      0.0000     -.54514      244.83      0.0000     -.89228E-09 -.89228E-09 0.12619E-08
     5     9 -.19469     -.27257     -.27257      262.76     -520.80      395.55      395.53      764.29    
     5    10 -.15576     -.23363     -.31151      260.40     -581.02     -92.461      960.23      1126.1    
     5    11 -.11682     -.19469     -.35045      256.48     -352.00     -504.99      1186.0      1336.2    
     5    12 -.77878E-01 -.15576     -.38939      252.44      120.33     -783.05      1091.8      1348.9    
     5    13 -.38939E-01 -.11682     -.42833      249.49      614.22     -928.13      772.26      1354.6    
     5    14  0.0000     -.77878E-01 -.46727      247.60      0.0000     -968.35      325.50      1021.6    
     5    15 0.38939E-01 -.38939E-01 -.50621      245.18      105.42     -105.29      150.83      212.01    
     5    16 0.77878E-01  0.0000     -.54514      247.04      890.12     0.20474E-01 -.87028E-01  890.12    
     5    17 0.11682     0.38939E-01 -.58408      247.38      767.87     -616.90     -246.47      1015.3    
     5    18 0.15576     0.77878E-01 -.62302      248.90      704.80     -178.82     -588.84      935.65    
     5    19 0.19469     0.11682     -.66196      252.00      627.30      296.16     -920.55      1152.7    
     5    20 0.23363     0.15576     -.70090      256.19      403.65      659.79     -1024.8      1284.0    
     5    21 0.27257     0.19469     -.73984      260.12     -.10834E-01  799.58     -799.56      1130.8    
     5    22 -.11682     -.27257     -.27257      260.11     -680.82      732.84      732.84      1240.0    
     5    23 -.77878E-01 -.23363     -.31151      258.21     -416.55      447.23      1060.2      1223.8    
     5    24 -.38939E-01 -.19469     -.35045      256.21      168.38      125.98      1144.1      1163.3    
     5    25  0.0000     -.15576     -.38939      254.74      0.0000      71.714      1166.5      1168.7    
     5    26 0.38939E-01 -.11682     -.42833      249.49     -614.22     -928.19      772.19      1354.6    
     5    27 0.77878E-01 -.77878E-01 -.46727      246.51      270.24     -270.26      437.57      580.98    
     5    28 0.11682     -.38939E-01 -.50621      247.38      767.87      616.85      246.42      1015.3    
     5    29 0.15576      0.0000     -.54514      250.74      786.81     -.44458E-01 0.50149E-01  786.81    
     5    30 0.19469     0.38939E-01 -.58408      250.31      557.86     -677.79     -199.24      900.17    
     5    31 0.23363     0.77878E-01 -.62302      251.23      328.72      5.9784     -470.46      573.96    
     5    32 0.27257     0.11682     -.66196      253.47     -.75472E-02  642.16     -642.17      908.16    
     5    33 -.38939E-01 -.27257     -.27257      257.88     -315.59      936.36      936.32      1361.3    
     5    34  0.0000     -.23363     -.31151      257.31      0.0000      811.95      1052.4      1329.2    
     5    35 0.38939E-01 -.19469     -.35045      256.21     -168.38      126.01      1144.1      1163.3    
     5    36 0.77878E-01 -.15576     -.38939      252.44     -120.33     -783.04      1091.8      1348.9    
     5    37 0.11682     -.11682     -.42833      249.37      477.22     -477.39      836.75      1075.1    
     5    38 0.15576     -.77878E-01 -.46727      248.90      704.80      178.78      588.75      935.59    
     5    39 0.19469     -.38939E-01 -.50621      250.31      557.86      677.77      199.21      900.14    
     5    40 0.23363      0.0000     -.54514      253.03      290.12     0.19372E-01 0.19348E-01  290.12    
     5    41 0.27257     0.38939E-01 -.58408      251.52     0.13046E-01 -227.42      227.41      321.61    
     5    42 0.38939E-01 -.27257     -.27257      257.88      315.59      936.31      936.31      1361.2    
     5    43 0.77878E-01 -.23363     -.31151      258.21      416.55      447.22      1060.2      1223.7    
     5    44 0.11682     -.19469     -.35045      256.48      352.00     -504.90      1186.1      1336.3    
     5    45 0.15576     -.15576     -.38939      253.75      616.84     -616.72      1128.0      1425.9    
     5    46 0.19469     -.11682     -.42833      252.00      627.30     -296.15      920.55      1152.7    
     5    47 0.23363     -.77878E-01 -.46727      251.23      328.72     -5.9442      470.46      573.95    
     5    48 0.27257     -.38939E-01 -.50621      251.52     0.13046E-01  227.44     -227.45      321.66    
     5    49 0.11682     -.27257     -.27257      260.11      680.82      732.85      732.83      1240.0    
     5    50 0.15576     -.23363     -.31151      260.40      581.02     -92.528      960.28      1126.2    
     5    51 0.19469     -.19469     -.35045      258.64      578.53     -578.56      1081.2      1355.9    
     5    52 0.23363     -.15576     -.38939      256.19      403.65     -659.82      1024.9      1284.0    
     5    53 0.27257     -.11682     -.42833      253.47     -.75472E-02 -642.20      642.16      908.18    
     5    54 0.19469     -.27257     -.27257      262.76      520.80      395.59      395.62      764.36    
     5    55 0.23363     -.23363     -.31151      262.47      347.77     -347.74      656.55      820.32    
     5    56 0.27257     -.19469     -.35045      260.12     -.10834E-01 -799.58      799.57      1130.8    
     5    57 0.27257     -.27257     -.27257      263.91     0.17846E-08 -.17846E-08 0.53537E-08 0.59187E-08
     5    58 -.11682     -.19469     -.27257      261.35     -248.82     -252.23      1118.3      1173.1    
     5    59 -.77878E-01 -.15576     -.31151      257.53      33.885     -695.70      1312.7      1486.0    
     5    60 -.38939E-01 -.11682     -.35045      253.56      379.14     -1016.2      1174.7      1598.9    
     5    61  0.0000     -.77878E-01 -.38939      249.93     -.90266E-01 -980.75      836.35      1288.9    
     5    62 0.38939E-01 -.38939E-01 -.42833      246.63      171.74     -171.67      596.96      644.46    
     5    63 0.77878E-01  0.0000     -.46727      247.60      968.40     -.10113E-01  325.61      1021.7    
     5    64 -.38939E-01 -.19469     -.27257      261.08      139.79      167.17      1117.1      1138.2    
     5    65  0.0000     -.15576     -.31151      258.52     0.20527E-02 -1019.4      946.77      1391.2    
     5    66 0.38939E-01 -.11682     -.35045      253.56     -379.09     -1016.2      1174.8      1598.9    
     5    67 0.77878E-01 -.77878E-01 -.38939      249.44      389.32     -389.44      1001.1      1142.6    
     5    68 0.11682     -.38939E-01 -.42833      249.49      928.11      614.11      772.25      1354.6    
     5    69 0.15576      0.0000     -.46727      251.26      392.48     0.42219E-03  472.99      614.62    
     5    70 0.19469     0.38939E-01 -.50621      250.31      557.89     -677.81      199.27      900.21    
     5    71 0.23363     0.77878E-01 -.54514      250.26      532.64     -232.29     -.28206E-01  581.09    
     5    72 0.27257     0.11682     -.58408      251.62      423.03      340.28     -231.94      590.37    
     5    73 0.38939E-01 -.19469     -.27257      261.08     -139.81      167.19      1117.2      1138.3    
     5    74 0.77878E-01 -.15576     -.31151      257.53     -33.804     -695.75      1312.7      1486.1    
     5    75 0.11682     -.11682     -.35045      253.82      540.16     -539.95      1290.9      1499.9    
     5    76 0.15576     -.77878E-01 -.38939      252.44      783.05      120.25      1091.9      1349.0    
     5    77 0.19469     -.38939E-01 -.42833      252.21      228.15      331.09      735.61      838.32    
     5    78 0.23363      0.0000     -.46727      251.73     -146.54     0.11880E-01  57.270      157.33    
     5    79 0.27257     0.38939E-01 -.50621      251.52     0.87373E-02 -227.39     -227.44      321.61    
     5    80 0.11682     -.19469     -.27257      261.35      248.80     -252.30      1118.3      1173.1    
     5    81 0.15576     -.15576     -.31151      258.74      511.85     -511.84      1235.8      1432.2    
     5    82 0.19469     -.11682     -.35045      256.48      504.99     -352.03      1186.1      1336.3    
     5    83 0.23363     -.77878E-01 -.38939      254.09     -65.024     -323.20      886.42      945.74    
     5    84 0.27257     -.38939E-01 -.42833      251.62     -423.04     -232.00      340.32      590.42    
     5    85 0.19469     -.19469     -.27257      262.62      289.70     -289.74      800.57      899.32    
     5    86 0.23363     -.15576     -.31151      260.40      92.450     -581.11      960.33      1126.3    
     5    87 0.27257     -.11682     -.35045      256.66     -392.24     -802.42      858.05      1238.5    
     5    88 0.27257     -.19469     -.27257      262.76     -395.59     -520.79      395.57      764.33    
     5    89 0.38939E-01 -.11682     -.27257      259.13     -53.171     -580.19      1501.3      1610.4    
     5    90 0.77878E-01 -.77878E-01 -.31151      254.84      380.10     -380.09      1592.8      1681.1    
     5    91 0.11682     -.38939E-01 -.35045      253.56      1016.1      379.06      1174.7      1598.8    
     5    92 0.15576      0.0000     -.38939      254.74     -71.728     -.17871E-01  1166.5      1168.7    
     5    93 0.11682     -.11682     -.27257      259.73      361.70     -361.65      1522.0      1605.6    
     5    94 0.15576     -.77878E-01 -.31151      257.53      695.74      33.858      1312.8      1486.1    
     5    95 0.19469     -.38939E-01 -.35045      256.21     -126.00      168.39      1144.1      1163.3    
     5    96 0.23363      0.0000     -.38939      253.47     -500.27     0.24465E-02  738.32      891.84    
     5    97 0.27257     0.38939E-01 -.42833      251.62     -423.04      231.96      340.31      590.41    
     5    98 0.19469     -.11682     -.27257      261.35      252.28     -248.71      1118.4      1173.1    
     5    99 0.23363     -.77878E-01 -.31151      258.21     -447.24     -416.57      1060.2      1223.7    
     5   100 0.27257     -.38939E-01 -.35045      254.14     -691.60     -346.54      817.83      1125.7    
     5   101 0.27257     -.11682     -.27257      260.11     -732.87     -680.86      732.86      1240.1    
     5   102 0.19469     -.38939E-01 -.27257      261.08     -167.18      139.84      1117.2      1138.3    
     5   103 0.23363      0.0000     -.31151      257.31     -811.91     0.28099E-01  1052.4      1329.2    
     5   104 0.27257     -.38939E-01 -.27257      257.88     -936.29     -315.58      936.35      1361.2    
     6     1 -.27257     -.27257     -.27257      263.91      0.0000     0.17846E-08  0.0000     0.17846E-08
     6     2 -.23363     -.23363     -.31151      263.91      14.949      14.949      57.742      61.490    
     6     3 -.19469     -.19469     -.35045      263.54     -141.32     -141.32      130.46      238.66    
     6     4 -.15576     -.15576     -.38939      261.91     -478.83     -478.83      258.07      724.67    
     6     5 -.11682     -.11682     -.42833      258.37     -889.29     -889.29      429.40      1328.9    
     6     6 -.77878E-01 -.77878E-01 -.46727      252.98     -1198.3     -1198.3      495.34      1765.6    
     6     7 -.38939E-01 -.38939E-01 -.50621      247.32     -1012.7     -1012.7      239.74      1452.2    
     6     8  0.0000      0.0000     -.54514      244.83      0.0000     -.17846E-08  0.0000     0.17846E-08
     6     9 -.19469     -.27257     -.27257      263.82     -36.882      13.409      13.404      41.470    
     6    10 -.15576     -.23363     -.31151      263.58     -169.67     -7.4616      148.12      225.35    
     6    11 -.11682     -.19469     -.35045      262.16     -509.79     -203.17      379.62      667.29    
     6    12 -.77878E-01 -.15576     -.38939      258.94     -925.11     -478.43      626.00      1215.2    
     6    13 -.38939E-01 -.11682     -.42833      253.89     -1184.5     -779.09      809.53      1632.6    
     6    14  0.0000     -.77878E-01 -.46727      248.47     0.89228E-09 -921.79      725.85      1173.3    
     6    15 0.38939E-01 -.38939E-01 -.50621      247.32      1012.7     -1012.6      239.74      1452.1    
     6    16 0.77878E-01  0.0000     -.54514      247.04      890.11     0.20448E-01 -.86880E-01  890.11    
     6    17 0.11682     0.38939E-01 -.58408      251.85      1025.0      1384.4     -221.86      1736.7    
     6    18 0.15576     0.77878E-01 -.62302      257.09      745.59      1270.9     -275.75      1499.0    
     6    19 0.19469     0.11682     -.66196      260.95      362.78      844.08     -198.68      939.97    
     6    20 0.23363     0.15576     -.70090      262.95      72.464      380.87     -127.49      408.12    
     6    21 0.27257     0.19469     -.73984      263.66     -.21296E-01  89.914     -89.943      127.18    
     6    22 -.11682     -.27257     -.27257      263.66     -34.547     -58.561     -58.533      89.716    
     6    23 -.77878E-01 -.23363     -.31151      262.78     -178.97     -435.85      292.29      554.46    
     6    24 -.38939E-01 -.19469     -.35045      259.80     -508.99     -792.15      653.16      1145.9    
     6    25  0.0000     -.15576     -.38939      254.98     0.89228E-09 -1339.4      757.41      1538.7    
     6    26 0.38939E-01 -.11682     -.42833      253.89      1184.5     -779.13      809.49      1632.6    
     6    27 0.77878E-01 -.77878E-01 -.46727      252.98      1198.3     -1198.3      495.32      1765.6    
     6    28 0.11682     -.38939E-01 -.50621      251.85      1025.0     -1384.4      221.83      1736.8    
     6    29 0.15576      0.0000     -.54514      250.74      786.81     -.44414E-01 0.50190E-01  786.81    
     6    30 0.19469     0.38939E-01 -.58408      255.16      545.87      1295.4     -286.98      1434.7    
     6    31 0.23363     0.77878E-01 -.62302      259.08      226.92      951.20     -413.57      1061.8    
     6    32 0.27257     0.11682     -.66196      261.63     -.52683E-02  446.98     -447.01      632.15    
     6    33 -.38939E-01 -.27257     -.27257      263.56     -10.936     -158.61     -158.60      224.57    
     6    34  0.0000     -.23363     -.31151      262.37      0.0000     -749.00      366.55      833.88    
     6    35 0.38939E-01 -.19469     -.35045      259.80      508.99     -792.08      653.16      1145.9    
     6    36 0.77878E-01 -.15576     -.38939      258.94      925.11     -478.39      626.00      1215.1    
     6    37 0.11682     -.11682     -.42833      258.37      889.29     -889.33      429.40      1329.0    
     6    38 0.15576     -.77878E-01 -.46727      257.09      745.59     -1270.9      275.72      1499.0    
     6    39 0.19469     -.38939E-01 -.50621      255.16      545.87     -1295.4      286.98      1434.7    
     6    40 0.23363      0.0000     -.54514      253.03      290.12     0.19390E-01 0.19344E-01  290.12    
     6    41 0.27257     0.38939E-01 -.58408      256.29     0.10696E-01  764.31     -764.31      1080.9    
     6    42 0.38939E-01 -.27257     -.27257      263.56      10.936     -158.58     -158.59      224.54    
     6    43 0.77878E-01 -.23363     -.31151      262.78      178.97     -435.86      292.34      554.49    
     6    44 0.11682     -.19469     -.35045      262.16      509.79     -203.15      379.67      667.31    
     6    45 0.15576     -.15576     -.38939      261.91      478.83     -478.83      258.09      724.68    
     6    46 0.19469     -.11682     -.42833      260.95      362.78     -844.07      198.71      939.97    
     6    47 0.23363     -.77878E-01 -.46727      259.08      226.92     -951.16      413.56      1061.7    
     6    48 0.27257     -.38939E-01 -.50621      256.29     0.10696E-01 -764.30      764.29      1080.9    
     6    49 0.11682     -.27257     -.27257      263.66      34.547     -58.548     -58.534      89.709    
     6    50 0.15576     -.23363     -.31151      263.58      169.67     -7.4673      148.16      225.38    
     6    51 0.19469     -.19469     -.35045      263.54      141.32     -141.33      130.48      238.68    
     6    52 0.23363     -.15576     -.38939      262.95      72.464     -380.85      127.47      408.10    
     6    53 0.27257     -.11682     -.42833      261.63     -.52683E-02 -447.04      447.02      632.20    
     6    54 0.19469     -.27257     -.27257      263.82      36.882      13.457      13.471      41.507    
     6    55 0.23363     -.23363     -.31151      263.91     -14.949      14.959      57.713      61.466    
     6    56 0.27257     -.19469     -.35045      263.66     -.21296E-01 -89.952      89.919      127.19    
     6    57 0.27257     -.27257     -.27257      263.91     -.17846E-08 -.53537E-08  0.0000     0.56433E-08
     6    58 -.11682     -.19469     -.27257      263.92     -262.62      318.57      448.29      609.44    
     6    59 -.77878E-01 -.15576     -.31151      262.19     -509.80      132.60      912.90      1054.0    
     6    60 -.38939E-01 -.11682     -.35045      258.64     -627.29     -70.462      1422.5      1556.3    
     6    61  0.0000     -.77878E-01 -.38939      253.77     -.35991E-01 -562.36      1810.7      1896.0    
     6    62 0.38939E-01 -.38939E-01 -.42833      250.00      1068.2     -1068.2      1228.3      1947.0    
     6    63 0.77878E-01  0.0000     -.46727      248.47      921.84     -.31272E-02  725.92      1173.3    
     6    64 -.38939E-01 -.19469     -.27257      262.45     -390.59      88.734      658.39      770.66    
     6    65  0.0000     -.15576     -.31151      260.25     -.25473E-01  582.47      1412.4      1527.8    
     6    66 0.38939E-01 -.11682     -.35045      258.64      627.30     -70.443      1422.5      1556.3    
     6    67 0.77878E-01 -.77878E-01 -.38939      256.48      757.79     -757.80      1204.2      1612.0    
     6    68 0.11682     -.38939E-01 -.42833      253.89      779.12     -1184.6      809.53      1632.7    
     6    69 0.15576      0.0000     -.46727      252.29      1171.4     0.93340E-02  535.40      1288.0    
     6    70 0.19469     0.38939E-01 -.50621      255.16      545.90      1295.4      287.00      1434.7    
     6    71 0.23363     0.77878E-01 -.54514      258.14     -25.103      1276.0     -.24610E-01  1276.2    
     6    72 0.27257     0.11682     -.58408      260.12     -476.10      913.95     -219.36      1053.6    
     6    73 0.38939E-01 -.19469     -.27257      262.45      390.62      88.739      658.37      770.65    
     6    74 0.77878E-01 -.15576     -.31151      262.19      509.83      132.57      912.94      1054.0    
     6    75 0.11682     -.11682     -.35045      261.04      422.46     -422.45      843.64      1033.8    
     6    76 0.15576     -.77878E-01 -.38939      258.94      478.42     -925.10      626.00      1215.1    
     6    77 0.19469     -.38939E-01 -.42833      257.13      846.02     -823.88      607.63      1328.1    
     6    78 0.23363      0.0000     -.46727      256.45      761.20     0.38740E-01  922.17      1195.8    
     6    79 0.27257     0.38939E-01 -.50621      256.29     -.68398E-02  764.33      764.30      1080.9    
     6    80 0.11682     -.19469     -.27257      263.92      262.63      318.57      448.30      609.46    
     6    81 0.15576     -.15576     -.31151      263.53      125.68     -125.73      505.27      535.64    
     6    82 0.19469     -.11682     -.35045      262.16      203.18     -509.81      379.67      667.34    
     6    83 0.23363     -.77878E-01 -.38939      261.08      553.18     -442.65      495.73      864.70    
     6    84 0.27257     -.38939E-01 -.42833      260.12      476.11     -219.36      913.94      1053.6    
     6    85 0.19469     -.19469     -.27257      264.33     -76.510      76.529      225.38      250.02    
     6    86 0.23363     -.15576     -.31151      263.58      7.4773     -169.65      148.12      225.34    
     6    87 0.27257     -.11682     -.35045      263.25      254.50     -86.145      275.65      384.94    
     6    88 0.27257     -.19469     -.27257      263.82     -13.453     -36.904      13.436      41.514    
     6    89 0.38939E-01 -.11682     -.27257      264.77      115.53      555.84      1446.1      1553.5    
     6    90 0.77878E-01 -.77878E-01 -.31151      262.39      85.642     -85.635      1538.8      1543.5    
     6    91 0.11682     -.38939E-01 -.35045      258.64      70.471     -627.31      1422.5      1556.3    
     6    92 0.15576      0.0000     -.38939      254.98      1339.3     -.15037E-01  757.38      1538.7    
     6    93 0.11682     -.11682     -.27257      264.96     -96.003      95.997      988.60      997.88    
     6    94 0.15576     -.77878E-01 -.31151      262.19     -132.59     -509.81      912.94      1054.0    
     6    95 0.19469     -.38939E-01 -.35045      259.80      792.06     -509.02      653.13      1145.9    
     6    96 0.23363      0.0000     -.38939      260.03      997.29     -.11570E-01  751.54      1248.8    
     6    97 0.27257     0.38939E-01 -.42833      260.12      476.12      219.37      913.97      1053.6    
     6    98 0.19469     -.11682     -.27257      263.92     -318.60     -262.59      448.31      609.46    
     6    99 0.23363     -.77878E-01 -.31151      262.78      435.76     -179.02      292.31      554.42    
     6   100 0.27257     -.38939E-01 -.35045      263.02      542.48     -24.048      435.58      696.13    
     6   101 0.27257     -.11682     -.27257      263.66      58.533     -34.574     -58.528      89.705    
     6   102 0.19469     -.38939E-01 -.27257      262.45     -88.709     -390.55      658.34      770.59    
     6   103 0.23363      0.0000     -.31151      262.37      749.01     0.42921E-01  366.57      833.90    
     6   104 0.27257     -.38939E-01 -.27257      263.56      158.59     -10.904     -158.67      224.60    
