 # om(i),i,integrated_dos,total_dos,(dos(la,i),la=1,n))
0.52000E-01      1  0.000      0.000      0.000      0.000      0.000      0.000      0.000      0.000    
0.92011          2  0.000      0.000      0.000      0.000      0.000      0.000      0.000      0.000    
 1.7882          3  0.000      0.000      0.000      0.000      0.000      0.000      0.000      0.000    
 2.6563          4  0.000      0.000      0.000      0.000      0.000      0.000      0.000      0.000    
 3.5245          5  0.000      0.000      0.000      0.000      0.000      0.000      0.000      0.000    
 4.3926          6  0.000      0.000      0.000      0.000      0.000      0.000      0.000      0.000    
 5.2607          7  0.000      0.000      0.000      0.000      0.000      0.000      0.000      0.000    
 6.1288          8  0.000      0.000      0.000      0.000      0.000      0.000      0.000      0.000    
 6.9969          9  0.000      0.000      0.000      0.000      0.000      0.000      0.000      0.000    
 7.8650         10  0.000      0.000      0.000      0.000      0.000      0.000      0.000      0.000    
 8.7331         11  0.000      0.000      0.000      0.000      0.000      0.000      0.000      0.000    
 9.6012         12  0.000      0.000      0.000      0.000      0.000      0.000      0.000      0.000    
 10.469         13  0.000      0.000      0.000      0.000      0.000      0.000      0.000      0.000    
 11.337         14  0.000      0.000      0.000      0.000      0.000      0.000      0.000      0.000    
 12.206         15  0.000      0.000      0.000      0.000      0.000      0.000      0.000      0.000    
 13.074         16  0.000      0.000      0.000      0.000      0.000      0.000      0.000      0.000    
 13.942         17  0.000      0.000      0.000      0.000      0.000      0.000      0.000      0.000    
 14.810         18  0.000      0.000      0.000      0.000      0.000      0.000      0.000      0.000    
 15.678         19  0.000      0.000      0.000      0.000      0.000      0.000      0.000      0.000    
 16.546         20  0.000      0.000      0.000      0.000      0.000      0.000      0.000      0.000    
 17.414         21  0.000      0.000      0.000      0.000      0.000      0.000      0.000      0.000    
 18.282         22  0.000      0.000      0.000      0.000      0.000      0.000      0.000      0.000    
 19.150         23  0.000      0.000      0.000      0.000      0.000      0.000      0.000      0.000    
 20.019         24  0.000      0.000      0.000      0.000      0.000      0.000      0.000      0.000    
 20.887         25  0.000      0.000      0.000      0.000      0.000      0.000      0.000      0.000    
 21.755         26  0.000      0.000      0.000      0.000      0.000      0.000      0.000      0.000    
 22.623         27  0.000      0.000      0.000      0.000      0.000      0.000      0.000      0.000    
 23.491         28  0.000      0.000      0.000      0.000      0.000      0.000      0.000      0.000    
 24.359         29  0.000      0.000      0.000      0.000      0.000      0.000      0.000      0.000    
 25.227         30  0.000      0.000      0.000      0.000      0.000      0.000      0.000      0.000    
 26.095         31  0.000      0.000      0.000      0.000      0.000      0.000      0.000      0.000    
 26.964         32  0.000      0.000      0.000      0.000      0.000      0.000      0.000      0.000    
 27.832         33  0.000      0.000      0.000      0.000      0.000      0.000      0.000      0.000    
 28.700         34  0.000      0.000      0.000      0.000      0.000      0.000      0.000      0.000    
 29.568         35  0.000      0.000      0.000      0.000      0.000      0.000      0.000      0.000    
 30.436         36  0.000      0.000      0.000      0.000      0.000      0.000      0.000      0.000    
 31.304         37  0.000      0.000      0.000      0.000      0.000      0.000      0.000      0.000    
 32.172         38  0.000      0.000      0.000      0.000      0.000      0.000      0.000      0.000    
 33.040         39  0.000      0.000      0.000      0.000      0.000      0.000      0.000      0.000    
 33.908         40  0.000      0.000      0.000      0.000      0.000      0.000      0.000      0.000    
 34.777         41  0.000      0.000      0.000      0.000      0.000      0.000      0.000      0.000    
 35.645         42  0.000      0.000      0.000      0.000      0.000      0.000      0.000      0.000    
 36.513         43  0.000      0.000      0.000      0.000      0.000      0.000      0.000      0.000    
 37.381         44  0.000      0.000      0.000      0.000      0.000      0.000      0.000      0.000    
 38.249         45  0.000      0.000      0.000      0.000      0.000      0.000      0.000      0.000    
 39.117         46  0.000      0.000      0.000      0.000      0.000      0.000      0.000      0.000    
 39.985         47  0.000      0.000      0.000      0.000      0.000      0.000      0.000      0.000    
 40.853         48  0.000      0.000      0.000      0.000      0.000      0.000      0.000      0.000    
 41.721         49  0.000      0.000      0.000      0.000      0.000      0.000      0.000      0.000    
 42.590         50  0.000      0.000      0.000      0.000      0.000      0.000      0.000      0.000    
 43.458         51  0.000      0.000      0.000      0.000      0.000      0.000      0.000      0.000    
 44.326         52  0.000      0.000      0.000      0.000      0.000      0.000      0.000      0.000    
 45.194         53  0.000      0.000      0.000      0.000      0.000      0.000      0.000      0.000    
 46.062         54  0.000      0.000      0.000      0.000      0.000      0.000      0.000      0.000    
 46.930         55  0.000      0.000      0.000      0.000      0.000      0.000      0.000      0.000    
 47.798         56  0.000      0.000      0.000      0.000      0.000      0.000      0.000      0.000    
 48.666         57  0.000      0.000      0.000      0.000      0.000      0.000      0.000      0.000    
 49.534         58  0.000      0.000      0.000      0.000      0.000      0.000      0.000      0.000    
 50.403         59  0.000      0.000      0.000      0.000      0.000      0.000      0.000      0.000    
 51.271         60  0.000      0.000      0.000      0.000      0.000      0.000      0.000      0.000    
 52.139         61  0.000      0.000      0.000      0.000      0.000      0.000      0.000      0.000    
 53.007         62  0.000      0.000      0.000      0.000      0.000      0.000      0.000      0.000    
 53.875         63  0.000      0.000      0.000      0.000      0.000      0.000      0.000      0.000    
 54.743         64  0.000      0.000      0.000      0.000      0.000      0.000      0.000      0.000    
 55.611         65  0.000      0.000      0.000      0.000      0.000      0.000      0.000      0.000    
 56.479         66  0.000      0.000      0.000      0.000      0.000      0.000      0.000      0.000    
 57.347         67  0.000      0.000      0.000      0.000      0.000      0.000      0.000      0.000    
 58.216         68  0.000      0.000      0.000      0.000      0.000      0.000      0.000      0.000    
 59.084         69 0.3077E-07 0.3550E-07 0.1775E-07 0.1775E-07  0.000      0.000      0.000      0.000    
 59.952         70 0.1178E-05 0.1324E-05 0.6859E-06 0.6379E-06  0.000      0.000      0.000      0.000    
 60.820         71 0.2188E-04 0.2389E-04 0.1310E-04 0.1079E-04  0.000      0.000      0.000      0.000    
 61.688         72 0.2164E-03 0.2245E-03 0.1385E-03 0.8591E-04  0.000      0.000      0.000      0.000    
 62.556         73 0.1267E-02 0.1212E-02 0.8905E-03 0.3219E-03  0.000      0.000      0.000      0.000    
 63.424         74 0.4796E-02 0.4072E-02 0.3504E-02 0.5677E-03  0.000      0.000      0.000      0.000    
 64.292         75 0.1207E-01 0.8396E-02 0.7925E-02 0.4712E-03  0.000      0.000      0.000      0.000    
 65.161         76 0.2130E-01 0.1065E-01 0.1047E-01 0.1841E-03  0.000      0.000      0.000      0.000    
 66.029         77 0.3104E-01 0.1124E-01 0.1120E-01 0.3420E-04  0.000      0.000      0.000      0.000    
 66.897         78 0.4618E-01 0.1747E-01 0.1746E-01 0.1339E-04  0.000      0.000      0.000      0.000    
 67.765         79 0.7317E-01 0.3114E-01 0.3099E-01 0.1490E-03  0.000      0.000      0.000      0.000    
 68.633         80 0.1075     0.3964E-01 0.3858E-01 0.1059E-02  0.000      0.000      0.000      0.000    
 69.501         81 0.1372     0.3424E-01 0.3029E-01 0.3954E-02  0.000      0.000      0.000      0.000    
 70.369         82 0.1651     0.3214E-01 0.2390E-01 0.8235E-02  0.000      0.000      0.000      0.000    
 71.237         83 0.2038     0.4474E-01 0.3477E-01 0.9971E-02  0.000      0.000      0.000      0.000    
 72.105         84 0.2550     0.5902E-01 0.5207E-01 0.6952E-02  0.000      0.000      0.000      0.000    
 72.974         85 0.3097     0.6313E-01 0.6046E-01 0.2663E-02  0.000      0.000      0.000      0.000    
 73.842         86 0.3574     0.5501E-01 0.5447E-01 0.5335E-03  0.000      0.000      0.000      0.000    
 74.710         87 0.3992     0.4829E-01 0.4822E-01 0.6631E-04  0.000      0.000      0.000      0.000    
 75.578         88 0.4455     0.5345E-01 0.5328E-01 0.1725E-03  0.000      0.000      0.000      0.000    
 76.446         89 0.4993     0.6197E-01 0.6081E-01 0.1166E-02  0.000      0.000      0.000      0.000    
 77.314         90 0.5552     0.6460E-01 0.6001E-01 0.4590E-02  0.000      0.000      0.000      0.000    
 78.182         91 0.6122     0.6577E-01 0.5358E-01 0.1219E-01  0.000      0.000      0.000      0.000    
 79.050         92 0.6721     0.6911E-01 0.4636E-01 0.2274E-01  0.000      0.000      0.000      0.000    
 79.918         93 0.7348     0.7231E-01 0.4266E-01 0.2965E-01  0.000      0.000      0.000      0.000    
 80.787         94 0.8060     0.8216E-01 0.4811E-01 0.3405E-01  0.000      0.000      0.000      0.000    
 81.655         95 0.8849     0.9098E-01 0.5104E-01 0.3994E-01  0.000      0.000      0.000      0.000    
 82.523         96 0.9484     0.7331E-01 0.3730E-01 0.3601E-01  0.000      0.000      0.000      0.000    
 83.391         97 0.9820     0.3878E-01 0.1669E-01 0.2208E-01  0.000      0.000      0.000      0.000    
 84.259         98  1.002     0.2274E-01 0.5057E-02 0.1768E-01  0.000      0.000      0.000      0.000    
 85.127         99  1.032     0.3461E-01 0.4559E-02 0.3005E-01  0.000      0.000      0.000      0.000    
 85.995        100  1.081     0.5736E-01 0.1097E-01 0.4640E-01  0.000      0.000      0.000      0.000    
 86.863        101  1.144     0.7272E-01 0.1964E-01 0.5308E-01  0.000      0.000      0.000      0.000    
 87.731        102  1.207     0.7222E-01 0.2718E-01 0.4504E-01  0.000      0.000      0.000      0.000    
 88.600        103  1.257     0.5783E-01 0.2738E-01 0.3045E-01  0.000      0.000      0.000      0.000    
 89.468        104  1.295     0.4309E-01 0.1900E-01 0.2409E-01  0.000      0.000      0.000      0.000    
 90.336        105  1.332     0.4290E-01 0.1724E-01 0.2566E-01  0.000      0.000      0.000      0.000    
 91.204        106  1.378     0.5338E-01 0.2561E-01 0.2776E-01  0.000      0.000      0.000      0.000    
 92.072        107  1.429     0.5854E-01 0.2674E-01 0.3180E-01  0.000      0.000      0.000      0.000    
 92.940        108  1.476     0.5437E-01 0.1610E-01 0.3828E-01  0.000      0.000      0.000      0.000    
 93.808        109  1.517     0.4788E-01 0.6622E-02 0.4126E-01  0.000      0.000      0.000      0.000    
 94.676        110  1.553     0.4107E-01 0.5134E-02 0.3593E-01  0.000      0.000      0.000      0.000    
 95.544        111  1.584     0.3543E-01 0.8219E-02 0.2721E-01  0.000      0.000      0.000      0.000    
 96.413        112  1.613     0.3363E-01 0.1013E-01 0.2350E-01  0.000      0.000      0.000      0.000    
 97.281        113  1.642     0.3384E-01 0.9238E-02 0.2460E-01  0.000      0.000      0.000      0.000    
 98.149        114  1.670     0.3254E-01 0.5614E-02 0.2693E-01  0.000      0.000      0.000      0.000    
 99.017        115  1.693     0.2635E-01 0.1869E-02 0.2448E-01  0.000      0.000      0.000      0.000    
 99.885        116  1.711     0.2011E-01 0.4417E-03 0.1967E-01  0.000      0.000      0.000      0.000    
 100.75        117  1.727     0.1954E-01 0.8884E-03 0.1866E-01  0.000      0.000      0.000      0.000    
 101.62        118  1.748     0.2355E-01 0.2530E-02 0.2102E-01  0.000      0.000      0.000      0.000    
 102.49        119  1.770     0.2565E-01 0.3482E-02 0.2217E-01  0.000      0.000      0.000      0.000    
 103.36        120  1.793     0.2667E-01 0.2256E-02 0.2441E-01  0.000      0.000      0.000      0.000    
 104.23        121  1.820     0.3049E-01 0.6878E-03 0.2980E-01  0.000      0.000      0.000      0.000    
 105.09        122  1.845     0.2920E-01 0.9870E-04 0.2910E-01  0.000      0.000      0.000      0.000    
 105.96        123  1.866     0.2420E-01 0.6667E-05 0.2419E-01  0.000      0.000      0.000      0.000    
 106.83        124  1.884     0.2033E-01 0.2119E-06 0.2033E-01  0.000      0.000      0.000      0.000    
 107.70        125  1.899     0.1783E-01  0.000     0.1783E-01  0.000      0.000      0.000      0.000    
 108.57        126  1.913     0.1664E-01  0.000     0.1664E-01  0.000      0.000      0.000      0.000    
 109.43        127  1.927     0.1549E-01  0.000     0.1549E-01  0.000      0.000      0.000      0.000    
 110.30        128  1.939     0.1398E-01  0.000     0.1398E-01  0.000      0.000      0.000      0.000    
 111.17        129  1.952     0.1505E-01  0.000     0.1505E-01  0.000      0.000      0.000      0.000    
 112.04        130  1.969     0.1921E-01  0.000     0.1921E-01  0.000      0.000      0.000      0.000    
 112.91        131  1.985     0.1881E-01  0.000     0.1881E-01  0.000      0.000      0.000      0.000    
 113.77        132  1.994     0.1030E-01  0.000     0.1030E-01  0.000      0.000      0.000      0.000    
 114.64        133  1.996     0.2799E-02  0.000     0.2799E-02  0.000      0.000      0.000      0.000    
 115.51        134  1.997     0.3639E-03  0.000     0.3639E-03  0.000      0.000      0.000      0.000    
 116.38        135  1.997     0.2240E-04  0.000     0.2240E-04  0.000      0.000      0.000      0.000    
 117.25        136  1.997     0.6516E-06  0.000     0.6516E-06  0.000      0.000      0.000      0.000    
 118.12        137  1.997      0.000      0.000      0.000      0.000      0.000      0.000      0.000    
 118.98        138  1.997      0.000      0.000      0.000      0.000      0.000      0.000      0.000    
 119.85        139  1.997      0.000      0.000      0.000      0.000      0.000      0.000      0.000    
 120.72        140  1.997      0.000      0.000      0.000      0.000      0.000      0.000      0.000    
 121.59        141  1.997      0.000      0.000      0.000      0.000      0.000      0.000      0.000    
 122.46        142  1.997      0.000      0.000      0.000      0.000      0.000      0.000      0.000    
 123.32        143  1.997      0.000      0.000      0.000      0.000      0.000      0.000      0.000    
 124.19        144  1.997      0.000      0.000      0.000      0.000      0.000      0.000      0.000    
 125.06        145  1.997      0.000      0.000      0.000      0.000      0.000      0.000      0.000    
 125.93        146  1.997      0.000      0.000      0.000      0.000      0.000      0.000      0.000    
 126.80        147  1.997      0.000      0.000      0.000      0.000      0.000      0.000      0.000    
 127.66        148  1.997      0.000      0.000      0.000      0.000      0.000      0.000      0.000    
 128.53        149  1.997      0.000      0.000      0.000      0.000      0.000      0.000      0.000    
 129.40        150  1.997     0.1633E-07  0.000      0.000     0.1633E-07  0.000      0.000      0.000    
 130.27        151  1.997     0.8265E-06  0.000      0.000     0.8265E-06  0.000      0.000      0.000    
 131.14        152  1.997     0.1968E-04  0.000      0.000     0.1968E-04  0.000      0.000      0.000    
 132.01        153  1.997     0.2206E-03  0.000      0.000     0.2206E-03  0.000      0.000      0.000    
 132.87        154  1.998     0.1164E-02  0.000      0.000     0.1164E-02  0.000      0.000      0.000    
 133.74        155  2.000     0.2890E-02  0.000      0.000     0.2890E-02  0.000      0.000      0.000    
 134.61        156  2.003     0.3378E-02  0.000      0.000     0.3378E-02  0.000      0.000      0.000    
 135.48        157  2.005     0.1858E-02  0.000      0.000     0.1858E-02  0.000      0.000      0.000    
 136.35        158  2.005     0.4811E-03  0.000      0.000     0.4811E-03  0.000      0.000      0.000    
 137.21        159  2.005     0.5862E-04  0.000      0.000     0.5862E-04  0.000      0.000      0.000    
 138.08        160  2.005     0.3362E-05  0.000      0.000     0.3362E-05  0.000      0.000      0.000    
 138.95        161  2.005     0.1374E-06  0.000      0.000     0.1374E-06  0.000      0.000      0.000    
 139.82        162  2.005     0.2268E-05  0.000      0.000     0.2268E-05  0.000      0.000      0.000    
 140.69        163  2.005     0.4989E-04  0.000      0.000     0.4989E-04  0.000      0.000      0.000    
 141.55        164  2.006     0.5505E-03  0.000      0.000     0.5505E-03  0.000      0.000      0.000    
 142.42        165  2.009     0.3107E-02  0.000      0.000     0.3107E-02  0.000      0.000      0.000    
 143.29        166  2.017     0.9105E-02  0.000      0.000     0.9105E-02  0.000      0.000      0.000    
 144.16        167  2.029     0.1430E-01  0.000      0.000     0.1430E-01  0.000      0.000      0.000    
 145.03        168  2.041     0.1401E-01  0.000      0.000     0.1401E-01  0.000      0.000      0.000    
 145.90        169  2.052     0.1268E-01  0.000      0.000     0.1268E-01  0.000      0.000      0.000    
 146.76        170  2.063     0.1225E-01  0.000      0.000     0.1225E-01  0.000      0.000      0.000    
 147.63        171  2.071     0.9208E-02  0.000      0.000     0.9208E-02  0.000      0.000      0.000    
 148.50        172  2.074     0.4206E-02  0.000      0.000     0.4206E-02  0.000      0.000      0.000    
 149.37        173  2.075     0.1144E-02  0.000      0.000     0.1144E-02  0.000      0.000      0.000    
 150.24        174  2.077     0.1537E-02  0.000      0.000     0.1537E-02  0.000      0.000      0.000    
 151.10        175  2.083     0.7302E-02  0.000      0.000     0.7302E-02  0.000      0.000      0.000    
 151.97        176  2.098     0.1778E-01  0.000      0.000     0.1778E-01  0.000      0.000      0.000    
 152.84        177  2.117     0.2119E-01  0.000      0.000     0.2119E-01  0.000      0.000      0.000    
 153.71        178  2.130     0.1478E-01  0.000      0.000     0.1478E-01  0.000      0.000      0.000    
 154.58        179  2.138     0.1003E-01  0.000      0.000     0.1003E-01  0.000      0.000      0.000    
 155.44        180  2.146     0.8520E-02  0.000      0.000     0.8520E-02  0.000      0.000      0.000    
 156.31        181  2.155     0.1128E-01  0.000      0.000     0.1128E-01  0.000      0.000      0.000    
 157.18        182  2.173     0.2080E-01  0.000      0.000     0.2080E-01  0.000      0.000      0.000    
 158.05        183  2.198     0.2896E-01  0.000      0.000     0.2896E-01  0.000      0.000      0.000    
 158.92        184  2.224     0.2940E-01  0.000      0.000     0.2940E-01  0.000      0.000      0.000    
 159.78        185  2.247     0.2708E-01  0.000      0.000     0.2708E-01  0.000      0.000      0.000    
 160.65        186  2.267     0.2233E-01  0.000      0.000     0.2233E-01  0.000      0.000      0.000    
 161.52        187  2.279     0.1437E-01  0.000      0.000     0.1437E-01  0.000      0.000      0.000    
 162.39        188  2.287     0.9280E-02  0.000      0.000     0.9280E-02  0.000      0.000      0.000    
 163.26        189  2.297     0.1176E-01  0.000      0.000     0.1176E-01  0.000      0.000      0.000    
 164.13        190  2.310     0.1427E-01  0.000      0.000     0.1427E-01  0.000      0.000      0.000    
 164.99        191  2.319     0.1067E-01  0.000      0.000     0.1067E-01  0.000      0.000      0.000    
 165.86        192  2.329     0.1127E-01  0.000      0.000     0.1127E-01  0.000      0.000      0.000    
 166.73        193  2.347     0.2109E-01  0.000      0.000     0.2109E-01  0.000      0.000      0.000    
 167.60        194  2.372     0.2881E-01  0.000      0.000     0.2881E-01  0.000      0.000      0.000    
 168.47        195  2.396     0.2774E-01  0.000      0.000     0.2774E-01  0.000      0.000      0.000    
 169.33        196  2.416     0.2312E-01  0.000      0.000     0.2312E-01  0.000      0.000      0.000    
 170.20        197  2.435     0.2119E-01  0.000      0.000     0.2119E-01  0.000      0.000      0.000    
 171.07        198  2.455     0.2376E-01  0.000      0.000     0.2376E-01  0.000      0.000      0.000    
 171.94        199  2.476     0.2386E-01  0.000      0.000     0.2386E-01  0.000      0.000      0.000    
 172.81        200  2.493     0.1974E-01  0.000      0.000     0.1974E-01  0.000      0.000      0.000    
 173.67        201  2.509     0.1839E-01  0.000      0.000     0.1839E-01  0.000      0.000      0.000    
 174.54        202  2.527     0.2081E-01  0.000      0.000     0.2081E-01  0.000      0.000      0.000    
 175.41        203  2.546     0.2251E-01  0.000      0.000     0.2251E-01  0.000      0.000      0.000    
 176.28        204  2.564     0.2032E-01  0.000      0.000     0.2032E-01  0.000      0.000      0.000    
 177.15        205  2.580     0.1819E-01  0.000      0.000     0.1819E-01  0.000      0.000      0.000    
 178.02        206  2.598     0.2157E-01  0.000      0.000     0.2157E-01  0.000      0.000      0.000    
 178.88        207  2.623     0.2881E-01  0.000      0.000     0.2881E-01  0.000      0.000      0.000    
 179.75        208  2.651     0.3208E-01  0.000      0.000     0.3208E-01  0.000      0.000      0.000    
 180.62        209  2.674     0.2627E-01  0.000      0.000     0.2627E-01  0.000      0.000      0.000    
 181.49        210  2.693     0.2137E-01  0.000      0.000     0.2137E-01  0.000      0.000      0.000    
 182.36        211  2.716     0.2744E-01  0.000      0.000     0.2744E-01  0.000      0.000      0.000    
 183.22        212  2.746     0.3390E-01  0.000      0.000     0.3390E-01  0.000      0.000      0.000    
 184.09        213  2.769     0.2704E-01  0.000      0.000     0.2704E-01  0.000      0.000      0.000    
 184.96        214  2.784     0.1684E-01  0.000      0.000     0.1684E-01  0.000      0.000      0.000    
 185.83        215  2.800     0.1912E-01  0.000      0.000     0.1912E-01  0.000      0.000      0.000    
 186.70        216  2.824     0.2701E-01  0.000      0.000     0.2701E-01  0.000      0.000      0.000    
 187.56        217  2.849     0.2866E-01  0.000      0.000     0.2866E-01 0.4221E-06  0.000      0.000    
 188.43        218  2.867     0.2172E-01  0.000      0.000     0.2171E-01 0.1156E-04  0.000      0.000    
 189.30        219  2.877     0.1054E-01  0.000      0.000     0.1039E-01 0.1491E-03  0.000      0.000    
 190.17        220  2.881     0.5309E-02  0.000      0.000     0.4404E-02 0.9048E-03  0.000      0.000    
 191.04        221  2.889     0.8589E-02  0.000      0.000     0.6005E-02 0.2584E-02  0.000      0.000    
 191.91        222  2.899     0.1162E-01  0.000      0.000     0.8146E-02 0.3474E-02  0.000      0.000    
 192.77        223  2.905     0.7722E-02  0.000      0.000     0.5524E-02 0.2198E-02  0.000      0.000    
 193.64        224  2.908     0.2905E-02  0.000      0.000     0.2246E-02 0.6593E-03  0.000      0.000    
 194.51        225  2.911     0.3219E-02  0.000      0.000     0.3039E-02 0.1807E-03  0.000      0.000    
 195.38        226  2.918     0.8387E-02  0.000      0.000     0.7588E-02 0.7991E-03  0.000      0.000    
 196.25        227  2.930     0.1353E-01  0.000      0.000     0.1020E-01 0.3326E-02  0.000      0.000    
 197.11        228  2.942     0.1375E-01  0.000      0.000     0.7180E-02 0.6573E-02  0.000      0.000    
 197.98        229  2.951     0.1123E-01  0.000      0.000     0.5004E-02 0.6230E-02  0.000      0.000    
 198.85        230  2.962     0.1190E-01  0.000      0.000     0.8196E-02 0.3701E-02  0.000      0.000    
 199.72        231  2.974     0.1482E-01  0.000      0.000     0.1040E-01 0.4421E-02  0.000      0.000    
 200.59        232  2.987     0.1405E-01  0.000      0.000     0.7090E-02 0.6962E-02  0.000      0.000    
 201.45        233  2.996     0.1134E-01  0.000      0.000     0.4806E-02 0.6537E-02  0.000      0.000    
 202.32        234  3.008     0.1341E-01  0.000      0.000     0.6730E-02 0.6676E-02  0.000      0.000    
 203.19        235  3.026     0.2088E-01  0.000      0.000     0.7434E-02 0.1344E-01  0.000      0.000    
 204.06        236  3.050     0.2792E-01  0.000      0.000     0.4427E-02 0.2350E-01  0.000      0.000    
 204.93        237  3.076     0.3008E-01  0.000      0.000     0.1367E-02 0.2871E-01  0.000      0.000    
 205.79        238  3.099     0.2651E-01  0.000      0.000     0.2174E-03 0.2629E-01  0.000      0.000    
 206.66        239  3.114     0.1680E-01  0.000      0.000     0.7862E-04 0.1672E-01  0.000      0.000    
 207.53        240  3.120     0.7040E-02  0.000      0.000     0.5624E-03 0.6478E-02  0.000      0.000    
 208.40        241  3.125     0.5242E-02  0.000      0.000     0.2403E-02 0.2838E-02  0.000      0.000    
 209.27        242  3.132     0.8270E-02  0.000      0.000     0.4855E-02 0.3414E-02  0.000      0.000    
 210.14        243  3.138     0.7644E-02  0.000      0.000     0.4637E-02 0.3008E-02  0.000      0.000    
 211.00        244  3.141     0.3383E-02  0.000      0.000     0.2095E-02 0.1288E-02  0.000      0.000    
 211.87        245  3.142     0.8423E-03  0.000      0.000     0.4480E-03 0.3944E-03  0.000      0.000    
 212.74        246  3.143     0.1350E-02  0.000      0.000     0.4598E-04 0.1304E-02  0.000      0.000    
 213.61        247  3.149     0.6179E-02  0.000      0.000     0.1704E-04 0.6162E-02  0.000      0.000    
 214.48        248  3.164     0.1742E-01  0.000      0.000     0.1796E-03 0.1724E-01  0.000      0.000    
 215.34        249  3.193     0.3336E-01  0.000      0.000     0.1021E-02 0.3234E-01  0.000      0.000    
 216.21        250  3.232     0.4583E-01  0.000      0.000     0.2731E-02 0.4310E-01  0.000      0.000    
 217.08        251  3.271     0.4491E-01  0.000      0.000     0.3440E-02 0.4147E-01  0.000      0.000    
 217.95        252  3.300     0.3327E-01  0.000      0.000     0.2039E-02 0.3123E-01  0.000      0.000    
 218.82        253  3.317     0.1932E-01  0.000      0.000     0.5690E-03 0.1875E-01  0.000      0.000    
 219.68        254  3.324     0.8437E-02  0.000      0.000     0.7584E-04 0.8361E-02  0.000      0.000    
 220.55        255  3.327     0.3660E-02  0.000      0.000     0.2121E-04 0.3638E-02  0.000      0.000    
 221.42        256  3.331     0.4554E-02  0.000      0.000     0.1154E-03 0.4438E-02  0.000      0.000    
 222.29        257  3.338     0.8146E-02  0.000      0.000     0.3771E-03 0.7769E-02  0.000      0.000    
 223.16        258  3.349     0.1222E-01  0.000      0.000     0.5804E-03 0.1164E-01  0.000      0.000    
 224.03        259  3.364     0.1721E-01  0.000      0.000     0.4205E-03 0.1679E-01  0.000      0.000    
 224.89        260  3.383     0.2223E-01  0.000      0.000     0.1434E-03 0.2209E-01  0.000      0.000    
 225.76        261  3.410     0.3151E-01  0.000      0.000     0.2301E-04 0.3149E-01  0.000      0.000    
 226.63        262  3.455     0.5115E-01  0.000      0.000     0.1738E-05 0.5115E-01  0.000      0.000    
 227.50        263  3.512     0.6666E-01  0.000      0.000     0.6177E-07 0.6666E-01  0.000      0.000    
 228.37        264  3.569     0.6522E-01  0.000      0.000      0.000     0.6522E-01  0.000      0.000    
 229.23        265  3.611     0.4905E-01  0.000      0.000      0.000     0.4905E-01  0.000      0.000    
 230.10        266  3.637     0.2934E-01  0.000      0.000      0.000     0.2934E-01  0.000      0.000    
 230.97        267  3.654     0.2018E-01  0.000      0.000      0.000     0.2018E-01  0.000      0.000    
 231.84        268  3.669     0.1694E-01  0.000      0.000      0.000     0.1694E-01  0.000      0.000    
 232.71        269  3.680     0.1221E-01  0.000      0.000      0.000     0.1221E-01  0.000      0.000    
 233.57        270  3.685     0.6669E-02  0.000      0.000      0.000     0.6669E-02  0.000      0.000    
 234.44        271  3.688     0.2635E-02  0.000      0.000      0.000     0.2635E-02  0.000      0.000    
 235.31        272  3.691     0.3785E-02  0.000      0.000      0.000     0.3785E-02  0.000      0.000    
 236.18        273  3.703     0.1401E-01  0.000      0.000      0.000     0.1401E-01  0.000      0.000    
 237.05        274  3.729     0.3013E-01  0.000      0.000      0.000     0.3013E-01  0.000      0.000    
 237.92        275  3.764     0.4043E-01  0.000      0.000      0.000     0.4043E-01  0.000      0.000    
 238.78        276  3.807     0.4872E-01  0.000      0.000      0.000     0.4872E-01  0.000      0.000    
 239.65        277  3.857     0.5811E-01  0.000      0.000      0.000     0.5811E-01  0.000      0.000    
 240.52        278  3.900     0.4960E-01  0.000      0.000      0.000     0.4960E-01  0.000      0.000    
 241.39        279  3.925     0.2864E-01  0.000      0.000      0.000     0.2864E-01  0.000      0.000    
 242.26        280  3.941     0.1824E-01  0.000      0.000      0.000     0.1824E-01  0.000      0.000    
 243.12        281  3.952     0.1328E-01  0.000      0.000      0.000     0.1328E-01  0.000      0.000    
 243.99        282  3.957     0.5928E-02  0.000      0.000      0.000     0.5928E-02 0.3598E-07  0.000    
 244.86        283  3.958     0.1327E-02  0.000      0.000      0.000     0.1325E-02 0.2261E-05 0.5176E-07
 245.73        284  3.959     0.5757E-03  0.000      0.000      0.000     0.5136E-03 0.6057E-04 0.1577E-05
 246.60        285  3.962     0.3482E-02  0.000      0.000      0.000     0.2674E-02 0.7841E-03 0.2393E-04
 247.46        286  3.974     0.1425E-01  0.000      0.000      0.000     0.8866E-02 0.5181E-02 0.1994E-03
 248.33        287  4.004     0.3412E-01  0.000      0.000      0.000     0.1389E-01 0.1915E-01 0.1080E-02
 249.20        288  4.056     0.6054E-01  0.000      0.000      0.000     0.1026E-01 0.4603E-01 0.4243E-02
 250.07        289  4.141     0.9740E-01  0.000      0.000      0.000     0.3573E-02 0.8157E-01 0.1225E-01
 250.94        290  4.258     0.1358      0.000      0.000      0.000     0.5865E-03 0.1078     0.2742E-01
 251.80        291  4.393     0.1553      0.000      0.000      0.000     0.4537E-04 0.1053     0.5001E-01
 252.67        292  4.530     0.1580      0.000      0.000      0.000     0.1654E-05 0.8923E-01 0.6874E-01
 253.54        293  4.662     0.1528      0.000      0.000      0.000      0.000     0.8274E-01 0.7003E-01
 254.41        294  4.783     0.1388      0.000      0.000      0.000      0.000     0.7404E-01 0.6479E-01
 255.28        295  4.889     0.1229      0.000      0.000      0.000      0.000     0.6167E-01 0.6123E-01
 256.15        296  4.994     0.1207      0.000      0.000      0.000      0.000     0.6412E-01 0.5661E-01
 257.01        297  5.106     0.1301      0.000      0.000      0.000      0.000     0.7451E-01 0.5554E-01
 257.88        298  5.219     0.1299      0.000      0.000      0.000      0.000     0.7438E-01 0.5557E-01
 258.75        299  5.321     0.1180      0.000      0.000      0.000      0.000     0.6023E-01 0.5774E-01
 259.62        300  5.424     0.1184      0.000      0.000      0.000      0.000     0.4738E-01 0.7100E-01
 260.49        301  5.533     0.1262      0.000      0.000      0.000      0.000     0.4820E-01 0.7804E-01
 261.35        302  5.635     0.1172      0.000      0.000      0.000      0.000     0.4548E-01 0.7169E-01
 262.22        303  5.731     0.1106      0.000      0.000      0.000      0.000     0.3175E-01 0.7883E-01
 263.09        304  5.826     0.1099      0.000      0.000      0.000      0.000     0.1876E-01 0.9112E-01
 263.96        305  5.905     0.9083E-01  0.000      0.000      0.000      0.000     0.9396E-02 0.8144E-01
 264.83        306  5.955     0.5795E-01  0.000      0.000      0.000      0.000     0.3271E-02 0.5468E-01
 265.69        307  5.979     0.2794E-01  0.000      0.000      0.000      0.000     0.7906E-03 0.2715E-01
 266.56        308  5.988     0.9877E-02  0.000      0.000      0.000      0.000     0.1437E-03 0.9734E-02
 267.43        309  5.990     0.2395E-02  0.000      0.000      0.000      0.000     0.1699E-04 0.2378E-02
 268.30        310  5.990     0.3464E-03  0.000      0.000      0.000      0.000     0.1068E-05 0.3454E-03
 269.17        311  5.990     0.2637E-04  0.000      0.000      0.000      0.000     0.3308E-07 0.2634E-04
 270.04        312  5.990     0.9815E-06  0.000      0.000      0.000      0.000      0.000     0.9815E-06
 270.90        313  5.990     0.1374E-07  0.000      0.000      0.000      0.000      0.000     0.1374E-07
 271.77        314  5.990      0.000      0.000      0.000      0.000      0.000      0.000      0.000    
 272.64        315  5.990      0.000      0.000      0.000      0.000      0.000      0.000      0.000    
 273.51        316  5.990      0.000      0.000      0.000      0.000      0.000      0.000      0.000    
 274.38        317  5.990      0.000      0.000      0.000      0.000      0.000      0.000      0.000    
 275.24        318  5.990      0.000      0.000      0.000      0.000      0.000      0.000      0.000    
 276.11        319  5.990      0.000      0.000      0.000      0.000      0.000      0.000      0.000    
 276.98        320  5.990      0.000      0.000      0.000      0.000      0.000      0.000      0.000    
 277.85        321  5.990      0.000      0.000      0.000      0.000      0.000      0.000      0.000    
 278.72        322  5.990      0.000      0.000      0.000      0.000      0.000      0.000      0.000    
 279.58        323  5.990      0.000      0.000      0.000      0.000      0.000      0.000      0.000    
 280.45        324  5.990      0.000      0.000      0.000      0.000      0.000      0.000      0.000    
 281.32        325  5.990      0.000      0.000      0.000      0.000      0.000      0.000      0.000    
 282.19        326  5.990      0.000      0.000      0.000      0.000      0.000      0.000      0.000    
 283.06        327  5.990      0.000      0.000      0.000      0.000      0.000      0.000      0.000    
 283.93        328  5.990      0.000      0.000      0.000      0.000      0.000      0.000      0.000    
 284.79        329  5.990      0.000      0.000      0.000      0.000      0.000      0.000      0.000    
 285.66        330  5.990      0.000      0.000      0.000      0.000      0.000      0.000      0.000    
 286.53        331  5.990      0.000      0.000      0.000      0.000      0.000      0.000      0.000    
 287.40        332  5.990      0.000      0.000      0.000      0.000      0.000      0.000      0.000    
 288.27        333  5.990      0.000      0.000      0.000      0.000      0.000      0.000      0.000    
 289.13        334  5.990      0.000      0.000      0.000      0.000      0.000      0.000      0.000    
 290.00        335  5.990      0.000      0.000      0.000      0.000      0.000      0.000      0.000    
 290.87        336  5.990      0.000      0.000      0.000      0.000      0.000      0.000      0.000    
 291.74        337  5.990      0.000      0.000      0.000      0.000      0.000      0.000      0.000    
 292.61        338  5.990      0.000      0.000      0.000      0.000      0.000      0.000      0.000    
 293.47        339  5.990      0.000      0.000      0.000      0.000      0.000      0.000      0.000    
 294.34        340  5.990      0.000      0.000      0.000      0.000      0.000      0.000      0.000    
 295.21        341  5.990      0.000      0.000      0.000      0.000      0.000      0.000      0.000    
 296.08        342  5.990      0.000      0.000      0.000      0.000      0.000      0.000      0.000    
 296.95        343  5.990      0.000      0.000      0.000      0.000      0.000      0.000      0.000    
 297.81        344  5.990      0.000      0.000      0.000      0.000      0.000      0.000      0.000    
 298.68        345  5.990      0.000      0.000      0.000      0.000      0.000      0.000      0.000    
 299.55        346  5.990      0.000      0.000      0.000      0.000      0.000      0.000      0.000    
 300.42        347  5.990      0.000      0.000      0.000      0.000      0.000      0.000      0.000    
 301.29        348  5.990      0.000      0.000      0.000      0.000      0.000      0.000      0.000    
 302.16        349  5.990      0.000      0.000      0.000      0.000      0.000      0.000      0.000    
 303.02        350  5.990      0.000      0.000      0.000      0.000      0.000      0.000      0.000    
 303.89        351  5.990      0.000      0.000      0.000      0.000      0.000      0.000      0.000    
 304.76        352  5.990      0.000      0.000      0.000      0.000      0.000      0.000      0.000    
 305.63        353  5.990      0.000      0.000      0.000      0.000      0.000      0.000      0.000    
 306.50        354  5.990      0.000      0.000      0.000      0.000      0.000      0.000      0.000    
 307.36        355  5.990      0.000      0.000      0.000      0.000      0.000      0.000      0.000    
 308.23        356  5.990      0.000      0.000      0.000      0.000      0.000      0.000      0.000    
 309.10        357  5.990      0.000      0.000      0.000      0.000      0.000      0.000      0.000    
 309.97        358  5.990      0.000      0.000      0.000      0.000      0.000      0.000      0.000    
 310.84        359  5.990      0.000      0.000      0.000      0.000      0.000      0.000      0.000    
 311.70        360  5.990      0.000      0.000      0.000      0.000      0.000      0.000      0.000    
 312.57        361  5.990      0.000      0.000      0.000      0.000      0.000      0.000      0.000    
 313.44        362  5.990      0.000      0.000      0.000      0.000      0.000      0.000      0.000    
 314.31        363  5.990      0.000      0.000      0.000      0.000      0.000      0.000      0.000    
 315.18        364  5.990      0.000      0.000      0.000      0.000      0.000      0.000      0.000    
 316.05        365  5.990      0.000      0.000      0.000      0.000      0.000      0.000      0.000    
 316.91        366  5.990      0.000      0.000      0.000      0.000      0.000      0.000      0.000    
 317.78        367  5.990      0.000      0.000      0.000      0.000      0.000      0.000      0.000    
 318.65        368  5.990      0.000      0.000      0.000      0.000      0.000      0.000      0.000    
 319.52        369  5.990      0.000      0.000      0.000      0.000      0.000      0.000      0.000    
 320.39        370  5.990      0.000      0.000      0.000      0.000      0.000      0.000      0.000    
 321.25        371  5.990      0.000      0.000      0.000      0.000      0.000      0.000      0.000    
 322.12        372  5.990      0.000      0.000      0.000      0.000      0.000      0.000      0.000    
 322.99        373  5.990      0.000      0.000      0.000      0.000      0.000      0.000      0.000    
 323.86        374  5.990      0.000      0.000      0.000      0.000      0.000      0.000      0.000    
 324.73        375  5.990      0.000      0.000      0.000      0.000      0.000      0.000      0.000    
 325.59        376  5.990      0.000      0.000      0.000      0.000      0.000      0.000      0.000    
 326.46        377  5.990      0.000      0.000      0.000      0.000      0.000      0.000      0.000    
 327.33        378  5.990      0.000      0.000      0.000      0.000      0.000      0.000      0.000    
 328.20        379  5.990      0.000      0.000      0.000      0.000      0.000      0.000      0.000    
 329.07        380  5.990      0.000      0.000      0.000      0.000      0.000      0.000      0.000    
 329.94        381  5.990      0.000      0.000      0.000      0.000      0.000      0.000      0.000    
 330.80        382  5.990      0.000      0.000      0.000      0.000      0.000      0.000      0.000    
 331.67        383  5.990      0.000      0.000      0.000      0.000      0.000      0.000      0.000    
 332.54        384  5.990      0.000      0.000      0.000      0.000      0.000      0.000      0.000    
 333.41        385  5.990      0.000      0.000      0.000      0.000      0.000      0.000      0.000    
 334.28        386  5.990      0.000      0.000      0.000      0.000      0.000      0.000      0.000    
 335.14        387  5.990      0.000      0.000      0.000      0.000      0.000      0.000      0.000    
 336.01        388  5.990      0.000      0.000      0.000      0.000      0.000      0.000      0.000    
 336.88        389  5.990      0.000      0.000      0.000      0.000      0.000      0.000      0.000    
 337.75        390  5.990      0.000      0.000      0.000      0.000      0.000      0.000      0.000    
 338.62        391  5.990      0.000      0.000      0.000      0.000      0.000      0.000      0.000    
 339.48        392  5.990      0.000      0.000      0.000      0.000      0.000      0.000      0.000    
 340.35        393  5.990      0.000      0.000      0.000      0.000      0.000      0.000      0.000    
 341.22        394  5.990      0.000      0.000      0.000      0.000      0.000      0.000      0.000    
 342.09        395  5.990      0.000      0.000      0.000      0.000      0.000      0.000      0.000    
 342.96        396  5.990      0.000      0.000      0.000      0.000      0.000      0.000      0.000    
 343.82        397  5.990      0.000      0.000      0.000      0.000      0.000      0.000      0.000    
 344.69        398  5.990      0.000      0.000      0.000      0.000      0.000      0.000      0.000    
 345.56        399  5.990      0.000      0.000      0.000      0.000      0.000      0.000      0.000    
 346.43        400  5.990      0.000      0.000      0.000      0.000      0.000      0.000      0.000    
 347.30        401  5.990      0.000      0.000      0.000      0.000      0.000      0.000      0.000    
 348.17        402  5.990      0.000      0.000      0.000      0.000      0.000      0.000      0.000    
 349.03        403  5.990      0.000      0.000      0.000      0.000      0.000      0.000      0.000    
 349.90        404  5.990      0.000      0.000      0.000      0.000      0.000      0.000      0.000    
 350.77        405  5.990      0.000      0.000      0.000      0.000      0.000      0.000      0.000    
 351.64        406  5.990      0.000      0.000      0.000      0.000      0.000      0.000      0.000    
 352.51        407  5.990      0.000      0.000      0.000      0.000      0.000      0.000      0.000    
 353.37        408  5.990      0.000      0.000      0.000      0.000      0.000      0.000      0.000    
 354.24        409  5.990      0.000      0.000      0.000      0.000      0.000      0.000      0.000    
 355.11        410  5.990      0.000      0.000      0.000      0.000      0.000      0.000      0.000    
 355.98        411  5.990      0.000      0.000      0.000      0.000      0.000      0.000      0.000    
 356.85        412  5.990      0.000      0.000      0.000      0.000      0.000      0.000      0.000    
 357.71        413  5.990      0.000      0.000      0.000      0.000      0.000      0.000      0.000    
 358.58        414  5.990      0.000      0.000      0.000      0.000      0.000      0.000      0.000    
 359.45        415  5.990      0.000      0.000      0.000      0.000      0.000      0.000      0.000    
 360.32        416  5.990      0.000      0.000      0.000      0.000      0.000      0.000      0.000    
 361.19        417  5.990      0.000      0.000      0.000      0.000      0.000      0.000      0.000    
 362.06        418  5.990      0.000      0.000      0.000      0.000      0.000      0.000      0.000    
 362.92        419  5.990      0.000      0.000      0.000      0.000      0.000      0.000      0.000    
 363.79        420  5.990      0.000      0.000      0.000      0.000      0.000      0.000      0.000    
 364.66        421  5.990      0.000      0.000      0.000      0.000      0.000      0.000      0.000    
 365.53        422  5.990      0.000      0.000      0.000      0.000      0.000      0.000      0.000    
 366.40        423  5.990      0.000      0.000      0.000      0.000      0.000      0.000      0.000    
 367.26        424  5.990      0.000      0.000      0.000      0.000      0.000      0.000      0.000    
 368.13        425  5.990      0.000      0.000      0.000      0.000      0.000      0.000      0.000    
 369.00        426  5.990      0.000      0.000      0.000      0.000      0.000      0.000      0.000    
 369.87        427  5.990      0.000      0.000      0.000      0.000      0.000      0.000      0.000    
 370.74        428  5.990      0.000      0.000      0.000      0.000      0.000      0.000      0.000    
 371.60        429  5.990      0.000      0.000      0.000      0.000      0.000      0.000      0.000    
 372.47        430  5.990      0.000      0.000      0.000      0.000      0.000      0.000      0.000    
 373.34        431  5.990      0.000      0.000      0.000      0.000      0.000      0.000      0.000    
 374.21        432  5.990      0.000      0.000      0.000      0.000      0.000      0.000      0.000    
 375.08        433  5.990      0.000      0.000      0.000      0.000      0.000      0.000      0.000    
 375.95        434  5.990      0.000      0.000      0.000      0.000      0.000      0.000      0.000    
 376.81        435  5.990      0.000      0.000      0.000      0.000      0.000      0.000      0.000    
 377.68        436  5.990      0.000      0.000      0.000      0.000      0.000      0.000      0.000    
 378.55        437  5.990      0.000      0.000      0.000      0.000      0.000      0.000      0.000    
 379.42        438  5.990      0.000      0.000      0.000      0.000      0.000      0.000      0.000    
 380.29        439  5.990      0.000      0.000      0.000      0.000      0.000      0.000      0.000    
 381.15        440  5.990      0.000      0.000      0.000      0.000      0.000      0.000      0.000    
 382.02        441  5.990      0.000      0.000      0.000      0.000      0.000      0.000      0.000    
 382.89        442  5.990      0.000      0.000      0.000      0.000      0.000      0.000      0.000    
 383.76        443  5.990      0.000      0.000      0.000      0.000      0.000      0.000      0.000    
 384.63        444  5.990      0.000      0.000      0.000      0.000      0.000      0.000      0.000    
 385.49        445  5.990      0.000      0.000      0.000      0.000      0.000      0.000      0.000    
 386.36        446  5.990      0.000      0.000      0.000      0.000      0.000      0.000      0.000    
 387.23        447  5.990      0.000      0.000      0.000      0.000      0.000      0.000      0.000    
 388.10        448  5.990      0.000      0.000      0.000      0.000      0.000      0.000      0.000    
 388.97        449  5.990      0.000      0.000      0.000      0.000      0.000      0.000      0.000    
 389.83        450  5.990      0.000      0.000      0.000      0.000      0.000      0.000      0.000    
 390.70        451  5.990      0.000      0.000      0.000      0.000      0.000      0.000      0.000    
 391.57        452  5.990      0.000      0.000      0.000      0.000      0.000      0.000      0.000    
 392.44        453  5.990      0.000      0.000      0.000      0.000      0.000      0.000      0.000    
 393.31        454  5.990      0.000      0.000      0.000      0.000      0.000      0.000      0.000    
 394.18        455  5.990      0.000      0.000      0.000      0.000      0.000      0.000      0.000    
 395.04        456  5.990      0.000      0.000      0.000      0.000      0.000      0.000      0.000    
 395.91        457  5.990      0.000      0.000      0.000      0.000      0.000      0.000      0.000    
 396.78        458  5.990      0.000      0.000      0.000      0.000      0.000      0.000      0.000    
 397.65        459  5.990      0.000      0.000      0.000      0.000      0.000      0.000      0.000    
 398.52        460  5.990      0.000      0.000      0.000      0.000      0.000      0.000      0.000    
 399.38        461  5.990      0.000      0.000      0.000      0.000      0.000      0.000      0.000    
 400.25        462  5.990      0.000      0.000      0.000      0.000      0.000      0.000      0.000    
 401.12        463  5.990      0.000      0.000      0.000      0.000      0.000      0.000      0.000    
 401.99        464  5.990      0.000      0.000      0.000      0.000      0.000      0.000      0.000    
 402.86        465  5.990      0.000      0.000      0.000      0.000      0.000      0.000      0.000    
 403.72        466  5.990      0.000      0.000      0.000      0.000      0.000      0.000      0.000    
 404.59        467  5.990      0.000      0.000      0.000      0.000      0.000      0.000      0.000    
 405.46        468  5.990      0.000      0.000      0.000      0.000      0.000      0.000      0.000    
 406.33        469  5.990      0.000      0.000      0.000      0.000      0.000      0.000      0.000    
 407.20        470  5.990      0.000      0.000      0.000      0.000      0.000      0.000      0.000    
 408.07        471  5.990      0.000      0.000      0.000      0.000      0.000      0.000      0.000    
 408.93        472  5.990      0.000      0.000      0.000      0.000      0.000      0.000      0.000    
 409.80        473  5.990      0.000      0.000      0.000      0.000      0.000      0.000      0.000    
 410.67        474  5.990      0.000      0.000      0.000      0.000      0.000      0.000      0.000    
 411.54        475  5.990      0.000      0.000      0.000      0.000      0.000      0.000      0.000    
 412.41        476  5.990      0.000      0.000      0.000      0.000      0.000      0.000      0.000    
 413.27        477  5.990      0.000      0.000      0.000      0.000      0.000      0.000      0.000    
 414.14        478  5.990      0.000      0.000      0.000      0.000      0.000      0.000      0.000    
 415.01        479  5.990      0.000      0.000      0.000      0.000      0.000      0.000      0.000    
 415.88        480  5.990      0.000      0.000      0.000      0.000      0.000      0.000      0.000    
 416.75        481  5.990      0.000      0.000      0.000      0.000      0.000      0.000      0.000    
 417.61        482  5.990      0.000      0.000      0.000      0.000      0.000      0.000      0.000    
 418.48        483  5.990      0.000      0.000      0.000      0.000      0.000      0.000      0.000    
 419.35        484  5.990      0.000      0.000      0.000      0.000      0.000      0.000      0.000    
 420.22        485  5.990      0.000      0.000      0.000      0.000      0.000      0.000      0.000    
 421.09        486  5.990      0.000      0.000      0.000      0.000      0.000      0.000      0.000    
 421.96        487  5.990      0.000      0.000      0.000      0.000      0.000      0.000      0.000    
 422.82        488  5.990      0.000      0.000      0.000      0.000      0.000      0.000      0.000    
 423.69        489  5.990      0.000      0.000      0.000      0.000      0.000      0.000      0.000    
 424.56        490  5.990      0.000      0.000      0.000      0.000      0.000      0.000      0.000    
 425.43        491  5.990      0.000      0.000      0.000      0.000      0.000      0.000      0.000    
 426.30        492  5.990      0.000      0.000      0.000      0.000      0.000      0.000      0.000    
 427.16        493  5.990      0.000      0.000      0.000      0.000      0.000      0.000      0.000    
 428.03        494  5.990      0.000      0.000      0.000      0.000      0.000      0.000      0.000    
 428.90        495  5.990      0.000      0.000      0.000      0.000      0.000      0.000      0.000    
 429.77        496  5.990      0.000      0.000      0.000      0.000      0.000      0.000      0.000    
 430.64        497  5.990      0.000      0.000      0.000      0.000      0.000      0.000      0.000    
 431.50        498  5.990      0.000      0.000      0.000      0.000      0.000      0.000      0.000    
 432.37        499  5.990      0.000      0.000      0.000      0.000      0.000      0.000      0.000    
 433.24        500  5.990      0.000      0.000      0.000      0.000      0.000      0.000      0.000    
 434.11        501  5.990      0.000      0.000      0.000      0.000      0.000      0.000      0.000    
 434.98        502  5.990      0.000      0.000      0.000      0.000      0.000      0.000      0.000    
 435.84        503  5.990      0.000      0.000      0.000      0.000      0.000      0.000      0.000    
 436.71        504  5.990      0.000      0.000      0.000      0.000      0.000      0.000      0.000    
 437.58        505  5.990      0.000      0.000      0.000      0.000      0.000      0.000      0.000    
 438.45        506  5.990      0.000      0.000      0.000      0.000      0.000      0.000      0.000    
 439.32        507  5.990      0.000      0.000      0.000      0.000      0.000      0.000      0.000    
 440.19        508  5.990      0.000      0.000      0.000      0.000      0.000      0.000      0.000    
 441.05        509  5.990      0.000      0.000      0.000      0.000      0.000      0.000      0.000    
 441.92        510  5.990      0.000      0.000      0.000      0.000      0.000      0.000      0.000    
 442.79        511  5.990      0.000      0.000      0.000      0.000      0.000      0.000      0.000    
 443.66        512  5.990      0.000      0.000      0.000      0.000      0.000      0.000      0.000    
 444.53        513  5.990      0.000      0.000      0.000      0.000      0.000      0.000      0.000    
 445.39        514  5.990      0.000      0.000      0.000      0.000      0.000      0.000      0.000    
 446.26        515  5.990      0.000      0.000      0.000      0.000      0.000      0.000      0.000    
 447.13        516  5.990      0.000      0.000      0.000      0.000      0.000      0.000      0.000    
 448.00        517  5.990      0.000      0.000      0.000      0.000      0.000      0.000      0.000    
 448.87        518  5.990      0.000      0.000      0.000      0.000      0.000      0.000      0.000    
 449.73        519  5.990      0.000      0.000      0.000      0.000      0.000      0.000      0.000    
 450.60        520  5.990      0.000      0.000      0.000      0.000      0.000      0.000      0.000    
 451.47        521  5.990      0.000      0.000      0.000      0.000      0.000      0.000      0.000    
 452.34        522  5.990      0.000      0.000      0.000      0.000      0.000      0.000      0.000    
 453.21        523  5.990      0.000      0.000      0.000      0.000      0.000      0.000      0.000    
 454.08        524  5.990      0.000      0.000      0.000      0.000      0.000      0.000      0.000    
 454.94        525  5.990      0.000      0.000      0.000      0.000      0.000      0.000      0.000    
 455.81        526  5.990      0.000      0.000      0.000      0.000      0.000      0.000      0.000    
 456.68        527  5.990      0.000      0.000      0.000      0.000      0.000      0.000      0.000    
 457.55        528  5.990      0.000      0.000      0.000      0.000      0.000      0.000      0.000    
 458.42        529  5.990      0.000      0.000      0.000      0.000      0.000      0.000      0.000    
 459.28        530  5.990      0.000      0.000      0.000      0.000      0.000      0.000      0.000    
 460.15        531  5.990      0.000      0.000      0.000      0.000      0.000      0.000      0.000    
 461.02        532  5.990      0.000      0.000      0.000      0.000      0.000      0.000      0.000    
 461.89        533  5.990      0.000      0.000      0.000      0.000      0.000      0.000      0.000    
 462.76        534  5.990      0.000      0.000      0.000      0.000      0.000      0.000      0.000    
 463.62        535  5.990      0.000      0.000      0.000      0.000      0.000      0.000      0.000    
 464.49        536  5.990      0.000      0.000      0.000      0.000      0.000      0.000      0.000    
 465.36        537  5.990      0.000      0.000      0.000      0.000      0.000      0.000      0.000    
 466.23        538  5.990      0.000      0.000      0.000      0.000      0.000      0.000      0.000    
 467.10        539  5.990      0.000      0.000      0.000      0.000      0.000      0.000      0.000    
 467.97        540  5.990      0.000      0.000      0.000      0.000      0.000      0.000      0.000    
 468.83        541  5.990      0.000      0.000      0.000      0.000      0.000      0.000      0.000    
 469.70        542  5.990      0.000      0.000      0.000      0.000      0.000      0.000      0.000    
 470.57        543  5.990      0.000      0.000      0.000      0.000      0.000      0.000      0.000    
 471.44        544  5.990      0.000      0.000      0.000      0.000      0.000      0.000      0.000    
 472.31        545  5.990      0.000      0.000      0.000      0.000      0.000      0.000      0.000    
 473.17        546  5.990      0.000      0.000      0.000      0.000      0.000      0.000      0.000    
 474.04        547  5.990      0.000      0.000      0.000      0.000      0.000      0.000      0.000    
 474.91        548  5.990      0.000      0.000      0.000      0.000      0.000      0.000      0.000    
 475.78        549  5.990      0.000      0.000      0.000      0.000      0.000      0.000      0.000    
 476.65        550  5.990      0.000      0.000      0.000      0.000      0.000      0.000      0.000    
 477.51        551  5.990      0.000      0.000      0.000      0.000      0.000      0.000      0.000    
 478.38        552  5.990      0.000      0.000      0.000      0.000      0.000      0.000      0.000    
 479.25        553  5.990      0.000      0.000      0.000      0.000      0.000      0.000      0.000    
 480.12        554  5.990      0.000      0.000      0.000      0.000      0.000      0.000      0.000    
 480.99        555  5.990      0.000      0.000      0.000      0.000      0.000      0.000      0.000    
 481.86        556  5.990      0.000      0.000      0.000      0.000      0.000      0.000      0.000    
 482.72        557  5.990      0.000      0.000      0.000      0.000      0.000      0.000      0.000    
 483.59        558  5.990      0.000      0.000      0.000      0.000      0.000      0.000      0.000    
 484.46        559  5.990      0.000      0.000      0.000      0.000      0.000      0.000      0.000    
 485.33        560  5.990      0.000      0.000      0.000      0.000      0.000      0.000      0.000    
 486.20        561  5.990      0.000      0.000      0.000      0.000      0.000      0.000      0.000    
 487.06        562  5.990      0.000      0.000      0.000      0.000      0.000      0.000      0.000    
 487.93        563  5.990      0.000      0.000      0.000      0.000      0.000      0.000      0.000    
 488.80        564  5.990      0.000      0.000      0.000      0.000      0.000      0.000      0.000    
 489.67        565  5.990      0.000      0.000      0.000      0.000      0.000      0.000      0.000    
 490.54        566  5.990      0.000      0.000      0.000      0.000      0.000      0.000      0.000    
 491.40        567  5.990      0.000      0.000      0.000      0.000      0.000      0.000      0.000    
 492.27        568  5.990      0.000      0.000      0.000      0.000      0.000      0.000      0.000    
 493.14        569  5.990      0.000      0.000      0.000      0.000      0.000      0.000      0.000    
 494.01        570  5.990      0.000      0.000      0.000      0.000      0.000      0.000      0.000    
 494.88        571  5.990      0.000      0.000      0.000      0.000      0.000      0.000      0.000    
 495.74        572  5.990      0.000      0.000      0.000      0.000      0.000      0.000      0.000    
 496.61        573  5.990      0.000      0.000      0.000      0.000      0.000      0.000      0.000    
 497.48        574  5.990      0.000      0.000      0.000      0.000      0.000      0.000      0.000    
 498.35        575  5.990      0.000      0.000      0.000      0.000      0.000      0.000      0.000    
 499.22        576  5.990      0.000      0.000      0.000      0.000      0.000      0.000      0.000    
 500.09        577  5.990      0.000      0.000      0.000      0.000      0.000      0.000      0.000    
 500.95        578  5.990      0.000      0.000      0.000      0.000      0.000      0.000      0.000    
 501.82        579  5.990      0.000      0.000      0.000      0.000      0.000      0.000      0.000    
 502.69        580  5.990      0.000      0.000      0.000      0.000      0.000      0.000      0.000    
 503.56        581  5.990      0.000      0.000      0.000      0.000      0.000      0.000      0.000    
 504.43        582  5.990      0.000      0.000      0.000      0.000      0.000      0.000      0.000    
 505.29        583  5.990      0.000      0.000      0.000      0.000      0.000      0.000      0.000    
 506.16        584  5.990      0.000      0.000      0.000      0.000      0.000      0.000      0.000    
 507.03        585  5.990      0.000      0.000      0.000      0.000      0.000      0.000      0.000    
 507.90        586  5.990      0.000      0.000      0.000      0.000      0.000      0.000      0.000    
 508.77        587  5.990      0.000      0.000      0.000      0.000      0.000      0.000      0.000    
 509.63        588  5.990      0.000      0.000      0.000      0.000      0.000      0.000      0.000    
 510.50        589  5.990      0.000      0.000      0.000      0.000      0.000      0.000      0.000    
 511.37        590  5.990      0.000      0.000      0.000      0.000      0.000      0.000      0.000    
 512.24        591  5.990      0.000      0.000      0.000      0.000      0.000      0.000      0.000    
 513.11        592  5.990      0.000      0.000      0.000      0.000      0.000      0.000      0.000    
 513.98        593  5.990      0.000      0.000      0.000      0.000      0.000      0.000      0.000    
 514.84        594  5.990      0.000      0.000      0.000      0.000      0.000      0.000      0.000    
 515.71        595  5.990      0.000      0.000      0.000      0.000      0.000      0.000      0.000    
 516.58        596  5.990      0.000      0.000      0.000      0.000      0.000      0.000      0.000    
 517.45        597  5.990      0.000      0.000      0.000      0.000      0.000      0.000      0.000    
 518.32        598  5.990      0.000      0.000      0.000      0.000      0.000      0.000      0.000    
 519.18        599  5.990      0.000      0.000      0.000      0.000      0.000      0.000      0.000    
 520.05        600  5.990      0.000      0.000      0.000      0.000      0.000      0.000      0.000    
