   1    2.4954     4
   2    4.0750    12
   3    4.7783    12
   4    5.7629     6
   5    6.2799    12
   6    7.0580    24
   7    7.4862    16
   8    8.1499    12
   9    8.5234    24
  10    9.1119    24
  11    9.4474    12
  12    9.9816     8
   1    2.4954     4
   2    4.0750    12
   3    4.7783    12
   4    5.7629     6
   5    6.2799    12
   6    7.0580    24
   7    7.4862    16
   8    8.1499    12
   9    8.5234    24
  10    9.1119    24
  11    9.4474    12
  12    9.9816     8
