 # la,nk,dk(nk),kp(:,nk),om(la,nk),gruneisen(la,nk))
     1    1  0.000      0.000      0.000      0.000     0.2221E-01  0.000    
     2    1  0.000      0.000      0.000      0.000     0.2013E-01  0.000    
     3    1  0.000      0.000      0.000      0.000     0.2013E-01  0.000    
     4    1  0.000      0.000      0.000      0.000      281.1      1.894    
     5    1  0.000      0.000      0.000      0.000      281.1      1.894    
     6    1  0.000      0.000      0.000      0.000      281.1      1.894    
     1    2 0.2816E-01 0.1880E-01 -.1880E-01  0.000      8.017      107.9    
     2    2 0.2816E-01 0.1880E-01 -.1880E-01  0.000      10.09      90.08    
     3    2 0.2816E-01 0.1880E-01 -.1880E-01  0.000      14.61      11.64    
     4    2 0.2816E-01 0.1880E-01 -.1880E-01  0.000      280.6      1.783    
     5    2 0.2816E-01 0.1880E-01 -.1880E-01  0.000      280.7      1.867    
     6    2 0.2816E-01 0.1880E-01 -.1880E-01  0.000      280.9      1.808    
     1    3 0.5631E-01 0.3760E-01 -.3760E-01  0.000      15.92      109.1    
     2    3 0.5631E-01 0.3760E-01 -.3760E-01  0.000      19.94      92.28    
     3    3 0.5631E-01 0.3760E-01 -.3760E-01  0.000      29.04      12.17    
     4    3 0.5631E-01 0.3760E-01 -.3760E-01  0.000      279.3      1.442    
     5    3 0.5631E-01 0.3760E-01 -.3760E-01  0.000      279.6      1.787    
     6    3 0.5631E-01 0.3760E-01 -.3760E-01  0.000      280.4      1.551    
     1    4 0.8447E-01 0.5639E-01 -.5639E-01  0.000      23.61      111.1    
     2    4 0.8447E-01 0.5639E-01 -.5639E-01  0.000      29.30      95.93    
     3    4 0.8447E-01 0.5639E-01 -.5639E-01  0.000      43.09      13.02    
     4    4 0.8447E-01 0.5639E-01 -.5639E-01  0.000      277.4     0.8502    
     5    4 0.8447E-01 0.5639E-01 -.5639E-01  0.000      277.8      1.648    
     6    4 0.8447E-01 0.5639E-01 -.5639E-01  0.000      279.6      1.122    
     1    5 0.1126     0.7519E-01 -.7519E-01  0.000      30.97      114.0    
     2    5 0.1126     0.7519E-01 -.7519E-01  0.000      38.01      101.0    
     3    5 0.1126     0.7519E-01 -.7519E-01  0.000      56.60      14.16    
     4    5 0.1126     0.7519E-01 -.7519E-01  0.000      275.1     -.2199E-01
     5    5 0.1126     0.7519E-01 -.7519E-01  0.000      275.3      1.445    
     6    5 0.1126     0.7519E-01 -.7519E-01  0.000      278.4     0.5191    
     1    6 0.1408     0.9399E-01 -.9399E-01  0.000      37.93      117.7    
     2    6 0.1408     0.9399E-01 -.9399E-01  0.000      45.94      107.5    
     3    6 0.1408     0.9399E-01 -.9399E-01  0.000      69.45      15.49    
     4    6 0.1408     0.9399E-01 -.9399E-01  0.000      272.2      1.170    
     5    6 0.1408     0.9399E-01 -.9399E-01  0.000      272.7     -1.198    
     6    6 0.1408     0.9399E-01 -.9399E-01  0.000      277.0     -.2575    
     1    7 0.1689     0.1128     -.1128      0.000      44.41      122.3    
     2    7 0.1689     0.1128     -.1128      0.000      53.07      115.1    
     3    7 0.1689     0.1128     -.1128      0.000      81.55      16.90    
     4    7 0.1689     0.1128     -.1128      0.000      268.6     0.8183    
     5    7 0.1689     0.1128     -.1128      0.000      270.6     -2.683    
     6    7 0.1689     0.1128     -.1128      0.000      275.4     -1.209    
     1    8 0.1971     0.1316     -.1316      0.000      50.34      127.9    
     2    8 0.1971     0.1316     -.1316      0.000      59.44      123.6    
     3    8 0.1971     0.1316     -.1316      0.000      92.83      18.25    
     4    8 0.1971     0.1316     -.1316      0.000      264.5     0.3851    
     5    8 0.1971     0.1316     -.1316      0.000      268.8     -4.451    
     6    8 0.1971     0.1316     -.1316      0.000      273.5     -2.334    
     1    9 0.2252     0.1504     -.1504      0.000      55.70      134.5    
     2    9 0.2252     0.1504     -.1504      0.000      65.21      132.3    
     3    9 0.2252     0.1504     -.1504      0.000      103.3      19.41    
     4    9 0.2252     0.1504     -.1504      0.000      259.9     -.1321    
     5    9 0.2252     0.1504     -.1504      0.000      267.6     -6.443    
     6    9 0.2252     0.1504     -.1504      0.000      271.5     -3.630    
     1   10 0.2534     0.1692     -.1692      0.000      60.45      142.1    
     2   10 0.2534     0.1692     -.1692      0.000      70.59      140.5    
     3   10 0.2534     0.1692     -.1692      0.000      113.0      20.26    
     4   10 0.2534     0.1692     -.1692      0.000      255.0     -.7380    
     5   10 0.2534     0.1692     -.1692      0.000      267.0     -8.581    
     6   10 0.2534     0.1692     -.1692      0.000      269.4     -5.094    
     1   11 0.2816     0.1880     -.1880      0.000      64.60      150.7    
     2   11 0.2816     0.1880     -.1880      0.000      75.84      147.6    
     3   11 0.2816     0.1880     -.1880      0.000      121.9      20.75    
     4   11 0.2816     0.1880     -.1880      0.000      249.8     -1.443    
     5   11 0.2816     0.1880     -.1880      0.000      266.7     -10.79    
     6   11 0.2816     0.1880     -.1880      0.000      267.1     -6.718    
     1   12 0.3097     0.2068     -.2068      0.000      68.15      160.4    
     2   12 0.3097     0.2068     -.2068      0.000      81.19      152.7    
     3   12 0.3097     0.2068     -.2068      0.000      130.1      20.90    
     4   12 0.3097     0.2068     -.2068      0.000      244.3     -2.271    
     5   12 0.3097     0.2068     -.2068      0.000      264.8     -8.492    
     6   12 0.3097     0.2068     -.2068      0.000      266.7     -13.02    
     1   13 0.3379     0.2256     -.2256      0.000      71.13      171.3    
     2   13 0.3379     0.2256     -.2256      0.000      86.81      155.9    
     3   13 0.3379     0.2256     -.2256      0.000      137.6      20.79    
     4   13 0.3379     0.2256     -.2256      0.000      238.6     -3.266    
     5   13 0.3379     0.2256     -.2256      0.000      262.5     -10.40    
     6   13 0.3379     0.2256     -.2256      0.000      266.5     -15.25    
     1   14 0.3660     0.2444     -.2444      0.000      73.58      183.1    
     2   14 0.3660     0.2444     -.2444      0.000      92.77      157.3    
     3   14 0.3660     0.2444     -.2444      0.000      144.5      20.53    
     4   14 0.3660     0.2444     -.2444      0.000      232.8     -4.493    
     5   14 0.3660     0.2444     -.2444      0.000      260.3     -12.43    
     6   14 0.3660     0.2444     -.2444      0.000      266.1     -17.50    
     1   15 0.3942     0.2632     -.2632      0.000      75.55      196.1    
     2   15 0.3942     0.2632     -.2632      0.000      98.96      157.7    
     3   15 0.3942     0.2632     -.2632      0.000      150.8      20.22    
     4   15 0.3942     0.2632     -.2632      0.000      227.1     -6.040    
     5   15 0.3942     0.2632     -.2632      0.000      258.1     -14.56    
     6   15 0.3942     0.2632     -.2632      0.000      265.3     -19.81    
     1   16 0.4223     0.2820     -.2820      0.000      77.07      209.9    
     2   16 0.4223     0.2820     -.2820      0.000      105.1      158.3    
     3   16 0.4223     0.2820     -.2820      0.000      156.5      19.91    
     4   16 0.4223     0.2820     -.2820      0.000      221.6     -7.981    
     5   16 0.4223     0.2820     -.2820      0.000      256.0     -16.75    
     6   16 0.4223     0.2820     -.2820      0.000      264.0     -22.18    
     1   17 0.4505     0.3008     -.3008      0.000      78.21      224.7    
     2   17 0.4505     0.3008     -.3008      0.000      110.8      159.9    
     3   17 0.4505     0.3008     -.3008      0.000      161.7      19.59    
     4   17 0.4505     0.3008     -.3008      0.000      216.6     -10.31    
     5   17 0.4505     0.3008     -.3008      0.000      254.1     -18.97    
     6   17 0.4505     0.3008     -.3008      0.000      262.3     -24.60    
     1   18 0.4786     0.3196     -.3196      0.000      79.02      240.1    
     2   18 0.4786     0.3196     -.3196      0.000      115.5      163.2    
     3   18 0.4786     0.3196     -.3196      0.000      166.3      19.16    
     4   18 0.4786     0.3196     -.3196      0.000      212.5     -12.78    
     5   18 0.4786     0.3196     -.3196      0.000      252.4     -21.18    
     6   18 0.4786     0.3196     -.3196      0.000      260.5     -27.02    
     1   19 0.5068     0.3384     -.3384      0.000      79.55      256.1    
     2   19 0.5068     0.3384     -.3384      0.000      118.7      168.2    
     3   19 0.5068     0.3384     -.3384      0.000      170.7      18.47    
     4   19 0.5068     0.3384     -.3384      0.000      209.5     -14.80    
     5   19 0.5068     0.3384     -.3384      0.000      251.0     -23.35    
     6   19 0.5068     0.3384     -.3384      0.000      258.6     -29.29    
     1   20 0.5349     0.3572     -.3572      0.000      79.85      272.5    
     2   20 0.5349     0.3572     -.3572      0.000      119.7      174.9    
     3   20 0.5349     0.3572     -.3572      0.000      174.9      17.34    
     4   20 0.5349     0.3572     -.3572      0.000      208.0     -15.59    
     5   20 0.5349     0.3572     -.3572      0.000      249.9     -25.42    
     6   20 0.5349     0.3572     -.3572      0.000      256.9     -31.25    
     1   21 0.5631     0.3760     -.3760      0.000      79.95      288.9    
     2   21 0.5631     0.3760     -.3760      0.000      118.6      183.2    
     3   21 0.5631     0.3760     -.3760      0.000      179.1      15.65    
     4   21 0.5631     0.3760     -.3760      0.000      208.1     -14.69    
     5   21 0.5631     0.3760     -.3760      0.000      249.1     -27.36    
     6   21 0.5631     0.3760     -.3760      0.000      255.6     -32.78    
     1   22 0.5913     0.3948     -.3948      0.000      79.91      305.2    
     2   22 0.5913     0.3948     -.3948      0.000      115.3      194.0    
     3   22 0.5913     0.3948     -.3948      0.000      183.8      13.43    
     4   22 0.5913     0.3948     -.3948      0.000      209.5     -12.39    
     5   22 0.5913     0.3948     -.3948      0.000      248.5     -29.14    
     6   22 0.5913     0.3948     -.3948      0.000      254.7     -33.79    
     1   23 0.6194     0.4136     -.4136      0.000      79.76      321.0    
     2   23 0.6194     0.4136     -.4136      0.000      110.5      208.8    
     3   23 0.6194     0.4136     -.4136      0.000      188.9      10.81    
     4   23 0.6194     0.4136     -.4136      0.000      211.7     -9.444    
     5   23 0.6194     0.4136     -.4136      0.000      248.2     -30.71    
     6   23 0.6194     0.4136     -.4136      0.000      254.0     -34.30    
     1   24 0.6476     0.4324     -.4324      0.000      79.53      335.9    
     2   24 0.6476     0.4324     -.4324      0.000      104.7      228.7    
     3   24 0.6476     0.4324     -.4324      0.000      194.6      8.073    
     4   24 0.6476     0.4324     -.4324      0.000      214.2     -6.519    
     5   24 0.6476     0.4324     -.4324      0.000      248.2     -32.07    
     6   24 0.6476     0.4324     -.4324      0.000      253.6     -34.42    
     1   25 0.6757     0.4512     -.4512      0.000      79.27      349.6    
     2   25 0.6757     0.4512     -.4512      0.000      98.41      254.4    
     3   25 0.6757     0.4512     -.4512      0.000      200.8      5.492    
     4   25 0.6757     0.4512     -.4512      0.000      216.7     -3.972    
     5   25 0.6757     0.4512     -.4512      0.000      248.3     -33.21    
     6   25 0.6757     0.4512     -.4512      0.000      253.2     -34.31    
     1   26 0.7039     0.4700     -.4700      0.000      79.00      361.6    
     2   26 0.7039     0.4700     -.4700      0.000      92.24      285.3    
     3   26 0.7039     0.4700     -.4700      0.000      207.1      3.338    
     4   26 0.7039     0.4700     -.4700      0.000      219.0     -1.927    
     5   26 0.7039     0.4700     -.4700      0.000      248.5     -34.13    
     6   26 0.7039     0.4700     -.4700      0.000      252.5     -34.16    
     1   27 0.7320     0.4888     -.4888      0.000      78.76      371.4    
     2   27 0.7320     0.4888     -.4888      0.000      86.69      319.3    
     3   27 0.7320     0.4888     -.4888      0.000      213.1      1.848    
     4   27 0.7320     0.4888     -.4888      0.000      220.8     -.3888    
     5   27 0.7320     0.4888     -.4888      0.000      248.7     -34.82    
     6   27 0.7320     0.4888     -.4888      0.000      251.7     -34.19    
     1   28 0.7602     0.5075     -.5075      0.000      78.57      378.8    
     2   28 0.7602     0.5075     -.5075      0.000      82.26      351.8    
     3   28 0.7602     0.5075     -.5075      0.000      218.2      1.193    
     4   28 0.7602     0.5075     -.5075      0.000      222.1     0.6740    
     5   28 0.7602     0.5075     -.5075      0.000      249.0     -35.31    
     6   28 0.7602     0.5075     -.5075      0.000      250.6     -34.58    
     1   29 0.7883     0.5263     -.5263      0.000      78.44      383.4    
     2   29 0.7883     0.5263     -.5263      0.000      79.39      375.9    
     3   29 0.7883     0.5263     -.5263      0.000      221.9      1.288    
     4   29 0.7883     0.5263     -.5263      0.000      223.0      1.296    
     5   29 0.7883     0.5263     -.5263      0.000      249.1     -35.60    
     6   29 0.7883     0.5263     -.5263      0.000      249.6     -35.29    
     1   30 0.8165     0.5451     -.5451      0.000      78.40      385.0    
     2   30 0.8165     0.5451     -.5451      0.000      78.40      385.0    
     3   30 0.8165     0.5451     -.5451      0.000      223.2      1.501    
     4   30 0.8165     0.5451     -.5451      0.000      223.2      1.501    
     5   30 0.8165     0.5451     -.5451      0.000      249.2     -35.70    
     6   30 0.8165     0.5451     -.5451      0.000      249.2     -35.70    
     1   31 0.8165     0.5451      0.000      0.000      78.40      385.0    
     2   31 0.8165     0.5451      0.000      0.000      78.40      385.0    
     3   31 0.8165     0.5451      0.000      0.000      223.2      1.501    
     4   31 0.8165     0.5451      0.000      0.000      223.2      1.501    
     5   31 0.8165     0.5451      0.000      0.000      249.2     -35.70    
     6   31 0.8165     0.5451      0.000      0.000      249.2     -35.70    
     1   32 0.8364     0.5263      0.000      0.000      78.34      384.0    
     2   32 0.8364     0.5263      0.000      0.000      78.34      384.0    
     3   32 0.8364     0.5263      0.000      0.000      218.3      1.485    
     4   32 0.8364     0.5263      0.000      0.000      227.9      1.517    
     5   32 0.8364     0.5263      0.000      0.000      249.2     -35.54    
     6   32 0.8364     0.5263      0.000      0.000      249.2     -35.54    
     1   33 0.8563     0.5075      0.000      0.000      78.15      381.1    
     2   33 0.8563     0.5075      0.000      0.000      78.15      381.1    
     3   33 0.8563     0.5075      0.000      0.000      213.0      1.470    
     4   33 0.8563     0.5075      0.000      0.000      232.4      1.534    
     5   33 0.8563     0.5075      0.000      0.000      249.2     -35.08    
     6   33 0.8563     0.5075      0.000      0.000      249.2     -35.08    
     1   34 0.8762     0.4888      0.000      0.000      77.87      376.1    
     2   34 0.8762     0.4888      0.000      0.000      77.87      376.1    
     3   34 0.8762     0.4888      0.000      0.000      207.6      1.455    
     4   34 0.8762     0.4888      0.000      0.000      236.7      1.551    
     5   34 0.8762     0.4888      0.000      0.000      249.2     -34.33    
     6   34 0.8762     0.4888      0.000      0.000      249.2     -34.33    
     1   35 0.8961     0.4700      0.000      0.000      77.50      369.0    
     2   35 0.8961     0.4700      0.000      0.000      77.50      369.0    
     3   35 0.8961     0.4700      0.000      0.000      201.9      1.440    
     4   35 0.8961     0.4700      0.000      0.000      240.7      1.568    
     5   35 0.8961     0.4700      0.000      0.000      249.2     -33.29    
     6   35 0.8961     0.4700      0.000      0.000      249.2     -33.29    
     1   36 0.9160     0.4512      0.000      0.000      77.08      359.7    
     2   36 0.9160     0.4512      0.000      0.000      77.08      359.7    
     3   36 0.9160     0.4512      0.000      0.000      196.0      1.426    
     4   36 0.9160     0.4512      0.000      0.000      244.5      1.586    
     5   36 0.9160     0.4512      0.000      0.000      249.2     -32.01    
     6   36 0.9160     0.4512      0.000      0.000      249.2     -32.01    
     1   37 0.9359     0.4324      0.000      0.000      76.64      348.1    
     2   37 0.9359     0.4324      0.000      0.000      76.64      348.1    
     3   37 0.9359     0.4324      0.000      0.000      189.9      1.412    
     4   37 0.9359     0.4324      0.000      0.000      248.1      1.604    
     5   37 0.9359     0.4324      0.000      0.000      249.2     -30.50    
     6   37 0.9359     0.4324      0.000      0.000      249.2     -30.50    
     1   38 0.9559     0.4136      0.000      0.000      76.18      334.3    
     2   38 0.9559     0.4136      0.000      0.000      76.18      334.3    
     3   38 0.9559     0.4136      0.000      0.000      183.5      1.399    
     4   38 0.9559     0.4136      0.000      0.000      249.3     -28.80    
     5   38 0.9559     0.4136      0.000      0.000      249.3     -28.80    
     6   38 0.9559     0.4136      0.000      0.000      251.4      1.622    
     1   39 0.9758     0.3948      0.000      0.000      75.72      318.5    
     2   39 0.9758     0.3948      0.000      0.000      75.72      318.5    
     3   39 0.9758     0.3948      0.000      0.000      176.9      1.386    
     4   39 0.9758     0.3948      0.000      0.000      249.5     -26.93    
     5   39 0.9758     0.3948      0.000      0.000      249.5     -26.93    
     6   39 0.9758     0.3948      0.000      0.000      254.5      1.640    
     1   40 0.9957     0.3760      0.000      0.000      75.25      301.2    
     2   40 0.9957     0.3760      0.000      0.000      75.25      301.2    
     3   40 0.9957     0.3760      0.000      0.000      170.1      1.374    
     4   40 0.9957     0.3760      0.000      0.000      249.8     -24.93    
     5   40 0.9957     0.3760      0.000      0.000      249.8     -24.93    
     6   40 0.9957     0.3760      0.000      0.000      257.4      1.658    
     1   41  1.016     0.3572      0.000      0.000      74.74      282.6    
     2   41  1.016     0.3572      0.000      0.000      74.74      282.6    
     3   41  1.016     0.3572      0.000      0.000      163.1      1.362    
     4   41  1.016     0.3572      0.000      0.000      250.3     -22.81    
     5   41  1.016     0.3572      0.000      0.000      250.3     -22.81    
     6   41  1.016     0.3572      0.000      0.000      260.1      1.676    
     1   42  1.035     0.3384      0.000      0.000      74.14      263.5    
     2   42  1.035     0.3384      0.000      0.000      74.14      263.5    
     3   42  1.035     0.3384      0.000      0.000      155.9      1.351    
     4   42  1.035     0.3384      0.000      0.000      250.9     -20.63    
     5   42  1.035     0.3384      0.000      0.000      250.9     -20.63    
     6   42  1.035     0.3384      0.000      0.000      262.5      1.694    
     1   43  1.055     0.3196      0.000      0.000      73.41      244.2    
     2   43  1.055     0.3196      0.000      0.000      73.41      244.2    
     3   43  1.055     0.3196      0.000      0.000      148.5      1.340    
     4   43  1.055     0.3196      0.000      0.000      251.7     -18.40    
     5   43  1.055     0.3196      0.000      0.000      251.7     -18.40    
     6   43  1.055     0.3196      0.000      0.000      264.8      1.712    
     1   44  1.075     0.3008      0.000      0.000      72.47      225.3    
     2   44  1.075     0.3008      0.000      0.000      72.47      225.3    
     3   44  1.075     0.3008      0.000      0.000      140.8      1.329    
     4   44  1.075     0.3008      0.000      0.000      252.8     -16.17    
     5   44  1.075     0.3008      0.000      0.000      252.8     -16.17    
     6   44  1.075     0.3008      0.000      0.000      266.9      1.729    
     1   45  1.095     0.2820      0.000      0.000      71.26      207.2    
     2   45  1.095     0.2820      0.000      0.000      71.26      207.2    
     3   45  1.095     0.2820      0.000      0.000      133.0      1.320    
     4   45  1.095     0.2820      0.000      0.000      254.1     -13.98    
     5   45  1.095     0.2820      0.000      0.000      254.1     -13.98    
     6   45  1.095     0.2820      0.000      0.000      268.8      1.746    
     1   46  1.115     0.2632      0.000      0.000      69.71      190.2    
     2   46  1.115     0.2632      0.000      0.000      69.71      190.2    
     3   46  1.115     0.2632      0.000      0.000      125.1      1.310    
     4   46  1.115     0.2632      0.000      0.000      255.7     -11.85    
     5   46  1.115     0.2632      0.000      0.000      255.7     -11.85    
     6   46  1.115     0.2632      0.000      0.000      270.6      1.763    
     1   47  1.135     0.2444      0.000      0.000      67.77      174.6    
     2   47  1.135     0.2444      0.000      0.000      67.77      174.6    
     3   47  1.135     0.2444      0.000      0.000      116.9      1.302    
     4   47  1.135     0.2444      0.000      0.000      257.5     -9.834    
     5   47  1.135     0.2444      0.000      0.000      257.5     -9.834    
     6   47  1.135     0.2444      0.000      0.000      272.2      1.779    
     1   48  1.155     0.2256      0.000      0.000      65.36      160.4    
     2   48  1.155     0.2256      0.000      0.000      65.36      160.4    
     3   48  1.155     0.2256      0.000      0.000      108.6      1.293    
     4   48  1.155     0.2256      0.000      0.000      259.6     -7.948    
     5   48  1.155     0.2256      0.000      0.000      259.6     -7.948    
     6   48  1.155     0.2256      0.000      0.000      273.6      1.795    
     1   49  1.175     0.2068      0.000      0.000      62.46      147.6    
     2   49  1.175     0.2068      0.000      0.000      62.46      147.6    
     3   49  1.175     0.2068      0.000      0.000      100.1      1.286    
     4   49  1.175     0.2068      0.000      0.000      261.8     -6.221    
     5   49  1.175     0.2068      0.000      0.000      261.8     -6.221    
     6   49  1.175     0.2068      0.000      0.000      274.9      1.809    
     1   50  1.195     0.1880      0.000      0.000      59.03      136.4    
     2   50  1.195     0.1880      0.000      0.000      59.03      136.4    
     3   50  1.195     0.1880      0.000      0.000      91.50      1.279    
     4   50  1.195     0.1880      0.000      0.000      264.2     -4.667    
     5   50  1.195     0.1880      0.000      0.000      264.2     -4.667    
     6   50  1.195     0.1880      0.000      0.000      276.0      1.823    
     1   51  1.215     0.1692      0.000      0.000      55.07      126.6    
     2   51  1.215     0.1692      0.000      0.000      55.07      126.6    
     3   51  1.215     0.1692      0.000      0.000      82.75      1.272    
     4   51  1.215     0.1692      0.000      0.000      266.6     -3.294    
     5   51  1.215     0.1692      0.000      0.000      266.6     -3.294    
     6   51  1.215     0.1692      0.000      0.000      277.0      1.836    
     1   52  1.235     0.1504      0.000      0.000      50.57      118.1    
     2   52  1.235     0.1504      0.000      0.000      50.57      118.1    
     3   52  1.235     0.1504      0.000      0.000      73.87      1.267    
     4   52  1.235     0.1504      0.000      0.000      269.1     -2.105    
     5   52  1.235     0.1504      0.000      0.000      269.1     -2.105    
     6   52  1.235     0.1504      0.000      0.000      277.9      1.847    
     1   53  1.254     0.1316      0.000      0.000      45.55      110.9    
     2   53  1.254     0.1316      0.000      0.000      45.55      110.9    
     3   53  1.254     0.1316      0.000      0.000      64.89      1.262    
     4   53  1.254     0.1316      0.000      0.000      271.5     -1.092    
     5   53  1.254     0.1316      0.000      0.000      271.5     -1.092    
     6   53  1.254     0.1316      0.000      0.000      278.7      1.858    
     1   54  1.274     0.1128      0.000      0.000      40.05      104.9    
     2   54  1.274     0.1128      0.000      0.000      40.05      104.9    
     3   54  1.274     0.1128      0.000      0.000      55.81      1.257    
     4   54  1.274     0.1128      0.000      0.000      273.8     -.2485    
     5   54  1.274     0.1128      0.000      0.000      273.8     -.2485    
     6   54  1.274     0.1128      0.000      0.000      279.3      1.867    
     1   55  1.294     0.9399E-01  0.000      0.000      34.10      99.96    
     2   55  1.294     0.9399E-01  0.000      0.000      34.10      99.96    
     3   55  1.294     0.9399E-01  0.000      0.000      46.64      1.253    
     4   55  1.294     0.9399E-01  0.000      0.000      275.8     0.4381    
     5   55  1.294     0.9399E-01  0.000      0.000      275.8     0.4381    
     6   55  1.294     0.9399E-01  0.000      0.000      279.9      1.875    
     1   56  1.314     0.7519E-01  0.000      0.000      27.77      96.05    
     2   56  1.314     0.7519E-01  0.000      0.000      27.77      96.05    
     3   56  1.314     0.7519E-01  0.000      0.000      37.40      1.250    
     4   56  1.314     0.7519E-01  0.000      0.000      277.6     0.9797    
     5   56  1.314     0.7519E-01  0.000      0.000      277.6     0.9797    
     6   56  1.314     0.7519E-01  0.000      0.000      280.3      1.882    
     1   57  1.334     0.5639E-01  0.000      0.000      21.12      93.08    
     2   57  1.334     0.5639E-01  0.000      0.000      21.12      93.08    
     3   57  1.334     0.5639E-01  0.000      0.000      28.10      1.248    
     4   57  1.334     0.5639E-01  0.000      0.000      279.1      1.387    
     5   57  1.334     0.5639E-01  0.000      0.000      279.1      1.387    
     6   57  1.334     0.5639E-01  0.000      0.000      280.6      1.887    
     1   58  1.354     0.3760E-01  0.000      0.000      14.22      90.99    
     2   58  1.354     0.3760E-01  0.000      0.000      14.22      90.99    
     3   58  1.354     0.3760E-01  0.000      0.000      18.76      1.246    
     4   58  1.354     0.3760E-01  0.000      0.000      280.2      1.671    
     5   58  1.354     0.3760E-01  0.000      0.000      280.2      1.671    
     6   58  1.354     0.3760E-01  0.000      0.000      280.9      1.891    
     1   59  1.374     0.1880E-01  0.000      0.000      7.153      89.76    
     2   59  1.374     0.1880E-01  0.000      0.000      7.153      89.76    
     3   59  1.374     0.1880E-01  0.000      0.000      9.387      1.245    
     4   59  1.374     0.1880E-01  0.000      0.000      280.8      1.838    
     5   59  1.374     0.1880E-01  0.000      0.000      280.8      1.838    
     6   59  1.374     0.1880E-01  0.000      0.000      281.0      1.893    
     1   60  1.394     0.1880E-09  0.000      0.000     0.2221E-01 0.4608E-09
     2   60  1.394     0.1880E-09  0.000      0.000     0.2013E-01 -.8046E-09
     3   60  1.394     0.1880E-09  0.000      0.000     0.2013E-01 -.1061E-07
     4   60  1.394     0.1880E-09  0.000      0.000      281.1      1.894    
     5   60  1.394     0.1880E-09  0.000      0.000      281.1      1.894    
     6   60  1.394     0.1880E-09  0.000      0.000      281.1      1.894    
     1   61  1.394      0.000      0.000      0.000     0.2221E-01  0.000    
     2   61  1.394      0.000      0.000      0.000     0.2013E-01  0.000    
     3   61  1.394      0.000      0.000      0.000     0.2013E-01  0.000    
     4   61  1.394      0.000      0.000      0.000      281.1      1.894    
     5   61  1.394      0.000      0.000      0.000      281.1      1.894    
     6   61  1.394      0.000      0.000      0.000      281.1      1.894    
     1   62  1.411     0.9399E-02 0.9399E-02 -.9399E-02  5.376      99.67    
     2   62  1.411     0.9399E-02 0.9399E-02 -.9399E-02  5.376      99.67    
     3   62  1.411     0.9399E-02 0.9399E-02 -.9399E-02  9.222      14.20    
     4   62  1.411     0.9399E-02 0.9399E-02 -.9399E-02  280.9      1.881    
     5   62  1.411     0.9399E-02 0.9399E-02 -.9399E-02  281.0      1.858    
     6   62  1.411     0.9399E-02 0.9399E-02 -.9399E-02  281.0      1.858    
     1   63  1.428     0.1880E-01 0.1880E-01 -.1880E-01  10.71      100.3    
     2   63  1.428     0.1880E-01 0.1880E-01 -.1880E-01  10.71      100.3    
     3   63  1.428     0.1880E-01 0.1880E-01 -.1880E-01  18.40      14.49    
     4   63  1.428     0.1880E-01 0.1880E-01 -.1880E-01  280.4      1.841    
     5   63  1.428     0.1880E-01 0.1880E-01 -.1880E-01  280.7      1.753    
     6   63  1.428     0.1880E-01 0.1880E-01 -.1880E-01  280.7      1.753    
     1   64  1.446     0.2820E-01 0.2820E-01 -.2820E-01  15.95      101.4    
     2   64  1.446     0.2820E-01 0.2820E-01 -.2820E-01  15.95      101.4    
     3   64  1.446     0.2820E-01 0.2820E-01 -.2820E-01  27.48      14.98    
     4   64  1.446     0.2820E-01 0.2820E-01 -.2820E-01  279.5      1.770    
     5   64  1.446     0.2820E-01 0.2820E-01 -.2820E-01  280.2      1.577    
     6   64  1.446     0.2820E-01 0.2820E-01 -.2820E-01  280.2      1.577    
     1   65  1.463     0.3760E-01 0.3760E-01 -.3760E-01  21.06      102.9    
     2   65  1.463     0.3760E-01 0.3760E-01 -.3760E-01  21.06      102.9    
     3   65  1.463     0.3760E-01 0.3760E-01 -.3760E-01  36.42      15.65    
     4   65  1.463     0.3760E-01 0.3760E-01 -.3760E-01  278.4      1.662    
     5   65  1.463     0.3760E-01 0.3760E-01 -.3760E-01  279.5      1.330    
     6   65  1.463     0.3760E-01 0.3760E-01 -.3760E-01  279.5      1.330    
     1   66  1.480     0.4700E-01 0.4700E-01 -.4700E-01  26.00      104.9    
     2   66  1.480     0.4700E-01 0.4700E-01 -.4700E-01  26.00      104.9    
     3   66  1.480     0.4700E-01 0.4700E-01 -.4700E-01  45.19      16.48    
     4   66  1.480     0.4700E-01 0.4700E-01 -.4700E-01  277.0      1.511    
     5   66  1.480     0.4700E-01 0.4700E-01 -.4700E-01  278.7      1.013    
     6   66  1.480     0.4700E-01 0.4700E-01 -.4700E-01  278.7      1.013    
     1   67  1.497     0.5639E-01 0.5639E-01 -.5639E-01  30.73      107.3    
     2   67  1.497     0.5639E-01 0.5639E-01 -.5639E-01  30.73      107.3    
     3   67  1.497     0.5639E-01 0.5639E-01 -.5639E-01  53.76      17.47    
     4   67  1.497     0.5639E-01 0.5639E-01 -.5639E-01  275.4      1.307    
     5   67  1.497     0.5639E-01 0.5639E-01 -.5639E-01  277.8     0.6246    
     6   67  1.497     0.5639E-01 0.5639E-01 -.5639E-01  277.8     0.6246    
     1   68  1.515     0.6579E-01 0.6579E-01 -.6579E-01  35.22      110.3    
     2   68  1.515     0.6579E-01 0.6579E-01 -.6579E-01  35.22      110.3    
     3   68  1.515     0.6579E-01 0.6579E-01 -.6579E-01  62.10      18.57    
     4   68  1.515     0.6579E-01 0.6579E-01 -.6579E-01  273.6      1.041    
     5   68  1.515     0.6579E-01 0.6579E-01 -.6579E-01  276.8     0.1662    
     6   68  1.515     0.6579E-01 0.6579E-01 -.6579E-01  276.8     0.1662    
     1   69  1.532     0.7519E-01 0.7519E-01 -.7519E-01  39.43      113.9    
     2   69  1.532     0.7519E-01 0.7519E-01 -.7519E-01  39.43      113.9    
     3   69  1.532     0.7519E-01 0.7519E-01 -.7519E-01  70.21      19.74    
     4   69  1.532     0.7519E-01 0.7519E-01 -.7519E-01  271.8     0.7075    
     5   69  1.532     0.7519E-01 0.7519E-01 -.7519E-01  275.6     -.3617    
     6   69  1.532     0.7519E-01 0.7519E-01 -.7519E-01  275.6     -.3617    
     1   70  1.549     0.8459E-01 0.8459E-01 -.8459E-01  43.34      118.0    
     2   70  1.549     0.8459E-01 0.8459E-01 -.8459E-01  43.34      118.0    
     3   70  1.549     0.8459E-01 0.8459E-01 -.8459E-01  78.09      20.96    
     4   70  1.549     0.8459E-01 0.8459E-01 -.8459E-01  269.8     0.2995    
     5   70  1.549     0.8459E-01 0.8459E-01 -.8459E-01  274.5     -.9576    
     6   70  1.549     0.8459E-01 0.8459E-01 -.8459E-01  274.5     -.9576    
     1   71  1.566     0.9399E-01 0.9399E-01 -.9399E-01  46.93      122.8    
     2   71  1.566     0.9399E-01 0.9399E-01 -.9399E-01  46.93      122.8    
     3   71  1.566     0.9399E-01 0.9399E-01 -.9399E-01  85.74      22.14    
     4   71  1.566     0.9399E-01 0.9399E-01 -.9399E-01  267.9     -.1841    
     5   71  1.566     0.9399E-01 0.9399E-01 -.9399E-01  273.3     -1.619    
     6   71  1.566     0.9399E-01 0.9399E-01 -.9399E-01  273.3     -1.619    
     1   72  1.584     0.1034     0.1034     -.1034      50.18      128.3    
     2   72  1.584     0.1034     0.1034     -.1034      50.18      128.3    
     3   72  1.584     0.1034     0.1034     -.1034      93.20      23.25    
     4   72  1.584     0.1034     0.1034     -.1034      266.0     -.7405    
     5   72  1.584     0.1034     0.1034     -.1034      272.1     -2.343    
     6   72  1.584     0.1034     0.1034     -.1034      272.1     -2.343    
     1   73  1.601     0.1128     0.1128     -.1128      53.08      134.5    
     2   73  1.601     0.1128     0.1128     -.1128      53.08      134.5    
     3   73  1.601     0.1128     0.1128     -.1128      100.5      24.21    
     4   73  1.601     0.1128     0.1128     -.1128      264.1     -1.362    
     5   73  1.601     0.1128     0.1128     -.1128      271.0     -3.124    
     6   73  1.601     0.1128     0.1128     -.1128      271.0     -3.124    
     1   74  1.618     0.1222     0.1222     -.1222      55.63      141.5    
     2   74  1.618     0.1222     0.1222     -.1222      55.63      141.5    
     3   74  1.618     0.1222     0.1222     -.1222      107.7      24.98    
     4   74  1.618     0.1222     0.1222     -.1222      262.2     -2.035    
     5   74  1.618     0.1222     0.1222     -.1222      269.9     -3.956    
     6   74  1.618     0.1222     0.1222     -.1222      269.9     -3.956    
     1   75  1.635     0.1316     0.1316     -.1316      57.83      149.2    
     2   75  1.635     0.1316     0.1316     -.1316      57.83      149.2    
     3   75  1.635     0.1316     0.1316     -.1316      114.7      25.50    
     4   75  1.635     0.1316     0.1316     -.1316      260.4     -2.744    
     5   75  1.635     0.1316     0.1316     -.1316      268.9     -4.832    
     6   75  1.635     0.1316     0.1316     -.1316      268.9     -4.832    
     1   76  1.652     0.1410     0.1410     -.1410      59.67      157.8    
     2   76  1.652     0.1410     0.1410     -.1410      59.67      157.8    
     3   76  1.652     0.1410     0.1410     -.1410      121.8      25.74    
     4   76  1.652     0.1410     0.1410     -.1410      258.6     -3.470    
     5   76  1.652     0.1410     0.1410     -.1410      268.0     -5.741    
     6   76  1.652     0.1410     0.1410     -.1410      268.0     -5.741    
     1   77  1.670     0.1504     0.1504     -.1504      61.19      167.2    
     2   77  1.670     0.1504     0.1504     -.1504      61.19      167.2    
     3   77  1.670     0.1504     0.1504     -.1504      128.8      25.71    
     4   77  1.670     0.1504     0.1504     -.1504      256.8     -4.195    
     5   77  1.670     0.1504     0.1504     -.1504      267.2     -6.674    
     6   77  1.670     0.1504     0.1504     -.1504      267.2     -6.674    
     1   78  1.687     0.1598     0.1598     -.1598      62.38      177.5    
     2   78  1.687     0.1598     0.1598     -.1598      62.38      177.5    
     3   78  1.687     0.1598     0.1598     -.1598      135.8      25.41    
     4   78  1.687     0.1598     0.1598     -.1598      255.0     -4.904    
     5   78  1.687     0.1598     0.1598     -.1598      266.6     -7.616    
     6   78  1.687     0.1598     0.1598     -.1598      266.6     -7.616    
     1   79  1.704     0.1692     0.1692     -.1692      63.28      188.5    
     2   79  1.704     0.1692     0.1692     -.1692      63.28      188.5    
     3   79  1.704     0.1692     0.1692     -.1692      142.8      24.88    
     4   79  1.704     0.1692     0.1692     -.1692      253.1     -5.586    
     5   79  1.704     0.1692     0.1692     -.1692      266.0     -8.554    
     6   79  1.704     0.1692     0.1692     -.1692      266.0     -8.554    
     1   80  1.721     0.1786     0.1786     -.1786      63.92      200.2    
     2   80  1.721     0.1786     0.1786     -.1786      63.92      200.2    
     3   80  1.721     0.1786     0.1786     -.1786      149.8      24.18    
     4   80  1.721     0.1786     0.1786     -.1786      251.1     -6.239    
     5   80  1.721     0.1786     0.1786     -.1786      265.6     -9.474    
     6   80  1.721     0.1786     0.1786     -.1786      265.6     -9.474    
     1   81  1.739     0.1880     0.1880     -.1880      64.32      212.4    
     2   81  1.739     0.1880     0.1880     -.1880      64.32      212.4    
     3   81  1.739     0.1880     0.1880     -.1880      156.9      23.37    
     4   81  1.739     0.1880     0.1880     -.1880      248.9     -6.871    
     5   81  1.739     0.1880     0.1880     -.1880      265.2     -10.36    
     6   81  1.739     0.1880     0.1880     -.1880      265.2     -10.36    
     1   82  1.756     0.1974     0.1974     -.1974      64.52      224.9    
     2   82  1.756     0.1974     0.1974     -.1974      64.52      224.9    
     3   82  1.756     0.1974     0.1974     -.1974      163.9      22.55    
     4   82  1.756     0.1974     0.1974     -.1974      246.5     -7.505    
     5   82  1.756     0.1974     0.1974     -.1974      265.0     -11.20    
     6   82  1.756     0.1974     0.1974     -.1974      265.0     -11.20    
     1   83  1.773     0.2068     0.2068     -.2068      64.56      237.4    
     2   83  1.773     0.2068     0.2068     -.2068      64.56      237.4    
     3   83  1.773     0.2068     0.2068     -.2068      170.8      21.81    
     4   83  1.773     0.2068     0.2068     -.2068      243.8     -8.189    
     5   83  1.773     0.2068     0.2068     -.2068      264.8     -11.97    
     6   83  1.773     0.2068     0.2068     -.2068      264.8     -11.97    
     1   84  1.790     0.2162     0.2162     -.2162      64.48      249.6    
     2   84  1.790     0.2162     0.2162     -.2162      64.48      249.6    
     3   84  1.790     0.2162     0.2162     -.2162      177.7      21.30    
     4   84  1.790     0.2162     0.2162     -.2162      240.9     -9.006    
     5   84  1.790     0.2162     0.2162     -.2162      264.8     -12.67    
     6   84  1.790     0.2162     0.2162     -.2162      264.8     -12.67    
     1   85  1.808     0.2256     0.2256     -.2256      64.33      261.1    
     2   85  1.808     0.2256     0.2256     -.2256      64.33      261.1    
     3   85  1.808     0.2256     0.2256     -.2256      184.3      21.21    
     4   85  1.808     0.2256     0.2256     -.2256      237.7     -10.11    
     5   85  1.808     0.2256     0.2256     -.2256      264.7     -13.29    
     6   85  1.808     0.2256     0.2256     -.2256      264.7     -13.29    
     1   86  1.825     0.2350     0.2350     -.2350      64.14      271.4    
     2   86  1.825     0.2350     0.2350     -.2350      64.14      271.4    
     3   86  1.825     0.2350     0.2350     -.2350      190.8      21.88    
     4   86  1.825     0.2350     0.2350     -.2350      234.1     -11.80    
     5   86  1.825     0.2350     0.2350     -.2350      264.7     -13.80    
     6   86  1.825     0.2350     0.2350     -.2350      264.7     -13.80    
     1   87  1.842     0.2444     0.2444     -.2444      63.95      280.0    
     2   87  1.842     0.2444     0.2444     -.2444      63.95      280.0    
     3   87  1.842     0.2444     0.2444     -.2444      196.9      23.95    
     4   87  1.842     0.2444     0.2444     -.2444      230.3     -14.69    
     5   87  1.842     0.2444     0.2444     -.2444      264.7     -14.21    
     6   87  1.842     0.2444     0.2444     -.2444      264.7     -14.21    
     1   88  1.859     0.2538     0.2538     -.2538      63.79      286.6    
     2   88  1.859     0.2538     0.2538     -.2538      63.79      286.6    
     3   88  1.859     0.2538     0.2538     -.2538      202.6      28.96    
     4   88  1.859     0.2538     0.2538     -.2538      226.3     -20.30    
     5   88  1.859     0.2538     0.2538     -.2538      264.7     -14.51    
     6   88  1.859     0.2538     0.2538     -.2538      264.7     -14.51    
     1   89  1.877     0.2632     0.2632     -.2632      63.68      290.7    
     2   89  1.877     0.2632     0.2632     -.2632      63.68      290.7    
     3   89  1.877     0.2632     0.2632     -.2632      207.5      40.57    
     4   89  1.877     0.2632     0.2632     -.2632      222.4     -32.28    
     5   89  1.877     0.2632     0.2632     -.2632      264.7     -14.68    
     6   89  1.877     0.2632     0.2632     -.2632      264.7     -14.68    
     1   90  1.894     0.2726     0.2726     -.2726      63.64      292.1    
     2   90  1.894     0.2726     0.2726     -.2726      63.64      292.1    
     3   90  1.894     0.2726     0.2726     -.2726      209.9      54.57    
     4   90  1.894     0.2726     0.2726     -.2726      220.4     -46.40    
     5   90  1.894     0.2726     0.2726     -.2726      264.7     -14.74    
     6   90  1.894     0.2726     0.2726     -.2726      264.7     -14.74    
     1   91  1.894     0.2726     0.2726     0.2726      63.64      292.1    
     2   91  1.894     0.2726     0.2726     0.2726      63.64      292.1    
     3   91  1.894     0.2726     0.2726     0.2726      209.9      54.57    
     4   91  1.894     0.2726     0.2726     0.2726      220.4     -46.40    
     5   91  1.894     0.2726     0.2726     0.2726      264.7     -14.74    
     6   91  1.894     0.2726     0.2726     0.2726      264.7     -14.74    
     1   92  1.911     0.2820     0.2632     0.2632      63.72      292.0    
     2   92  1.911     0.2820     0.2632     0.2632      64.12      287.9    
     3   92  1.911     0.2820     0.2632     0.2632      209.3      52.19    
     4   92  1.911     0.2820     0.2632     0.2632      220.6     -43.84    
     5   92  1.911     0.2820     0.2632     0.2632      264.6     -14.79    
     6   92  1.911     0.2820     0.2632     0.2632      264.7     -14.82    
     1   93  1.928     0.2914     0.2538     0.2538      63.95      291.7    
     2   93  1.928     0.2914     0.2538     0.2538      65.52      276.2    
     3   93  1.928     0.2914     0.2538     0.2538      207.9      47.36    
     4   93  1.928     0.2914     0.2538     0.2538      221.1     -38.47    
     5   93  1.928     0.2914     0.2538     0.2538      264.3     -14.93    
     6   93  1.928     0.2914     0.2538     0.2538      264.5     -15.04    
     1   94  1.946     0.3008     0.2444     0.2444      64.33      291.4    
     2   94  1.946     0.3008     0.2444     0.2444      67.75      259.0    
     3   94  1.946     0.3008     0.2444     0.2444      205.7      43.12    
     4   94  1.946     0.3008     0.2444     0.2444      221.7     -33.34    
     5   94  1.946     0.3008     0.2444     0.2444      263.9     -15.17    
     6   94  1.946     0.3008     0.2444     0.2444      264.3     -15.41    
     1   95  1.963     0.3102     0.2350     0.2350      64.85      291.0    
     2   95  1.963     0.3102     0.2350     0.2350      70.68      239.1    
     3   95  1.963     0.3102     0.2350     0.2350      203.0      40.35    
     4   95  1.963     0.3102     0.2350     0.2350      222.2     -29.39    
     5   95  1.963     0.3102     0.2350     0.2350      263.2     -15.51    
     6   95  1.963     0.3102     0.2350     0.2350      264.0     -15.90    
     1   96  1.980     0.3196     0.2256     0.2256      65.49      290.7    
     2   96  1.980     0.3196     0.2256     0.2256      74.16      218.8    
     3   96  1.980     0.3196     0.2256     0.2256      200.0      38.88    
     4   96  1.980     0.3196     0.2256     0.2256      222.7     -26.47    
     5   96  1.980     0.3196     0.2256     0.2256      262.4     -15.94    
     6   96  1.980     0.3196     0.2256     0.2256      263.6     -16.51    
     1   97  1.997     0.3290     0.2162     0.2162      66.23      290.6    
     2   97  1.997     0.3290     0.2162     0.2162      78.01      199.7    
     3   97  1.997     0.3290     0.2162     0.2162      196.6      38.31    
     4   97  1.997     0.3290     0.2162     0.2162      223.0     -24.26    
     5   97  1.997     0.3290     0.2162     0.2162      261.4     -16.46    
     6   97  1.997     0.3290     0.2162     0.2162      263.1     -17.20    
     1   98  2.015     0.3384     0.2068     0.2068      67.07      290.8    
     2   98  2.015     0.3384     0.2068     0.2068      82.09      182.9    
     3   98  2.015     0.3384     0.2068     0.2068      193.1      38.26    
     4   98  2.015     0.3384     0.2068     0.2068      223.3     -22.49    
     5   98  2.015     0.3384     0.2068     0.2068      260.4     -17.08    
     6   98  2.015     0.3384     0.2068     0.2068      262.6     -17.98    
     1   99  2.032     0.3478     0.1974     0.1974      67.97      291.3    
     2   99  2.032     0.3478     0.1974     0.1974      86.24      169.2    
     3   99  2.032     0.3478     0.1974     0.1974      189.5      38.42    
     4   99  2.032     0.3478     0.1974     0.1974      223.5     -20.98    
     5   99  2.032     0.3478     0.1974     0.1974      259.2     -17.80    
     6   99  2.032     0.3478     0.1974     0.1974      262.0     -18.80    
     1  100  2.049     0.3572     0.1880     0.1880      68.92      292.4    
     2  100  2.049     0.3572     0.1880     0.1880      90.30      158.6    
     3  100  2.049     0.3572     0.1880     0.1880      185.9      38.48    
     4  100  2.049     0.3572     0.1880     0.1880      223.7     -19.61    
     5  100  2.049     0.3572     0.1880     0.1880      258.1     -18.61    
     6  100  2.049     0.3572     0.1880     0.1880      261.4     -19.66    
     1  101  2.066     0.3666     0.1786     0.1786      69.89      294.1    
     2  101  2.066     0.3666     0.1786     0.1786      94.11      151.6    
     3  101  2.066     0.3666     0.1786     0.1786      182.5      38.13    
     4  101  2.066     0.3666     0.1786     0.1786      223.9     -18.31    
     5  101  2.066     0.3666     0.1786     0.1786      256.9     -19.50    
     6  101  2.066     0.3666     0.1786     0.1786      260.7     -20.53    
     1  102  2.084     0.3760     0.1692     0.1692      70.87      296.4    
     2  102  2.084     0.3760     0.1692     0.1692      97.52      148.1    
     3  102  2.084     0.3760     0.1692     0.1692      179.5      37.08    
     4  102  2.084     0.3760     0.1692     0.1692      224.2     -17.04    
     5  102  2.084     0.3760     0.1692     0.1692      255.7     -20.48    
     6  102  2.084     0.3760     0.1692     0.1692      260.1     -21.40    
     1  103  2.101     0.3854     0.1598     0.1598      71.83      299.4    
     2  103  2.101     0.3854     0.1598     0.1598      100.3      148.2    
     3  103  2.101     0.3854     0.1598     0.1598      177.1      35.09    
     4  103  2.101     0.3854     0.1598     0.1598      224.5     -15.78    
     5  103  2.101     0.3854     0.1598     0.1598      254.5     -21.53    
     6  103  2.101     0.3854     0.1598     0.1598      259.4     -22.26    
     1  104  2.118     0.3948     0.1504     0.1504      72.76      303.1    
     2  104  2.118     0.3948     0.1504     0.1504      102.4      152.1    
     3  104  2.118     0.3948     0.1504     0.1504      175.4      32.05    
     4  104  2.118     0.3948     0.1504     0.1504      224.9     -14.53    
     5  104  2.118     0.3948     0.1504     0.1504      253.5     -22.65    
     6  104  2.118     0.3948     0.1504     0.1504      258.8     -23.09    
     1  105  2.135     0.4042     0.1410     0.1410      73.64      307.5    
     2  105  2.135     0.4042     0.1410     0.1410      103.6      159.3    
     3  105  2.135     0.4042     0.1410     0.1410      174.6      28.11    
     4  105  2.135     0.4042     0.1410     0.1410      225.4     -13.28    
     5  105  2.135     0.4042     0.1410     0.1410      252.5     -23.81    
     6  105  2.135     0.4042     0.1410     0.1410      258.1     -23.90    
     1  106  2.152     0.4136     0.1316     0.1316      74.46      312.5    
     2  106  2.152     0.4136     0.1316     0.1316      103.8      169.5    
     3  106  2.152     0.4136     0.1316     0.1316      174.9      23.67    
     4  106  2.152     0.4136     0.1316     0.1316      225.9     -12.04    
     5  106  2.152     0.4136     0.1316     0.1316      251.6     -25.00    
     6  106  2.152     0.4136     0.1316     0.1316      257.5     -24.68    
     1  107  2.170     0.4230     0.1222     0.1222      75.20      318.1    
     2  107  2.170     0.4230     0.1222     0.1222      103.1      182.1    
     3  107  2.170     0.4230     0.1222     0.1222      176.1      19.25    
     4  107  2.170     0.4230     0.1222     0.1222      226.5     -10.81    
     5  107  2.170     0.4230     0.1222     0.1222      250.9     -26.21    
     6  107  2.170     0.4230     0.1222     0.1222      256.9     -25.43    
     1  108  2.187     0.4324     0.1128     0.1128      75.86      324.3    
     2  108  2.187     0.4324     0.1128     0.1128      101.6      196.6    
     3  108  2.187     0.4324     0.1128     0.1128      178.4      15.23    
     4  108  2.187     0.4324     0.1128     0.1128      227.2     -9.603    
     5  108  2.187     0.4324     0.1128     0.1128      250.2     -27.41    
     6  108  2.187     0.4324     0.1128     0.1128      256.3     -26.17    
     1  109  2.204     0.4418     0.1034     0.1034      76.43      330.8    
     2  109  2.204     0.4418     0.1034     0.1034      99.50      212.7    
     3  109  2.204     0.4418     0.1034     0.1034      181.4      11.82    
     4  109  2.204     0.4418     0.1034     0.1034      227.8     -8.405    
     5  109  2.204     0.4418     0.1034     0.1034      249.7     -28.59    
     6  109  2.204     0.4418     0.1034     0.1034      255.7     -26.91    
     1  110  2.221     0.4512     0.9399E-01 0.9399E-01  76.92      337.6    
     2  110  2.221     0.4512     0.9399E-01 0.9399E-01  97.00      230.3    
     3  110  2.221     0.4512     0.9399E-01 0.9399E-01  184.9      9.037    
     4  110  2.221     0.4512     0.9399E-01 0.9399E-01  228.4     -7.215    
     5  110  2.221     0.4512     0.9399E-01 0.9399E-01  249.4     -29.72    
     6  110  2.221     0.4512     0.9399E-01 0.9399E-01  255.1     -27.68    
     1  111  2.239     0.4606     0.8459E-01 0.8459E-01  77.32      344.6    
     2  111  2.239     0.4606     0.8459E-01 0.8459E-01  94.28      249.2    
     3  111  2.239     0.4606     0.8459E-01 0.8459E-01  188.9      6.817    
     4  111  2.239     0.4606     0.8459E-01 0.8459E-01  228.9     -6.025    
     5  111  2.239     0.4606     0.8459E-01 0.8459E-01  249.1     -30.79    
     6  111  2.239     0.4606     0.8459E-01 0.8459E-01  254.4     -28.48    
     1  112  2.256     0.4700     0.7519E-01 0.7519E-01  77.64      351.5    
     2  112  2.256     0.4700     0.7519E-01 0.7519E-01  91.51      269.1    
     3  112  2.256     0.4700     0.7519E-01 0.7519E-01  193.2      5.078    
     4  112  2.256     0.4700     0.7519E-01 0.7519E-01  229.3     -4.830    
     5  112  2.256     0.4700     0.7519E-01 0.7519E-01  249.0     -31.78    
     6  112  2.256     0.4700     0.7519E-01 0.7519E-01  253.7     -29.35    
     1  113  2.273     0.4794     0.6579E-01 0.6579E-01  77.89      358.3    
     2  113  2.273     0.4794     0.6579E-01 0.6579E-01  88.80      289.5    
     3  113  2.273     0.4794     0.6579E-01 0.6579E-01  197.5      3.746    
     4  113  2.273     0.4794     0.6579E-01 0.6579E-01  229.6     -3.631    
     5  113  2.273     0.4794     0.6579E-01 0.6579E-01  248.9     -32.67    
     6  113  2.273     0.4794     0.6579E-01 0.6579E-01  253.0     -30.28    
     1  114  2.290     0.4888     0.5639E-01 0.5639E-01  78.07      364.6    
     2  114  2.290     0.4888     0.5639E-01 0.5639E-01  86.27      310.0    
     3  114  2.290     0.4888     0.5639E-01 0.5639E-01  201.9      2.759    
     4  114  2.290     0.4888     0.5639E-01 0.5639E-01  229.7     -2.443    
     5  114  2.290     0.4888     0.5639E-01 0.5639E-01  248.9     -33.46    
     6  114  2.290     0.4888     0.5639E-01 0.5639E-01  252.2     -31.30    
     1  115  2.308     0.4981     0.4700E-01 0.4700E-01  78.20      370.4    
     2  115  2.308     0.4981     0.4700E-01 0.4700E-01  83.99      329.7    
     3  115  2.308     0.4981     0.4700E-01 0.4700E-01  206.1      2.073    
     4  115  2.308     0.4981     0.4700E-01 0.4700E-01  229.6     -1.304    
     5  115  2.308     0.4981     0.4700E-01 0.4700E-01  248.9     -34.14    
     6  115  2.308     0.4981     0.4700E-01 0.4700E-01  251.5     -32.35    
     1  116  2.325     0.5075     0.3760E-01 0.3760E-01  78.29      375.4    
     2  116  2.325     0.5075     0.3760E-01 0.3760E-01  82.05      347.7    
     3  116  2.325     0.5075     0.3760E-01 0.3760E-01  210.2      1.647    
     4  116  2.325     0.5075     0.3760E-01 0.3760E-01  229.2     -.2767    
     5  116  2.325     0.5075     0.3760E-01 0.3760E-01  249.0     -34.70    
     6  116  2.325     0.5075     0.3760E-01 0.3760E-01  250.8     -33.40    
     1  117  2.342     0.5169     0.2820E-01 0.2820E-01  78.34      379.5    
     2  117  2.342     0.5169     0.2820E-01 0.2820E-01  80.48      363.1    
     3  117  2.342     0.5169     0.2820E-01 0.2820E-01  214.0      1.440    
     4  117  2.342     0.5169     0.2820E-01 0.2820E-01  228.3     0.5583    
     5  117  2.342     0.5169     0.2820E-01 0.2820E-01  249.1     -35.13    
     6  117  2.342     0.5169     0.2820E-01 0.2820E-01  250.1     -34.33    
     1  118  2.359     0.5263     0.1880E-01 0.1880E-01  78.38      382.5    
     2  118  2.359     0.5263     0.1880E-01 0.1880E-01  79.33      375.0    
     3  118  2.359     0.5263     0.1880E-01 0.1880E-01  217.5      1.399    
     4  118  2.359     0.5263     0.1880E-01 0.1880E-01  227.1      1.133    
     5  118  2.359     0.5263     0.1880E-01 0.1880E-01  249.1     -35.45    
     6  118  2.359     0.5263     0.1880E-01 0.1880E-01  249.6     -35.07    
     1  119  2.377     0.5357     0.9399E-02 0.9399E-02  78.39      384.3    
     2  119  2.377     0.5357     0.9399E-02 0.9399E-02  78.63      382.4    
     3  119  2.377     0.5357     0.9399E-02 0.9399E-02  220.6      1.452    
     4  119  2.377     0.5357     0.9399E-02 0.9399E-02  225.4      1.429    
     5  119  2.377     0.5357     0.9399E-02 0.9399E-02  249.2     -35.64    
     6  119  2.377     0.5357     0.9399E-02 0.9399E-02  249.3     -35.54    
     1  120  2.394     0.5451     0.9399E-10 0.9399E-10  78.40      385.0    
     2  120  2.394     0.5451     0.9399E-10 0.9399E-10  78.40      385.0    
     3  120  2.394     0.5451     0.9399E-10 0.9399E-10  223.2      1.501    
     4  120  2.394     0.5451     0.9399E-10 0.9399E-10  223.2      1.501    
     5  120  2.394     0.5451     0.9399E-10 0.9399E-10  249.2     -35.70    
     6  120  2.394     0.5451     0.9399E-10 0.9399E-10  249.2     -35.70    
     1  121  2.394     0.5451      0.000      0.000      78.40      385.0    
     2  121  2.394     0.5451      0.000      0.000      78.40      385.0    
     3  121  2.394     0.5451      0.000      0.000      223.2      1.501    
     4  121  2.394     0.5451      0.000      0.000      223.2      1.501    
     5  121  2.394     0.5451      0.000      0.000      249.2     -35.70    
     6  121  2.394     0.5451      0.000      0.000      249.2     -35.70    
     1  122  2.404     0.5451     0.9399E-02  0.000      78.46      384.3    
     2  122  2.404     0.5451     0.9399E-02  0.000      78.46      384.3    
     3  122  2.404     0.5451     0.9399E-02  0.000      223.1      1.471    
     4  122  2.404     0.5451     0.9399E-02  0.000      223.1      1.471    
     5  122  2.404     0.5451     0.9399E-02  0.000      249.2     -35.66    
     6  122  2.404     0.5451     0.9399E-02  0.000      249.2     -35.66    
     1  123  2.414     0.5451     0.1880E-01  0.000      78.66      382.3    
     2  123  2.414     0.5451     0.1880E-01  0.000      78.66      382.3    
     3  123  2.414     0.5451     0.1880E-01  0.000      222.8      1.386    
     4  123  2.414     0.5451     0.1880E-01  0.000      222.8      1.386    
     5  123  2.414     0.5451     0.1880E-01  0.000      249.3     -35.56    
     6  123  2.414     0.5451     0.1880E-01  0.000      249.3     -35.56    
     1  124  2.424     0.5451     0.2820E-01  0.000      78.99      379.0    
     2  124  2.424     0.5451     0.2820E-01  0.000      78.99      379.0    
     3  124  2.424     0.5451     0.2820E-01  0.000      222.3      1.257    
     4  124  2.424     0.5451     0.2820E-01  0.000      222.3      1.257    
     5  124  2.424     0.5451     0.2820E-01  0.000      249.4     -35.40    
     6  124  2.424     0.5451     0.2820E-01  0.000      249.4     -35.40    
     1  125  2.434     0.5451     0.3760E-01  0.000      79.44      374.5    
     2  125  2.434     0.5451     0.3760E-01  0.000      79.44      374.5    
     3  125  2.434     0.5451     0.3760E-01  0.000      221.6      1.103    
     4  125  2.434     0.5451     0.3760E-01  0.000      221.6      1.103    
     5  125  2.434     0.5451     0.3760E-01  0.000      249.5     -35.21    
     6  125  2.434     0.5451     0.3760E-01  0.000      249.5     -35.21    
     1  126  2.444     0.5451     0.4700E-01  0.000      80.01      368.9    
     2  126  2.444     0.5451     0.4700E-01  0.000      80.01      368.9    
     3  126  2.444     0.5451     0.4700E-01  0.000      220.8     0.9418    
     4  126  2.444     0.5451     0.4700E-01  0.000      220.8     0.9418    
     5  126  2.444     0.5451     0.4700E-01  0.000      249.7     -35.00    
     6  126  2.444     0.5451     0.4700E-01  0.000      249.7     -35.00    
     1  127  2.454     0.5451     0.5639E-01  0.000      80.70      362.3    
     2  127  2.454     0.5451     0.5639E-01  0.000      80.70      362.3    
     3  127  2.454     0.5451     0.5639E-01  0.000      219.7     0.7908    
     4  127  2.454     0.5451     0.5639E-01  0.000      219.7     0.7908    
     5  127  2.454     0.5451     0.5639E-01  0.000      249.9     -34.79    
     6  127  2.454     0.5451     0.5639E-01  0.000      249.9     -34.79    
     1  128  2.464     0.5451     0.6579E-01  0.000      81.49      354.9    
     2  128  2.464     0.5451     0.6579E-01  0.000      81.49      354.9    
     3  128  2.464     0.5451     0.6579E-01  0.000      218.6     0.6634    
     4  128  2.464     0.5451     0.6579E-01  0.000      218.6     0.6634    
     5  128  2.464     0.5451     0.6579E-01  0.000      250.1     -34.59    
     6  128  2.464     0.5451     0.6579E-01  0.000      250.1     -34.59    
     1  129  2.473     0.5451     0.7519E-01  0.000      82.39      346.8    
     2  129  2.473     0.5451     0.7519E-01  0.000      82.39      346.8    
     3  129  2.473     0.5451     0.7519E-01  0.000      217.3     0.5689    
     4  129  2.473     0.5451     0.7519E-01  0.000      217.3     0.5689    
     5  129  2.473     0.5451     0.7519E-01  0.000      250.3     -34.42    
     6  129  2.473     0.5451     0.7519E-01  0.000      250.3     -34.42    
     1  130  2.483     0.5451     0.8459E-01  0.000      83.39      338.2    
     2  130  2.483     0.5451     0.8459E-01  0.000      83.39      338.2    
     3  130  2.483     0.5451     0.8459E-01  0.000      215.9     0.5125    
     4  130  2.483     0.5451     0.8459E-01  0.000      215.9     0.5125    
     5  130  2.483     0.5451     0.8459E-01  0.000      250.5     -34.27    
     6  130  2.483     0.5451     0.8459E-01  0.000      250.5     -34.27    
     1  131  2.493     0.5451     0.9399E-01  0.000      84.47      329.2    
     2  131  2.493     0.5451     0.9399E-01  0.000      84.47      329.2    
     3  131  2.493     0.5451     0.9399E-01  0.000      214.4     0.4959    
     4  131  2.493     0.5451     0.9399E-01  0.000      214.4     0.4959    
     5  131  2.493     0.5451     0.9399E-01  0.000      250.7     -34.16    
     6  131  2.493     0.5451     0.9399E-01  0.000      250.7     -34.16    
     1  132  2.503     0.5451     0.1034      0.000      85.63      320.0    
     2  132  2.503     0.5451     0.1034      0.000      85.63      320.0    
     3  132  2.503     0.5451     0.1034      0.000      212.8     0.5181    
     4  132  2.503     0.5451     0.1034      0.000      212.8     0.5181    
     5  132  2.503     0.5451     0.1034      0.000      250.9     -34.08    
     6  132  2.503     0.5451     0.1034      0.000      250.9     -34.08    
     1  133  2.513     0.5451     0.1128      0.000      86.85      310.6    
     2  133  2.513     0.5451     0.1128      0.000      86.85      310.6    
     3  133  2.513     0.5451     0.1128      0.000      211.2     0.5759    
     4  133  2.513     0.5451     0.1128      0.000      211.2     0.5759    
     5  133  2.513     0.5451     0.1128      0.000      251.0     -34.03    
     6  133  2.513     0.5451     0.1128      0.000      251.0     -34.03    
     1  134  2.523     0.5451     0.1222      0.000      88.13      301.4    
     2  134  2.523     0.5451     0.1222      0.000      88.13      301.4    
     3  134  2.523     0.5451     0.1222      0.000      209.5     0.6648    
     4  134  2.523     0.5451     0.1222      0.000      209.5     0.6648    
     5  134  2.523     0.5451     0.1222      0.000      251.2     -34.01    
     6  134  2.523     0.5451     0.1222      0.000      251.2     -34.01    
     1  135  2.533     0.5451     0.1316      0.000      89.45      292.3    
     2  135  2.533     0.5451     0.1316      0.000      89.45      292.3    
     3  135  2.533     0.5451     0.1316      0.000      207.8     0.7790    
     4  135  2.533     0.5451     0.1316      0.000      207.8     0.7790    
     5  135  2.533     0.5451     0.1316      0.000      251.3     -34.01    
     6  135  2.533     0.5451     0.1316      0.000      251.3     -34.01    
     1  136  2.543     0.5451     0.1410      0.000      90.80      283.4    
     2  136  2.543     0.5451     0.1410      0.000      90.80      283.4    
     3  136  2.543     0.5451     0.1410      0.000      206.1     0.9124    
     4  136  2.543     0.5451     0.1410      0.000      206.1     0.9124    
     5  136  2.543     0.5451     0.1410      0.000      251.4     -34.04    
     6  136  2.543     0.5451     0.1410      0.000      251.4     -34.04    
     1  137  2.553     0.5451     0.1504      0.000      92.17      274.9    
     2  137  2.553     0.5451     0.1504      0.000      92.17      274.9    
     3  137  2.553     0.5451     0.1504      0.000      204.4      1.058    
     4  137  2.553     0.5451     0.1504      0.000      204.4      1.058    
     5  137  2.553     0.5451     0.1504      0.000      251.4     -34.08    
     6  137  2.553     0.5451     0.1504      0.000      251.4     -34.08    
     1  138  2.563     0.5451     0.1598      0.000      93.53      266.8    
     2  138  2.563     0.5451     0.1598      0.000      93.53      266.8    
     3  138  2.563     0.5451     0.1598      0.000      202.6      1.210    
     4  138  2.563     0.5451     0.1598      0.000      202.6      1.210    
     5  138  2.563     0.5451     0.1598      0.000      251.5     -34.14    
     6  138  2.563     0.5451     0.1598      0.000      251.5     -34.14    
     1  139  2.573     0.5451     0.1692      0.000      94.89      259.2    
     2  139  2.573     0.5451     0.1692      0.000      94.89      259.2    
     3  139  2.573     0.5451     0.1692      0.000      200.9      1.362    
     4  139  2.573     0.5451     0.1692      0.000      200.9      1.362    
     5  139  2.573     0.5451     0.1692      0.000      251.5     -34.20    
     6  139  2.573     0.5451     0.1692      0.000      251.5     -34.20    
     1  140  2.583     0.5451     0.1786      0.000      96.21      252.1    
     2  140  2.583     0.5451     0.1786      0.000      96.21      252.1    
     3  140  2.583     0.5451     0.1786      0.000      199.3      1.506    
     4  140  2.583     0.5451     0.1786      0.000      199.3      1.506    
     5  140  2.583     0.5451     0.1786      0.000      251.6     -34.28    
     6  140  2.583     0.5451     0.1786      0.000      251.6     -34.28    
     1  141  2.593     0.5451     0.1880      0.000      97.49      245.6    
     2  141  2.593     0.5451     0.1880      0.000      97.49      245.6    
     3  141  2.593     0.5451     0.1880      0.000      197.8      1.639    
     4  141  2.593     0.5451     0.1880      0.000      197.8      1.639    
     5  141  2.593     0.5451     0.1880      0.000      251.6     -34.35    
     6  141  2.593     0.5451     0.1880      0.000      251.6     -34.35    
     1  142  2.603     0.5451     0.1974      0.000      98.70      239.8    
     2  142  2.603     0.5451     0.1974      0.000      98.70      239.8    
     3  142  2.603     0.5451     0.1974      0.000      196.3      1.755    
     4  142  2.603     0.5451     0.1974      0.000      196.3      1.755    
     5  142  2.603     0.5451     0.1974      0.000      251.6     -34.42    
     6  142  2.603     0.5451     0.1974      0.000      251.6     -34.42    
     1  143  2.613     0.5451     0.2068      0.000      99.82      234.6    
     2  143  2.613     0.5451     0.2068      0.000      99.82      234.6    
     3  143  2.613     0.5451     0.2068      0.000      194.9      1.852    
     4  143  2.613     0.5451     0.2068      0.000      194.9      1.852    
     5  143  2.613     0.5451     0.2068      0.000      251.6     -34.50    
     6  143  2.613     0.5451     0.2068      0.000      251.6     -34.50    
     1  144  2.623     0.5451     0.2162      0.000      100.8      230.0    
     2  144  2.623     0.5451     0.2162      0.000      100.8      230.0    
     3  144  2.623     0.5451     0.2162      0.000      193.7      1.929    
     4  144  2.623     0.5451     0.2162      0.000      193.7      1.929    
     5  144  2.623     0.5451     0.2162      0.000      251.6     -34.57    
     6  144  2.623     0.5451     0.2162      0.000      251.6     -34.57    
     1  145  2.633     0.5451     0.2256      0.000      101.8      226.2    
     2  145  2.633     0.5451     0.2256      0.000      101.8      226.2    
     3  145  2.633     0.5451     0.2256      0.000      192.6      1.986    
     4  145  2.633     0.5451     0.2256      0.000      192.6      1.986    
     5  145  2.633     0.5451     0.2256      0.000      251.6     -34.63    
     6  145  2.633     0.5451     0.2256      0.000      251.6     -34.63    
     1  146  2.643     0.5451     0.2350      0.000      102.5      223.0    
     2  146  2.643     0.5451     0.2350      0.000      102.5      223.0    
     3  146  2.643     0.5451     0.2350      0.000      191.7      2.025    
     4  146  2.643     0.5451     0.2350      0.000      191.7      2.025    
     5  146  2.643     0.5451     0.2350      0.000      251.5     -34.68    
     6  146  2.643     0.5451     0.2350      0.000      251.5     -34.68    
     1  147  2.653     0.5451     0.2444      0.000      103.1      220.6    
     2  147  2.653     0.5451     0.2444      0.000      103.1      220.6    
     3  147  2.653     0.5451     0.2444      0.000      191.0      2.050    
     4  147  2.653     0.5451     0.2444      0.000      191.0      2.050    
     5  147  2.653     0.5451     0.2444      0.000      251.5     -34.72    
     6  147  2.653     0.5451     0.2444      0.000      251.5     -34.72    
     1  148  2.663     0.5451     0.2538      0.000      103.6      218.8    
     2  148  2.663     0.5451     0.2538      0.000      103.6      218.8    
     3  148  2.663     0.5451     0.2538      0.000      190.4      2.064    
     4  148  2.663     0.5451     0.2538      0.000      190.4      2.064    
     5  148  2.663     0.5451     0.2538      0.000      251.5     -34.75    
     6  148  2.663     0.5451     0.2538      0.000      251.5     -34.75    
     1  149  2.673     0.5451     0.2632      0.000      103.9      217.8    
     2  149  2.673     0.5451     0.2632      0.000      103.9      217.8    
     3  149  2.673     0.5451     0.2632      0.000      190.1      2.070    
     4  149  2.673     0.5451     0.2632      0.000      190.1      2.070    
     5  149  2.673     0.5451     0.2632      0.000      251.5     -34.77    
     6  149  2.673     0.5451     0.2632      0.000      251.5     -34.77    
     1  150  2.683     0.5451     0.2726      0.000      104.0      217.4    
     2  150  2.683     0.5451     0.2726      0.000      104.0      217.4    
     3  150  2.683     0.5451     0.2726      0.000      190.0      2.072    
     4  150  2.683     0.5451     0.2726      0.000      190.0      2.072    
     5  150  2.683     0.5451     0.2726      0.000      251.5     -34.78    
     6  150  2.683     0.5451     0.2726      0.000      251.5     -34.78    
     1  151  2.683     0.5451     0.2726      0.000      104.0      217.4    
     2  151  2.683     0.5451     0.2726      0.000      104.0      217.4    
     3  151  2.683     0.5451     0.2726      0.000      190.0      2.072    
     4  151  2.683     0.5451     0.2726      0.000      190.0      2.072    
     5  151  2.683     0.5451     0.2726      0.000      251.5     -34.78    
     6  151  2.683     0.5451     0.2726      0.000      251.5     -34.78    
     1  152  2.697     0.5357     0.2726     0.9399E-02  102.5      220.0    
     2  152  2.697     0.5357     0.2726     0.9399E-02  105.4      214.5    
     3  152  2.697     0.5357     0.2726     0.9399E-02  188.2      3.858    
     4  152  2.697     0.5357     0.2726     0.9399E-02  191.8     0.3249    
     5  152  2.697     0.5357     0.2726     0.9399E-02  251.4     -34.34    
     6  152  2.697     0.5357     0.2726     0.9399E-02  251.7     -35.09    
     1  153  2.711     0.5263     0.2726     0.1880E-01  100.9      222.4    
     2  153  2.711     0.5263     0.2726     0.1880E-01  106.8      211.3    
     3  153  2.711     0.5263     0.2726     0.1880E-01  186.4      5.733    
     4  153  2.711     0.5263     0.2726     0.1880E-01  193.7     -1.423    
     5  153  2.711     0.5263     0.2726     0.1880E-01  251.3     -33.78    
     6  153  2.711     0.5263     0.2726     0.1880E-01  251.9     -35.27    
     1  154  2.725     0.5169     0.2726     0.2820E-01  99.28      224.7    
     2  154  2.725     0.5169     0.2726     0.2820E-01  108.1      207.7    
     3  154  2.725     0.5169     0.2726     0.2820E-01  184.7      7.759    
     4  154  2.725     0.5169     0.2726     0.2820E-01  195.5     -3.201    
     5  154  2.725     0.5169     0.2726     0.2820E-01  251.2     -33.12    
     6  154  2.725     0.5169     0.2726     0.2820E-01  252.2     -35.30    
     1  155  2.739     0.5075     0.2726     0.3760E-01  97.62      226.9    
     2  155  2.739     0.5075     0.2726     0.3760E-01  109.3      203.7    
     3  155  2.739     0.5075     0.2726     0.3760E-01  183.1      10.01    
     4  155  2.739     0.5075     0.2726     0.3760E-01  197.2     -5.032    
     5  155  2.739     0.5075     0.2726     0.3760E-01  251.2     -32.37    
     6  155  2.739     0.5075     0.2726     0.3760E-01  252.4     -35.19    
     1  156  2.753     0.4981     0.2726     0.4700E-01  95.90      229.1    
     2  156  2.753     0.4981     0.2726     0.4700E-01  110.3      199.1    
     3  156  2.753     0.4981     0.2726     0.4700E-01  181.6      12.57    
     4  156  2.753     0.4981     0.2726     0.4700E-01  198.9     -6.930    
     5  156  2.753     0.4981     0.2726     0.4700E-01  251.2     -31.53    
     6  156  2.753     0.4981     0.2726     0.4700E-01  252.8     -34.92    
     1  157  2.767     0.4888     0.2726     0.5639E-01  94.13      231.4    
     2  157  2.767     0.4888     0.2726     0.5639E-01  111.1      194.1    
     3  157  2.767     0.4888     0.2726     0.5639E-01  180.4      15.52    
     4  157  2.767     0.4888     0.2726     0.5639E-01  200.6     -8.905    
     5  157  2.767     0.4888     0.2726     0.5639E-01  251.3     -30.63    
     6  157  2.767     0.4888     0.2726     0.5639E-01  253.1     -34.51    
     1  158  2.781     0.4794     0.2726     0.6579E-01  92.31      233.8    
     2  158  2.781     0.4794     0.2726     0.6579E-01  111.7      188.6    
     3  158  2.781     0.4794     0.2726     0.6579E-01  179.5      18.91    
     4  158  2.781     0.4794     0.2726     0.6579E-01  202.2     -10.96    
     5  158  2.781     0.4794     0.2726     0.6579E-01  251.5     -29.67    
     6  158  2.781     0.4794     0.2726     0.6579E-01  253.5     -33.94    
     1  159  2.795     0.4700     0.2726     0.7519E-01  90.45      236.4    
     2  159  2.795     0.4700     0.2726     0.7519E-01  112.0      182.6    
     3  159  2.795     0.4700     0.2726     0.7519E-01  178.8      22.75    
     4  159  2.795     0.4700     0.2726     0.7519E-01  203.7     -13.09    
     5  159  2.795     0.4700     0.2726     0.7519E-01  251.7     -28.67    
     6  159  2.795     0.4700     0.2726     0.7519E-01  254.0     -33.23    
     1  160  2.809     0.4606     0.2726     0.8459E-01  88.55      239.1    
     2  160  2.809     0.4606     0.2726     0.8459E-01  111.9      176.5    
     3  160  2.809     0.4606     0.2726     0.8459E-01  178.6      26.99    
     4  160  2.809     0.4606     0.2726     0.8459E-01  205.2     -15.29    
     5  160  2.809     0.4606     0.2726     0.8459E-01  252.0     -27.63    
     6  160  2.809     0.4606     0.2726     0.8459E-01  254.5     -32.39    
     1  161  2.823     0.4512     0.2726     0.9399E-01  86.63      242.1    
     2  161  2.823     0.4512     0.2726     0.9399E-01  111.3      170.5    
     3  161  2.823     0.4512     0.2726     0.9399E-01  178.7      31.47    
     4  161  2.823     0.4512     0.2726     0.9399E-01  206.5     -17.55    
     5  161  2.823     0.4512     0.2726     0.9399E-01  252.4     -26.59    
     6  161  2.823     0.4512     0.2726     0.9399E-01  255.1     -31.43    
     1  162  2.837     0.4418     0.2726     0.1034      84.70      245.3    
     2  162  2.837     0.4418     0.2726     0.1034      110.3      164.9    
     3  162  2.837     0.4418     0.2726     0.1034      179.3      35.97    
     4  162  2.837     0.4418     0.2726     0.1034      207.8     -19.85    
     5  162  2.837     0.4418     0.2726     0.1034      252.9     -25.53    
     6  162  2.837     0.4418     0.2726     0.1034      255.6     -30.37    
     1  163  2.851     0.4324     0.2726     0.1128      82.77      248.7    
     2  163  2.851     0.4324     0.2726     0.1128      108.9      160.1    
     3  163  2.851     0.4324     0.2726     0.1128      180.4      40.25    
     4  163  2.851     0.4324     0.2726     0.1128      209.1     -22.17    
     5  163  2.851     0.4324     0.2726     0.1128      253.4     -24.49    
     6  163  2.851     0.4324     0.2726     0.1128      256.3     -29.23    
     1  164  2.866     0.4230     0.2726     0.1222      80.87      252.2    
     2  164  2.866     0.4230     0.2726     0.1222      106.9      156.5    
     3  164  2.866     0.4230     0.2726     0.1222      181.8      44.10    
     4  164  2.866     0.4230     0.2726     0.1222      210.2     -24.48    
     5  164  2.866     0.4230     0.2726     0.1222      254.0     -23.47    
     6  164  2.866     0.4230     0.2726     0.1222      256.9     -28.03    
     1  165  2.880     0.4136     0.2726     0.1316      79.00      255.9    
     2  165  2.880     0.4136     0.2726     0.1316      104.6      154.4    
     3  165  2.880     0.4136     0.2726     0.1316      183.6      47.38    
     4  165  2.880     0.4136     0.2726     0.1316      211.4     -26.77    
     5  165  2.880     0.4136     0.2726     0.1316      254.7     -22.48    
     6  165  2.880     0.4136     0.2726     0.1316      257.6     -26.79    
     1  166  2.894     0.4042     0.2726     0.1410      77.19      259.6    
     2  166  2.894     0.4042     0.2726     0.1410      101.8      154.0    
     3  166  2.894     0.4042     0.2726     0.1410      185.7      50.02    
     4  166  2.894     0.4042     0.2726     0.1410      212.4     -29.02    
     5  166  2.894     0.4042     0.2726     0.1410      255.5     -21.54    
     6  166  2.894     0.4042     0.2726     0.1410      258.3     -25.54    
     1  167  2.908     0.3948     0.2726     0.1504      75.45      263.4    
     2  167  2.908     0.3948     0.2726     0.1504      98.79      155.5    
     3  167  2.908     0.3948     0.2726     0.1504      187.9      52.03    
     4  167  2.908     0.3948     0.2726     0.1504      213.4     -31.19    
     5  167  2.908     0.3948     0.2726     0.1504      256.3     -20.64    
     6  167  2.908     0.3948     0.2726     0.1504      259.0     -24.29    
     1  168  2.922     0.3854     0.2726     0.1598      73.80      267.1    
     2  168  2.922     0.3854     0.2726     0.1598      95.49      158.9    
     3  168  2.922     0.3854     0.2726     0.1598      190.4      53.49    
     4  168  2.922     0.3854     0.2726     0.1598      214.3     -33.27    
     5  168  2.922     0.3854     0.2726     0.1598      257.2     -19.79    
     6  168  2.922     0.3854     0.2726     0.1598      259.7     -23.07    
     1  169  2.936     0.3760     0.2726     0.1692      72.25      270.7    
     2  169  2.936     0.3760     0.2726     0.1692      92.01      164.4    
     3  169  2.936     0.3760     0.2726     0.1692      192.8      54.48    
     4  169  2.936     0.3760     0.2726     0.1692      215.2     -35.24    
     5  169  2.936     0.3760     0.2726     0.1692      258.1     -19.00    
     6  169  2.936     0.3760     0.2726     0.1692      260.4     -21.89    
     1  170  2.950     0.3666     0.2726     0.1786      70.80      274.2    
     2  170  2.950     0.3666     0.2726     0.1786      88.41      172.0    
     3  170  2.950     0.3666     0.2726     0.1786      195.3      55.08    
     4  170  2.950     0.3666     0.2726     0.1786      216.0     -37.08    
     5  170  2.950     0.3666     0.2726     0.1786      259.0     -18.28    
     6  170  2.950     0.3666     0.2726     0.1786      261.1     -20.76    
     1  171  2.964     0.3572     0.2726     0.1880      69.48      277.4    
     2  171  2.964     0.3572     0.2726     0.1880      84.77      181.7    
     3  171  2.964     0.3572     0.2726     0.1880      197.7      55.40    
     4  171  2.964     0.3572     0.2726     0.1880      216.8     -38.78    
     5  171  2.964     0.3572     0.2726     0.1880      259.9     -17.62    
     6  171  2.964     0.3572     0.2726     0.1880      261.7     -19.70    
     1  172  2.978     0.3478     0.2726     0.1974      68.28      280.4    
     2  172  2.978     0.3478     0.2726     0.1974      81.17      193.4    
     3  172  2.978     0.3478     0.2726     0.1974      200.1      55.51    
     4  172  2.978     0.3478     0.2726     0.1974      217.5     -40.34    
     5  172  2.978     0.3478     0.2726     0.1974      260.8     -17.02    
     6  172  2.978     0.3478     0.2726     0.1974      262.3     -18.72    
     1  173  2.992     0.3384     0.2726     0.2068      67.21      283.1    
     2  173  2.992     0.3384     0.2726     0.2068      77.68      207.0    
     3  173  2.992     0.3384     0.2726     0.2068      202.2      55.47    
     4  173  2.992     0.3384     0.2726     0.2068      218.1     -41.73    
     5  173  2.992     0.3384     0.2726     0.2068      261.6     -16.49    
     6  173  2.992     0.3384     0.2726     0.2068      262.9     -17.83    
     1  174  3.006     0.3290     0.2726     0.2162      66.27      285.4    
     2  174  3.006     0.3290     0.2726     0.2162      74.39      222.1    
     3  174  3.006     0.3290     0.2726     0.2162      204.1      55.34    
     4  174  3.006     0.3290     0.2726     0.2162      218.7     -42.95    
     5  174  3.006     0.3290     0.2726     0.2162      262.4     -16.03    
     6  174  3.006     0.3290     0.2726     0.2162      263.3     -17.04    
     1  175  3.020     0.3196     0.2726     0.2256      65.47      287.4    
     2  175  3.020     0.3196     0.2726     0.2256      71.38      238.2    
     3  175  3.020     0.3196     0.2726     0.2256      205.8      55.17    
     4  175  3.020     0.3196     0.2726     0.2256      219.2     -43.99    
     5  175  3.020     0.3196     0.2726     0.2256      263.1     -15.64    
     6  175  3.020     0.3196     0.2726     0.2256      263.8     -16.36    
     1  176  3.034     0.3102     0.2726     0.2350      64.82      289.1    
     2  176  3.034     0.3102     0.2726     0.2350      68.75      254.3    
     3  176  3.034     0.3102     0.2726     0.2350      207.3      54.98    
     4  176  3.034     0.3102     0.2726     0.2350      219.6     -44.85    
     5  176  3.034     0.3102     0.2726     0.2350      263.6     -15.32    
     6  176  3.034     0.3102     0.2726     0.2350      264.1     -15.79    
     1  177  3.049     0.3008     0.2726     0.2444      64.31      290.4    
     2  177  3.049     0.3008     0.2726     0.2444      66.59      269.1    
     3  177  3.049     0.3008     0.2726     0.2444      208.4      54.82    
     4  177  3.049     0.3008     0.2726     0.2444      220.0     -45.53    
     5  177  3.049     0.3008     0.2726     0.2444      264.1     -15.07    
     6  177  3.049     0.3008     0.2726     0.2444      264.4     -15.33    
     1  178  3.063     0.2914     0.2726     0.2538      63.94      291.3    
     2  178  3.063     0.2914     0.2726     0.2538      64.98      281.3    
     3  178  3.063     0.2914     0.2726     0.2538      209.2      54.68    
     4  178  3.063     0.2914     0.2726     0.2538      220.2     -46.01    
     5  178  3.063     0.2914     0.2726     0.2538      264.5     -14.89    
     6  178  3.063     0.2914     0.2726     0.2538      264.6     -15.01    
     1  179  3.077     0.2820     0.2726     0.2632      63.72      291.9    
     2  179  3.077     0.2820     0.2726     0.2632      63.98      289.3    
     3  179  3.077     0.2820     0.2726     0.2632      209.7      54.60    
     4  179  3.077     0.2820     0.2726     0.2632      220.4     -46.30    
     5  179  3.077     0.2820     0.2726     0.2632      264.7     -14.78    
     6  179  3.077     0.2820     0.2726     0.2632      264.7     -14.81    
     1  180  3.091     0.2726     0.2726     0.2726      63.64      292.1    
     2  180  3.091     0.2726     0.2726     0.2726      63.64      292.1    
     3  180  3.091     0.2726     0.2726     0.2726      209.9      54.57    
     4  180  3.091     0.2726     0.2726     0.2726      220.4     -46.40    
     5  180  3.091     0.2726     0.2726     0.2726      264.7     -14.74    
     6  180  3.091     0.2726     0.2726     0.2726      264.7     -14.74    
