   4.2134144142856253E-022
   2.5280486485713763E-022
   4.2134144142856248E-023
   7.5841437916807428E-022
   2.5280479305602479E-022
   6.3201198264006198E-023
  -4.0091998246192430E-023
  -2.0045999123096215E-023
   1.0022999561548108E-023
   0.0000000000000000     
   0.0000000000000000     
  -1.5331996709353148E-023
   2.7399744431360247E-023
  -9.1332481437867500E-024
  -9.1332481437867500E-024
   6.3932736077464127E-023
   1.8266496022132605E-023
   9.1332480110663025E-024
   5.6707506863521460E-011
   5.6707506863372374E-011
  -1.4669548652073851E-010
  -5.7200966636885711E-011
  -5.7200966636966853E-011
  -2.6466115315893188E-010
  -5.4918038396961230E-011
  -5.4918038397027075E-011
  -1.4741139538493868E-010
   7.3628815870102242E-011
   7.3628815870059099E-011
   1.0791543437220248E-010
  -1.3997656132442044E-011
  -1.3997656132421322E-011
   2.9293054749689081E-011
  -1.8809460437383920E-011
  -1.8809460437393442E-011
   7.4380221835092767E-012
   6.8971914710311609E-023
   1.3794382942062322E-022
   4.5981276473541076E-023
   2.2990638236770445E-022
   1.6093446765739310E-022
  -1.3794382942062265E-022
   3.0792573094936700E-023
  -3.0792573094936700E-023
   1.5396286547468350E-023
  -3.0792573094936677E-023
   0.0000000000000000     
   1.5396286547468338E-023
   3.3157668511140115E-023
   2.2105112340760079E-023
   0.0000000000000000     
   0.0000000000000000     
   1.1052556170380032E-023
  -4.4210224681520128E-023
  -5.6707506863053017E-011
  -5.6707506863436351E-011
   1.4669548652080262E-010
   5.7200966636946574E-011
   5.7200966636784291E-011
   2.6466115315899283E-010
   5.4918038396895444E-011
   5.4918038396895444E-011
   1.4741139538483347E-010
  -7.3628815870102242E-011
  -7.3628815870116614E-011
  -1.0791543437221688E-010
   1.3997656132390224E-011
   1.3997656132462757E-011
  -2.9293054749595790E-011
   1.8809460437393442E-011
   1.8809460437355379E-011
  -7.4380221835187909E-012
  -7.8441330175666540E-023
  -1.2760970336648951E-010
  -1.2760818537161326E-010
   0.0000000000000000     
  -2.6278241315232419E-010
  -2.6278313403872152E-010
   5.0992902621030402E-023
  -1.8699212634439069E-010
  -1.8699220665333391E-010
   2.6745431040908279E-023
   1.0745194972657792E-010
   1.0745193541313200E-010
   0.0000000000000000     
   2.4582851985116933E-011
   2.4582758643588376E-011
  -9.1349071224217101E-024
  -3.7017927912656958E-012
  -3.7016860265180120E-012
  -8.3394352111086326E-017
  -2.7949316518126007E-022
   1.3974658259063003E-022
  -8.2324883172550704E-016
  -2.3956555760450604E-022
   3.9927592934084330E-023
  -2.5104208646470575E-019
  -5.0709426426030324E-023
  -1.0141885285206067E-023
   8.1135082173562265E-023
  -3.0425655815085855E-023
  -1.0141885271695283E-023
   6.6114354985185644E-017
  -1.0212364099268212E-023
   1.0212364099268212E-023
   4.9958976442509617E-017
  -3.0637091903863810E-023
   0.0000000000000000     
   5.6699879758035309E-011
   1.4671032568241853E-010
  -5.6698538988764282E-011
  -5.7202351994580701E-011
   2.6466002475734745E-010
   5.7199615459051911E-011
  -5.4918364031346974E-011
   1.4741283733865724E-010
   5.4918729828920450E-011
   7.3629056760815440E-011
  -1.0791614041880147E-010
  -7.3629327139359048E-011
  -1.3997182324344506E-011
  -2.9293957229683111E-011
   1.3997101797655144E-011
  -1.8809349338406891E-011
  -7.4379425530631116E-012
   1.8809716187084271E-011
   1.9610332543916639E-022
   1.2760970336580315E-010
   1.2760818537147597E-010
   1.7065903494692286E-022
   2.6278241315238736E-010
   2.6278313403878465E-010
  -1.6997634207010139E-023
   1.8699212634422063E-010
   1.8699220665329994E-010
   2.6745431040908279E-023
  -1.0745194972653780E-010
  -1.0745193541314536E-010
  -9.8434801095190033E-024
  -2.4582851985087403E-011
  -2.4582758643578521E-011
   9.1349071224217116E-024
   3.7017927912748296E-012
   3.7016860265362819E-012
  -2.0034125692059397E-010
  -2.0034125691852568E-010
  -2.0034354616700515E-010
  -1.9840757361662190E-010
  -1.9840757361410305E-010
  -1.9843189706528834E-010
  -3.9034117193966637E-010
  -3.9034117193965149E-010
  -3.9034256304505837E-010
   4.6841898626191175E-011
   4.6841898626230208E-011
   4.6842120572469135E-011
   1.3280092085700937E-011
   1.3280092085700937E-011
   1.3280802786698259E-011
   1.3285094738223891E-011
   1.3285094738232633E-011
   1.3285099241103354E-011
   5.1317948487776153E-022
   0.0000000000000000     
  -3.0345722420089441E-010
  -2.9935469951202709E-022
  -8.5529914146293471E-023
  -3.0345741083768678E-010
  -6.8864113476575125E-023
   2.7545645390630056E-023
  -6.0189952900366998E-010
  -3.9073268962919471E-023
   0.0000000000000000     
   5.0227933069236788E-011
   3.9073268962919471E-023
   9.7683172407298676E-024
   5.0227922411387259E-011
   1.8168291786602034E-023
   1.8168291786602034E-023
   5.1389876421691347E-011
   0.0000000000000000     
   0.0000000000000000     
   0.0000000000000000     
   0.0000000000000000     
   0.0000000000000000     
   0.0000000000000000     
   0.0000000000000000     
   0.0000000000000000     
   0.0000000000000000     
   0.0000000000000000     
   0.0000000000000000     
   0.0000000000000000     
   0.0000000000000000     
   0.0000000000000000     
   0.0000000000000000     
   0.0000000000000000     
   0.0000000000000000     
   0.0000000000000000     
