 # la,nk,dk(nk),kp(:,nk),om(la,nk),gruneisen(la,nk))
     1    1  0.000      0.000      0.000      0.000     0.2251E-01 0.1376E-24
     2    1  0.000      0.000      0.000      0.000     0.2013E-01  0.000    
     3    1  0.000      0.000      0.000      0.000     0.2013E-01 0.7720E-11
     4    1  0.000      0.000      0.000      0.000      281.1      1.894    
     5    1  0.000      0.000      0.000      0.000      281.1      1.894    
     6    1  0.000      0.000      0.000      0.000      281.1      1.894    
     1    2 0.2816E-01 0.1880E-01 -.1880E-01  0.000      5.389      238.8    
     2    2 0.2816E-01 0.1880E-01 -.1880E-01  0.000      6.401      221.4    
     3    2 0.2816E-01 0.1880E-01 -.1880E-01  0.000      13.50      13.05    
     4    2 0.2816E-01 0.1880E-01 -.1880E-01  0.000      280.7      1.783    
     5    2 0.2816E-01 0.1880E-01 -.1880E-01  0.000      280.7      1.868    
     6    2 0.2816E-01 0.1880E-01 -.1880E-01  0.000      281.0      1.807    
     1    3 0.5631E-01 0.3760E-01 -.3760E-01  0.000      10.82      236.1    
     2    3 0.5631E-01 0.3760E-01 -.3760E-01  0.000      13.03      212.9    
     3    3 0.5631E-01 0.3760E-01 -.3760E-01  0.000      26.88      13.46    
     4    3 0.5631E-01 0.3760E-01 -.3760E-01  0.000      279.8      1.445    
     5    3 0.5631E-01 0.3760E-01 -.3760E-01  0.000      279.8      1.791    
     6    3 0.5631E-01 0.3760E-01 -.3760E-01  0.000      280.6      1.548    
     1    4 0.8447E-01 0.5639E-01 -.5639E-01  0.000      16.34      232.0    
     2    4 0.8447E-01 0.5639E-01 -.5639E-01  0.000      20.06      200.9    
     3    4 0.8447E-01 0.5639E-01 -.5639E-01  0.000      40.02      14.12    
     4    4 0.8447E-01 0.5639E-01 -.5639E-01  0.000      278.2      1.663    
     5    4 0.8447E-01 0.5639E-01 -.5639E-01  0.000      278.2     0.8654    
     6    4 0.8447E-01 0.5639E-01 -.5639E-01  0.000      280.1      1.118    
     1    5 0.1126     0.7519E-01 -.7519E-01  0.000      21.95      226.9    
     2    5 0.1126     0.7519E-01 -.7519E-01  0.000      27.57      187.5    
     3    5 0.1126     0.7519E-01 -.7519E-01  0.000      52.82      14.99    
     4    5 0.1126     0.7519E-01 -.7519E-01  0.000      276.1      1.481    
     5    5 0.1126     0.7519E-01 -.7519E-01  0.000      276.4     0.2457E-01
     6    5 0.1126     0.7519E-01 -.7519E-01  0.000      279.3     0.5160    
     1    6 0.1408     0.9399E-01 -.9399E-01  0.000      27.67      221.1    
     2    6 0.1408     0.9399E-01 -.9399E-01  0.000      35.55      174.6    
     3    6 0.1408     0.9399E-01 -.9399E-01  0.000      65.17      16.04    
     4    6 0.1408     0.9399E-01 -.9399E-01  0.000      273.3      1.244    
     5    6 0.1408     0.9399E-01 -.9399E-01  0.000      274.3     -1.097    
     6    6 0.1408     0.9399E-01 -.9399E-01  0.000      278.2     -.2553    
     1    7 0.1689     0.1128     -.1128      0.000      33.47      215.3    
     2    7 0.1689     0.1128     -.1128      0.000      43.88      163.4    
     3    7 0.1689     0.1128     -.1128      0.000      77.00      17.18    
     4    7 0.1689     0.1128     -.1128      0.000      269.9     0.9423    
     5    7 0.1689     0.1128     -.1128      0.000      272.2     -2.509    
     6    7 0.1689     0.1128     -.1128      0.000      276.9     -1.195    
     1    8 0.1971     0.1316     -.1316      0.000      39.30      209.9    
     2    8 0.1971     0.1316     -.1316      0.000      52.38      154.4    
     3    8 0.1971     0.1316     -.1316      0.000      88.25      18.34    
     4    8 0.1971     0.1316     -.1316      0.000      266.1     0.5658    
     5    8 0.1971     0.1316     -.1316      0.000      270.3     -4.205    
     6    8 0.1971     0.1316     -.1316      0.000      275.3     -2.303    
     1    9 0.2252     0.1504     -.1504      0.000      45.11      205.0    
     2    9 0.2252     0.1504     -.1504      0.000      60.83      147.8    
     3    9 0.2252     0.1504     -.1504      0.000      98.90      19.42    
     4    9 0.2252     0.1504     -.1504      0.000      261.7     0.9731E-01
     5    9 0.2252     0.1504     -.1504      0.000      268.6     -6.157    
     6    9 0.2252     0.1504     -.1504      0.000      273.5     -3.578    
     1   10 0.2534     0.1692     -.1692      0.000      50.81      201.1    
     2   10 0.2534     0.1692     -.1692      0.000      69.02      143.7    
     3   10 0.2534     0.1692     -.1692      0.000      108.9      20.33    
     4   10 0.2534     0.1692     -.1692      0.000      256.8     -.4849    
     5   10 0.2534     0.1692     -.1692      0.000      267.4     -8.314    
     6   10 0.2534     0.1692     -.1692      0.000      271.3     -5.019    
     1   11 0.2816     0.1880     -.1880      0.000      56.31      198.3    
     2   11 0.2816     0.1880     -.1880      0.000      76.71      141.9    
     3   11 0.2816     0.1880     -.1880      0.000      118.3      20.99    
     4   11 0.2816     0.1880     -.1880      0.000      251.5     -1.207    
     5   11 0.2816     0.1880     -.1880      0.000      266.5     -10.61    
     6   11 0.2816     0.1880     -.1880      0.000      269.0     -6.625    
     1   12 0.3097     0.2068     -.2068      0.000      61.54      196.8    
     2   12 0.3097     0.2068     -.2068      0.000      83.75      142.3    
     3   12 0.3097     0.2068     -.2068      0.000      127.1      21.34    
     4   12 0.3097     0.2068     -.2068      0.000      245.8     -2.098    
     5   12 0.3097     0.2068     -.2068      0.000      265.9     -12.97    
     6   12 0.3097     0.2068     -.2068      0.000      266.4     -8.390    
     1   13 0.3379     0.2256     -.2256      0.000      66.38      196.6    
     2   13 0.3379     0.2256     -.2256      0.000      90.02      144.7    
     3   13 0.3379     0.2256     -.2256      0.000      135.4      21.36    
     4   13 0.3379     0.2256     -.2256      0.000      239.9     -3.188    
     5   13 0.3379     0.2256     -.2256      0.000      263.8     -10.31    
     6   13 0.3379     0.2256     -.2256      0.000      265.5     -15.34    
     1   14 0.3660     0.2444     -.2444      0.000      70.78      198.0    
     2   14 0.3660     0.2444     -.2444      0.000      95.45      148.8    
     3   14 0.3660     0.2444     -.2444      0.000      143.1      21.06    
     4   14 0.3660     0.2444     -.2444      0.000      233.7     -4.506    
     5   14 0.3660     0.2444     -.2444      0.000      261.0     -12.36    
     6   14 0.3660     0.2444     -.2444      0.000      265.2     -17.66    
     1   15 0.3942     0.2632     -.2632      0.000      74.64      200.8    
     2   15 0.3942     0.2632     -.2632      0.000      100.1      154.6    
     3   15 0.3942     0.2632     -.2632      0.000      150.3      20.47    
     4   15 0.3942     0.2632     -.2632      0.000      227.5     -6.076    
     5   15 0.3942     0.2632     -.2632      0.000      258.3     -14.53    
     6   15 0.3942     0.2632     -.2632      0.000      264.9     -19.90    
     1   16 0.4223     0.2820     -.2820      0.000      77.93      205.4    
     2   16 0.4223     0.2820     -.2820      0.000      103.9      161.6    
     3   16 0.4223     0.2820     -.2820      0.000      157.1      19.59    
     4   16 0.4223     0.2820     -.2820      0.000      221.2     -7.905    
     5   16 0.4223     0.2820     -.2820      0.000      255.7     -16.78    
     6   16 0.4223     0.2820     -.2820      0.000      264.5     -22.03    
     1   17 0.4505     0.3008     -.3008      0.000      80.59      211.6    
     2   17 0.4505     0.3008     -.3008      0.000      107.0      169.7    
     3   17 0.4505     0.3008     -.3008      0.000      163.4      18.47    
     4   17 0.4505     0.3008     -.3008      0.000      215.3     -9.959    
     5   17 0.4505     0.3008     -.3008      0.000      253.4     -19.08    
     6   17 0.4505     0.3008     -.3008      0.000      264.0     -24.03    
     1   18 0.4786     0.3196     -.3196      0.000      82.61      219.7    
     2   18 0.4786     0.3196     -.3196      0.000      109.3      178.6    
     3   18 0.4786     0.3196     -.3196      0.000      169.4      17.11    
     4   18 0.4786     0.3196     -.3196      0.000      209.8     -12.11    
     5   18 0.4786     0.3196     -.3196      0.000      251.3     -21.38    
     6   18 0.4786     0.3196     -.3196      0.000      263.3     -25.86    
     1   19 0.5068     0.3384     -.3384      0.000      84.00      229.7    
     2   19 0.5068     0.3384     -.3384      0.000      110.9      188.0    
     3   19 0.5068     0.3384     -.3384      0.000      175.1      15.51    
     4   19 0.5068     0.3384     -.3384      0.000      205.2     -14.04    
     5   19 0.5068     0.3384     -.3384      0.000      249.6     -23.62    
     6   19 0.5068     0.3384     -.3384      0.000      262.5     -27.50    
     1   20 0.5349     0.3572     -.3572      0.000      84.78      241.7    
     2   20 0.5349     0.3572     -.3572      0.000      111.3      197.8    
     3   20 0.5349     0.3572     -.3572      0.000      180.5      13.70    
     4   20 0.5349     0.3572     -.3572      0.000      201.9     -15.22    
     5   20 0.5349     0.3572     -.3572      0.000      248.3     -25.76    
     6   20 0.5349     0.3572     -.3572      0.000      261.6     -28.92    
     1   21 0.5631     0.3760     -.3760      0.000      85.01      255.6    
     2   21 0.5631     0.3760     -.3760      0.000      110.6      208.0    
     3   21 0.5631     0.3760     -.3760      0.000      185.9      11.71    
     4   21 0.5631     0.3760     -.3760      0.000      200.3     -15.07    
     5   21 0.5631     0.3760     -.3760      0.000      247.4     -27.74    
     6   21 0.5631     0.3760     -.3760      0.000      260.6     -30.09    
     1   22 0.5913     0.3948     -.3948      0.000      84.76      271.3    
     2   22 0.5913     0.3948     -.3948      0.000      108.4      219.2    
     3   22 0.5913     0.3948     -.3948      0.000      191.1      9.592    
     4   22 0.5913     0.3948     -.3948      0.000      200.5     -13.38    
     5   22 0.5913     0.3948     -.3948      0.000      246.9     -29.52    
     6   22 0.5913     0.3948     -.3948      0.000      259.5     -31.00    
     1   23 0.6194     0.4136     -.4136      0.000      84.11      288.6    
     2   23 0.6194     0.4136     -.4136      0.000      104.8      232.8    
     3   23 0.6194     0.4136     -.4136      0.000      196.4      7.442    
     4   23 0.6194     0.4136     -.4136      0.000      202.4     -10.54    
     5   23 0.6194     0.4136     -.4136      0.000      246.8     -31.07    
     6   23 0.6194     0.4136     -.4136      0.000      258.3     -31.69    
     1   24 0.6476     0.4324     -.4324      0.000      83.19      307.0    
     2   24 0.6476     0.4324     -.4324      0.000      100.3      250.2    
     3   24 0.6476     0.4324     -.4324      0.000      201.6      5.380    
     4   24 0.6476     0.4324     -.4324      0.000      205.6     -7.344    
     5   24 0.6476     0.4324     -.4324      0.000      247.0     -32.39    
     6   24 0.6476     0.4324     -.4324      0.000      257.1     -32.18    
     1   25 0.6757     0.4512     -.4512      0.000      82.10      325.9    
     2   25 0.6757     0.4512     -.4512      0.000      95.22      272.6    
     3   25 0.6757     0.4512     -.4512      0.000      206.7      3.552    
     4   25 0.6757     0.4512     -.4512      0.000      209.6     -4.428    
     5   25 0.6757     0.4512     -.4512      0.000      247.4     -33.46    
     6   25 0.6757     0.4512     -.4512      0.000      255.6     -32.58    
     1   26 0.7039     0.4700     -.4700      0.000      80.98      344.1    
     2   26 0.7039     0.4700     -.4700      0.000      90.09      299.5    
     3   26 0.7039     0.4700     -.4700      0.000      211.5      2.118    
     4   26 0.7039     0.4700     -.4700      0.000      213.8     -2.104    
     5   26 0.7039     0.4700     -.4700      0.000      247.8     -34.30    
     6   26 0.7039     0.4700     -.4700      0.000      254.1     -33.00    
     1   27 0.7320     0.4888     -.4888      0.000      79.95      360.5    
     2   27 0.7320     0.4888     -.4888      0.000      85.42      329.0    
     3   27 0.7320     0.4888     -.4888      0.000      216.0      1.237    
     4   27 0.7320     0.4888     -.4888      0.000      217.6     -.4234    
     5   27 0.7320     0.4888     -.4888      0.000      248.4     -34.93    
     6   27 0.7320     0.4888     -.4888      0.000      252.5     -33.57    
     1   28 0.7602     0.5075     -.5075      0.000      79.12      373.5    
     2   28 0.7602     0.5075     -.5075      0.000      81.67      356.9    
     3   28 0.7602     0.5075     -.5075      0.000      219.7      1.007    
     4   28 0.7602     0.5075     -.5075      0.000      220.6     0.6822    
     5   28 0.7602     0.5075     -.5075      0.000      248.8     -35.36    
     6   28 0.7602     0.5075     -.5075      0.000      250.9     -34.38    
     1   29 0.7883     0.5263     -.5263      0.000      78.58      382.0    
     2   29 0.7883     0.5263     -.5263      0.000      79.24      377.4    
     3   29 0.7883     0.5263     -.5263      0.000      222.3      1.278    
     4   29 0.7883     0.5263     -.5263      0.000      222.5      1.302    
     5   29 0.7883     0.5263     -.5263      0.000      249.1     -35.62    
     6   29 0.7883     0.5263     -.5263      0.000      249.7     -35.27    
     1   30 0.8165     0.5451     -.5451      0.000      78.40      385.0    
     2   30 0.8165     0.5451     -.5451      0.000      78.40      385.0    
     3   30 0.8165     0.5451     -.5451      0.000      223.2      1.501    
     4   30 0.8165     0.5451     -.5451      0.000      223.2      1.501    
     5   30 0.8165     0.5451     -.5451      0.000      249.2     -35.70    
     6   30 0.8165     0.5451     -.5451      0.000      249.2     -35.70    
     1   31 0.8165     0.5451      0.000      0.000      78.40      385.0    
     2   31 0.8165     0.5451      0.000      0.000      78.40      385.0    
     3   31 0.8165     0.5451      0.000      0.000      223.2      1.501    
     4   31 0.8165     0.5451      0.000      0.000      223.2      1.501    
     5   31 0.8165     0.5451      0.000      0.000      249.2     -35.70    
     6   31 0.8165     0.5451      0.000      0.000      249.2     -35.70    
     1   32 0.8364     0.5263      0.000      0.000      78.56      382.3    
     2   32 0.8364     0.5263      0.000      0.000      78.56      382.3    
     3   32 0.8364     0.5263      0.000      0.000      218.4      1.484    
     4   32 0.8364     0.5263      0.000      0.000      227.8      1.519    
     5   32 0.8364     0.5263      0.000      0.000      249.1     -35.61    
     6   32 0.8364     0.5263      0.000      0.000      249.1     -35.61    
     1   33 0.8563     0.5075      0.000      0.000      79.03      374.6    
     2   33 0.8563     0.5075      0.000      0.000      79.03      374.6    
     3   33 0.8563     0.5075      0.000      0.000      213.3      1.467    
     4   33 0.8563     0.5075      0.000      0.000      232.2      1.537    
     5   33 0.8563     0.5075      0.000      0.000      248.9     -35.35    
     6   33 0.8563     0.5075      0.000      0.000      248.9     -35.35    
     1   34 0.8762     0.4888      0.000      0.000      79.74      362.6    
     2   34 0.8762     0.4888      0.000      0.000      79.74      362.6    
     3   34 0.8762     0.4888      0.000      0.000      207.9      1.450    
     4   34 0.8762     0.4888      0.000      0.000      236.4      1.555    
     5   34 0.8762     0.4888      0.000      0.000      248.6     -34.89    
     6   34 0.8762     0.4888      0.000      0.000      248.6     -34.89    
     1   35 0.8961     0.4700      0.000      0.000      80.60      347.4    
     2   35 0.8961     0.4700      0.000      0.000      80.60      347.4    
     3   35 0.8961     0.4700      0.000      0.000      202.3      1.434    
     4   35 0.8961     0.4700      0.000      0.000      240.4      1.573    
     5   35 0.8961     0.4700      0.000      0.000      248.2     -34.21    
     6   35 0.8961     0.4700      0.000      0.000      248.2     -34.21    
     1   36 0.9160     0.4512      0.000      0.000      81.50      330.1    
     2   36 0.9160     0.4512      0.000      0.000      81.50      330.1    
     3   36 0.9160     0.4512      0.000      0.000      196.5      1.419    
     4   36 0.9160     0.4512      0.000      0.000      244.1      1.591    
     5   36 0.9160     0.4512      0.000      0.000      247.8     -33.29    
     6   36 0.9160     0.4512      0.000      0.000      247.8     -33.29    
     1   37 0.9359     0.4324      0.000      0.000      82.30      312.0    
     2   37 0.9359     0.4324      0.000      0.000      82.30      312.0    
     3   37 0.9359     0.4324      0.000      0.000      190.4      1.405    
     4   37 0.9359     0.4324      0.000      0.000      247.4     -32.08    
     5   37 0.9359     0.4324      0.000      0.000      247.4     -32.08    
     6   37 0.9359     0.4324      0.000      0.000      247.7      1.609    
     1   38 0.9559     0.4136      0.000      0.000      82.87      293.8    
     2   38 0.9559     0.4136      0.000      0.000      82.87      293.8    
     3   38 0.9559     0.4136      0.000      0.000      184.0      1.391    
     4   38 0.9559     0.4136      0.000      0.000      247.2     -30.58    
     5   38 0.9559     0.4136      0.000      0.000      247.2     -30.58    
     6   38 0.9559     0.4136      0.000      0.000      251.0      1.627    
     1   39 0.9758     0.3948      0.000      0.000      83.08      276.3    
     2   39 0.9758     0.3948      0.000      0.000      83.08      276.3    
     3   39 0.9758     0.3948      0.000      0.000      177.5      1.378    
     4   39 0.9758     0.3948      0.000      0.000      247.2     -28.77    
     5   39 0.9758     0.3948      0.000      0.000      247.2     -28.77    
     6   39 0.9758     0.3948      0.000      0.000      254.1      1.645    
     1   40 0.9957     0.3760      0.000      0.000      82.82      259.8    
     2   40 0.9957     0.3760      0.000      0.000      82.82      259.8    
     3   40 0.9957     0.3760      0.000      0.000      170.6      1.366    
     4   40 0.9957     0.3760      0.000      0.000      247.4     -26.67    
     5   40 0.9957     0.3760      0.000      0.000      247.4     -26.67    
     6   40 0.9957     0.3760      0.000      0.000      257.0      1.662    
     1   41  1.016     0.3572      0.000      0.000      81.99      244.8    
     2   41  1.016     0.3572      0.000      0.000      81.99      244.8    
     3   41  1.016     0.3572      0.000      0.000      163.6      1.354    
     4   41  1.016     0.3572      0.000      0.000      248.0     -24.33    
     5   41  1.016     0.3572      0.000      0.000      248.0     -24.33    
     6   41  1.016     0.3572      0.000      0.000      259.8      1.680    
     1   42  1.035     0.3384      0.000      0.000      80.55      231.4    
     2   42  1.035     0.3384      0.000      0.000      80.55      231.4    
     3   42  1.035     0.3384      0.000      0.000      156.3      1.344    
     4   42  1.035     0.3384      0.000      0.000      248.9     -21.82    
     5   42  1.035     0.3384      0.000      0.000      248.9     -21.82    
     6   42  1.035     0.3384      0.000      0.000      262.3      1.697    
     1   43  1.055     0.3196      0.000      0.000      78.46      219.8    
     2   43  1.055     0.3196      0.000      0.000      78.46      219.8    
     3   43  1.055     0.3196      0.000      0.000      148.8      1.334    
     4   43  1.055     0.3196      0.000      0.000      250.2     -19.22    
     5   43  1.055     0.3196      0.000      0.000      250.2     -19.22    
     6   43  1.055     0.3196      0.000      0.000      264.7      1.714    
     1   44  1.075     0.3008      0.000      0.000      75.73      209.9    
     2   44  1.075     0.3008      0.000      0.000      75.73      209.9    
     3   44  1.075     0.3008      0.000      0.000      141.0      1.326    
     4   44  1.075     0.3008      0.000      0.000      251.9     -16.62    
     5   44  1.075     0.3008      0.000      0.000      251.9     -16.62    
     6   44  1.075     0.3008      0.000      0.000      266.8      1.731    
     1   45  1.095     0.2820      0.000      0.000      72.40      201.9    
     2   45  1.095     0.2820      0.000      0.000      72.40      201.9    
     3   45  1.095     0.2820      0.000      0.000      133.1      1.318    
     4   45  1.095     0.2820      0.000      0.000      253.8     -14.11    
     5   45  1.095     0.2820      0.000      0.000      253.8     -14.11    
     6   45  1.095     0.2820      0.000      0.000      268.8      1.747    
     1   46  1.115     0.2632      0.000      0.000      68.54      195.7    
     2   46  1.115     0.2632      0.000      0.000      68.54      195.7    
     3   46  1.115     0.2632      0.000      0.000      125.0      1.312    
     4   46  1.115     0.2632      0.000      0.000      256.0     -11.75    
     5   46  1.115     0.2632      0.000      0.000      256.0     -11.75    
     6   46  1.115     0.2632      0.000      0.000      270.6      1.763    
     1   47  1.135     0.2444      0.000      0.000      64.22      191.3    
     2   47  1.135     0.2444      0.000      0.000      64.22      191.3    
     3   47  1.135     0.2444      0.000      0.000      116.7      1.306    
     4   47  1.135     0.2444      0.000      0.000      258.4     -9.575    
     5   47  1.135     0.2444      0.000      0.000      258.4     -9.575    
     6   47  1.135     0.2444      0.000      0.000      272.3      1.778    
     1   48  1.155     0.2256      0.000      0.000      59.52      188.7    
     2   48  1.155     0.2256      0.000      0.000      59.52      188.7    
     3   48  1.155     0.2256      0.000      0.000      108.3      1.301    
     4   48  1.155     0.2256      0.000      0.000      261.0     -7.620    
     5   48  1.155     0.2256      0.000      0.000      261.0     -7.620    
     6   48  1.155     0.2256      0.000      0.000      273.7      1.793    
     1   49  1.175     0.2068      0.000      0.000      54.55      187.7    
     2   49  1.175     0.2068      0.000      0.000      54.55      187.7    
     3   49  1.175     0.2068      0.000      0.000      99.70      1.296    
     4   49  1.175     0.2068      0.000      0.000      263.5     -5.887    
     5   49  1.175     0.2068      0.000      0.000      263.5     -5.887    
     6   49  1.175     0.2068      0.000      0.000      275.0      1.807    
     1   50  1.195     0.1880      0.000      0.000      49.39      188.2    
     2   50  1.195     0.1880      0.000      0.000      49.39      188.2    
     3   50  1.195     0.1880      0.000      0.000      91.00      1.293    
     4   50  1.195     0.1880      0.000      0.000      266.1     -4.371    
     5   50  1.195     0.1880      0.000      0.000      266.1     -4.371    
     6   50  1.195     0.1880      0.000      0.000      276.2      1.821    
     1   51  1.215     0.1692      0.000      0.000      44.13      190.2    
     2   51  1.215     0.1692      0.000      0.000      44.13      190.2    
     3   51  1.215     0.1692      0.000      0.000      82.19      1.290    
     4   51  1.215     0.1692      0.000      0.000      268.6     -3.058    
     5   51  1.215     0.1692      0.000      0.000      268.6     -3.058    
     6   51  1.215     0.1692      0.000      0.000      277.2      1.833    
     1   52  1.235     0.1504      0.000      0.000      38.84      193.3    
     2   52  1.235     0.1504      0.000      0.000      38.84      193.3    
     3   52  1.235     0.1504      0.000      0.000      73.28      1.287    
     4   52  1.235     0.1504      0.000      0.000      271.0     -1.933    
     5   52  1.235     0.1504      0.000      0.000      271.0     -1.933    
     6   52  1.235     0.1504      0.000      0.000      278.1      1.845    
     1   53  1.254     0.1316      0.000      0.000      33.58      197.5    
     2   53  1.254     0.1316      0.000      0.000      33.58      197.5    
     3   53  1.254     0.1316      0.000      0.000      64.28      1.285    
     4   53  1.254     0.1316      0.000      0.000      273.2     -.9799    
     5   53  1.254     0.1316      0.000      0.000      273.2     -.9799    
     6   53  1.254     0.1316      0.000      0.000      278.8      1.856    
     1   54  1.274     0.1128      0.000      0.000      28.42      202.4    
     2   54  1.274     0.1128      0.000      0.000      28.42      202.4    
     3   54  1.274     0.1128      0.000      0.000      55.22      1.284    
     4   54  1.274     0.1128      0.000      0.000      275.2     -.1828    
     5   54  1.274     0.1128      0.000      0.000      275.2     -.1828    
     6   54  1.274     0.1128      0.000      0.000      279.4      1.866    
     1   55  1.294     0.9399E-01  0.000      0.000      23.37      207.6    
     2   55  1.294     0.9399E-01  0.000      0.000      23.37      207.6    
     3   55  1.294     0.9399E-01  0.000      0.000      46.10      1.283    
     4   55  1.294     0.9399E-01  0.000      0.000      276.9     0.4714    
     5   55  1.294     0.9399E-01  0.000      0.000      276.9     0.4714    
     6   55  1.294     0.9399E-01  0.000      0.000      280.0      1.874    
     1   56  1.314     0.7519E-01  0.000      0.000      18.47      212.8    
     2   56  1.314     0.7519E-01  0.000      0.000      18.47      212.8    
     3   56  1.314     0.7519E-01  0.000      0.000      36.93      1.282    
     4   56  1.314     0.7519E-01  0.000      0.000      278.4     0.9933    
     5   56  1.314     0.7519E-01  0.000      0.000      278.4     0.9933    
     6   56  1.314     0.7519E-01  0.000      0.000      280.4      1.881    
     1   57  1.334     0.5639E-01  0.000      0.000      13.70      217.5    
     2   57  1.334     0.5639E-01  0.000      0.000      13.70      217.5    
     3   57  1.334     0.5639E-01  0.000      0.000      27.73      1.281    
     4   57  1.334     0.5639E-01  0.000      0.000      279.6      1.391    
     5   57  1.334     0.5639E-01  0.000      0.000      279.6      1.391    
     6   57  1.334     0.5639E-01  0.000      0.000      280.7      1.886    
     1   58  1.354     0.3760E-01  0.000      0.000      9.060      221.2    
     2   58  1.354     0.3760E-01  0.000      0.000      9.060      221.2    
     3   58  1.354     0.3760E-01  0.000      0.000      18.50      1.281    
     4   58  1.354     0.3760E-01  0.000      0.000      280.4      1.672    
     5   58  1.354     0.3760E-01  0.000      0.000      280.4      1.672    
     6   58  1.354     0.3760E-01  0.000      0.000      280.9      1.890    
     1   59  1.374     0.1880E-01  0.000      0.000      4.506      223.6    
     2   59  1.374     0.1880E-01  0.000      0.000      4.506      223.6    
     3   59  1.374     0.1880E-01  0.000      0.000      9.255      1.281    
     4   59  1.374     0.1880E-01  0.000      0.000      280.9      1.838    
     5   59  1.374     0.1880E-01  0.000      0.000      280.9      1.838    
     6   59  1.374     0.1880E-01  0.000      0.000      281.0      1.893    
     1   60  1.394     0.1880E-09  0.000      0.000     0.2251E-01 0.4438E-09
     2   60  1.394     0.1880E-09  0.000      0.000     0.2013E-01 -15.41    
     3   60  1.394     0.1880E-09  0.000      0.000     0.2013E-01  15.41    
     4   60  1.394     0.1880E-09  0.000      0.000      281.1      1.894    
     5   60  1.394     0.1880E-09  0.000      0.000      281.1      1.894    
     6   60  1.394     0.1880E-09  0.000      0.000      281.1      1.894    
     1   61  1.394      0.000      0.000      0.000     0.2251E-01 0.1376E-24
     2   61  1.394      0.000      0.000      0.000     0.2013E-01  0.000    
     3   61  1.394      0.000      0.000      0.000     0.2013E-01 0.7720E-11
     4   61  1.394      0.000      0.000      0.000      281.1      1.894    
     5   61  1.394      0.000      0.000      0.000      281.1      1.894    
     6   61  1.394      0.000      0.000      0.000      281.1      1.894    
     1   62  1.411     0.9399E-02 0.9399E-02 -.9399E-02  3.506      233.5    
     2   62  1.411     0.9399E-02 0.9399E-02 -.9399E-02  3.506      233.5    
     3   62  1.411     0.9399E-02 0.9399E-02 -.9399E-02  8.367      16.48    
     4   62  1.411     0.9399E-02 0.9399E-02 -.9399E-02  280.9      1.881    
     5   62  1.411     0.9399E-02 0.9399E-02 -.9399E-02  281.0      1.858    
     6   62  1.411     0.9399E-02 0.9399E-02 -.9399E-02  281.0      1.858    
     1   63  1.428     0.1880E-01 0.1880E-01 -.1880E-01  7.007      233.9    
     2   63  1.428     0.1880E-01 0.1880E-01 -.1880E-01  7.007      233.8    
     3   63  1.428     0.1880E-01 0.1880E-01 -.1880E-01  16.73      16.50    
     4   63  1.428     0.1880E-01 0.1880E-01 -.1880E-01  280.5      1.843    
     5   63  1.428     0.1880E-01 0.1880E-01 -.1880E-01  280.8      1.752    
     6   63  1.428     0.1880E-01 0.1880E-01 -.1880E-01  280.8      1.752    
     1   64  1.446     0.2820E-01 0.2820E-01 -.2820E-01  10.50      234.4    
     2   64  1.446     0.2820E-01 0.2820E-01 -.2820E-01  10.50      234.4    
     3   64  1.446     0.2820E-01 0.2820E-01 -.2820E-01  25.10      16.53    
     4   64  1.446     0.2820E-01 0.2820E-01 -.2820E-01  279.8      1.778    
     5   64  1.446     0.2820E-01 0.2820E-01 -.2820E-01  280.4      1.574    
     6   64  1.446     0.2820E-01 0.2820E-01 -.2820E-01  280.4      1.574    
     1   65  1.463     0.3760E-01 0.3760E-01 -.3760E-01  13.97      235.1    
     2   65  1.463     0.3760E-01 0.3760E-01 -.3760E-01  13.97      235.1    
     3   65  1.463     0.3760E-01 0.3760E-01 -.3760E-01  33.46      16.57    
     4   65  1.463     0.3760E-01 0.3760E-01 -.3760E-01  278.8      1.686    
     5   65  1.463     0.3760E-01 0.3760E-01 -.3760E-01  280.0      1.323    
     6   65  1.463     0.3760E-01 0.3760E-01 -.3760E-01  280.0      1.323    
     1   66  1.480     0.4700E-01 0.4700E-01 -.4700E-01  17.41      236.1    
     2   66  1.480     0.4700E-01 0.4700E-01 -.4700E-01  17.41      236.1    
     3   66  1.480     0.4700E-01 0.4700E-01 -.4700E-01  41.82      16.61    
     4   66  1.480     0.4700E-01 0.4700E-01 -.4700E-01  277.5      1.565    
     5   66  1.480     0.4700E-01 0.4700E-01 -.4700E-01  279.4     0.9992    
     6   66  1.480     0.4700E-01 0.4700E-01 -.4700E-01  279.4     0.9992    
     1   67  1.497     0.5639E-01 0.5639E-01 -.5639E-01  20.82      237.4    
     2   67  1.497     0.5639E-01 0.5639E-01 -.5639E-01  20.82      237.4    
     3   67  1.497     0.5639E-01 0.5639E-01 -.5639E-01  50.16      16.65    
     4   67  1.497     0.5639E-01 0.5639E-01 -.5639E-01  276.1      1.413    
     5   67  1.497     0.5639E-01 0.5639E-01 -.5639E-01  278.7     0.6012    
     6   67  1.497     0.5639E-01 0.5639E-01 -.5639E-01  278.7     0.6012    
     1   68  1.515     0.6579E-01 0.6579E-01 -.6579E-01  24.18      238.9    
     2   68  1.515     0.6579E-01 0.6579E-01 -.6579E-01  24.18      238.9    
     3   68  1.515     0.6579E-01 0.6579E-01 -.6579E-01  58.50      16.69    
     4   68  1.515     0.6579E-01 0.6579E-01 -.6579E-01  274.4      1.228    
     5   68  1.515     0.6579E-01 0.6579E-01 -.6579E-01  277.9     0.1285    
     6   68  1.515     0.6579E-01 0.6579E-01 -.6579E-01  277.9     0.1285    
     1   69  1.532     0.7519E-01 0.7519E-01 -.7519E-01  27.48      240.7    
     2   69  1.532     0.7519E-01 0.7519E-01 -.7519E-01  27.48      240.7    
     3   69  1.532     0.7519E-01 0.7519E-01 -.7519E-01  66.83      16.71    
     4   69  1.532     0.7519E-01 0.7519E-01 -.7519E-01  272.6      1.008    
     5   69  1.532     0.7519E-01 0.7519E-01 -.7519E-01  277.1     -.4185    
     6   69  1.532     0.7519E-01 0.7519E-01 -.7519E-01  277.1     -.4185    
     1   70  1.549     0.8459E-01 0.8459E-01 -.8459E-01  30.70      242.8    
     2   70  1.549     0.8459E-01 0.8459E-01 -.8459E-01  30.70      242.8    
     3   70  1.549     0.8459E-01 0.8459E-01 -.8459E-01  75.13      16.72    
     4   70  1.549     0.8459E-01 0.8459E-01 -.8459E-01  270.7     0.7534    
     5   70  1.549     0.8459E-01 0.8459E-01 -.8459E-01  276.2     -1.039    
     6   70  1.549     0.8459E-01 0.8459E-01 -.8459E-01  276.2     -1.039    
     1   71  1.566     0.9399E-01 0.9399E-01 -.9399E-01  33.83      245.2    
     2   71  1.566     0.9399E-01 0.9399E-01 -.9399E-01  33.83      245.2    
     3   71  1.566     0.9399E-01 0.9399E-01 -.9399E-01  83.41      16.71    
     4   71  1.566     0.9399E-01 0.9399E-01 -.9399E-01  268.6     0.4619    
     5   71  1.566     0.9399E-01 0.9399E-01 -.9399E-01  275.2     -1.729    
     6   71  1.566     0.9399E-01 0.9399E-01 -.9399E-01  275.2     -1.729    
     1   72  1.584     0.1034     0.1034     -.1034      36.85      247.8    
     2   72  1.584     0.1034     0.1034     -.1034      36.85      247.8    
     3   72  1.584     0.1034     0.1034     -.1034      91.66      16.68    
     4   72  1.584     0.1034     0.1034     -.1034      266.5     0.1338    
     5   72  1.584     0.1034     0.1034     -.1034      274.2     -2.486    
     6   72  1.584     0.1034     0.1034     -.1034      274.2     -2.486    
     1   73  1.601     0.1128     0.1128     -.1128      39.75      250.7    
     2   73  1.601     0.1128     0.1128     -.1128      39.75      250.7    
     3   73  1.601     0.1128     0.1128     -.1128      99.85      16.62    
     4   73  1.601     0.1128     0.1128     -.1128      264.3     -.2303    
     5   73  1.601     0.1128     0.1128     -.1128      273.2     -3.303    
     6   73  1.601     0.1128     0.1128     -.1128      273.2     -3.303    
     1   74  1.618     0.1222     0.1222     -.1222      42.52      253.8    
     2   74  1.618     0.1222     0.1222     -.1222      42.52      253.8    
     3   74  1.618     0.1222     0.1222     -.1222      108.0      16.53    
     4   74  1.618     0.1222     0.1222     -.1222      262.1     -.6294    
     5   74  1.618     0.1222     0.1222     -.1222      272.3     -4.171    
     6   74  1.618     0.1222     0.1222     -.1222      272.3     -4.171    
     1   75  1.635     0.1316     0.1316     -.1316      45.13      257.1    
     2   75  1.635     0.1316     0.1316     -.1316      45.13      257.1    
     3   75  1.635     0.1316     0.1316     -.1316      116.1      16.43    
     4   75  1.635     0.1316     0.1316     -.1316      259.8     -1.062    
     5   75  1.635     0.1316     0.1316     -.1316      271.3     -5.081    
     6   75  1.635     0.1316     0.1316     -.1316      271.3     -5.081    
     1   76  1.652     0.1410     0.1410     -.1410      47.58      260.5    
     2   76  1.652     0.1410     0.1410     -.1410      47.58      260.5    
     3   76  1.652     0.1410     0.1410     -.1410      124.0      16.31    
     4   76  1.652     0.1410     0.1410     -.1410      257.5     -1.527    
     5   76  1.652     0.1410     0.1410     -.1410      270.4     -6.020    
     6   76  1.652     0.1410     0.1410     -.1410      270.4     -6.020    
     1   77  1.670     0.1504     0.1504     -.1504      49.86      264.0    
     2   77  1.670     0.1504     0.1504     -.1504      49.86      264.0    
     3   77  1.670     0.1504     0.1504     -.1504      131.9      16.18    
     4   77  1.670     0.1504     0.1504     -.1504      255.2     -2.024    
     5   77  1.670     0.1504     0.1504     -.1504      269.6     -6.975    
     6   77  1.670     0.1504     0.1504     -.1504      269.6     -6.975    
     1   78  1.687     0.1598     0.1598     -.1598      51.97      267.5    
     2   78  1.687     0.1598     0.1598     -.1598      51.97      267.5    
     3   78  1.687     0.1598     0.1598     -.1598      139.6      16.06    
     4   78  1.687     0.1598     0.1598     -.1598      252.9     -2.556    
     5   78  1.687     0.1598     0.1598     -.1598      268.8     -7.930    
     6   78  1.687     0.1598     0.1598     -.1598      268.8     -7.930    
     1   79  1.704     0.1692     0.1692     -.1692      53.89      271.0    
     2   79  1.704     0.1692     0.1692     -.1692      53.89      271.0    
     3   79  1.704     0.1692     0.1692     -.1692      147.2      15.96    
     4   79  1.704     0.1692     0.1692     -.1692      250.6     -3.127    
     5   79  1.704     0.1692     0.1692     -.1692      268.1     -8.871    
     6   79  1.704     0.1692     0.1692     -.1692      268.1     -8.871    
     1   80  1.721     0.1786     0.1786     -.1786      55.64      274.3    
     2   80  1.721     0.1786     0.1786     -.1786      55.64      274.3    
     3   80  1.721     0.1786     0.1786     -.1786      154.6      15.92    
     4   80  1.721     0.1786     0.1786     -.1786      248.2     -3.748    
     5   80  1.721     0.1786     0.1786     -.1786      267.4     -9.782    
     6   80  1.721     0.1786     0.1786     -.1786      267.4     -9.782    
     1   81  1.739     0.1880     0.1880     -.1880      57.20      277.5    
     2   81  1.739     0.1880     0.1880     -.1880      57.20      277.5    
     3   81  1.739     0.1880     0.1880     -.1880      161.8      15.96    
     4   81  1.739     0.1880     0.1880     -.1880      245.7     -4.440    
     5   81  1.739     0.1880     0.1880     -.1880      266.9     -10.65    
     6   81  1.739     0.1880     0.1880     -.1880      266.9     -10.65    
     1   82  1.756     0.1974     0.1974     -.1974      58.58      280.4    
     2   82  1.756     0.1974     0.1974     -.1974      58.58      280.4    
     3   82  1.756     0.1974     0.1974     -.1974      168.8      16.13    
     4   82  1.756     0.1974     0.1974     -.1974      243.2     -5.238    
     5   82  1.756     0.1974     0.1974     -.1974      266.4     -11.46    
     6   82  1.756     0.1974     0.1974     -.1974      266.4     -11.46    
     1   83  1.773     0.2068     0.2068     -.2068      59.79      283.1    
     2   83  1.773     0.2068     0.2068     -.2068      59.79      283.1    
     3   83  1.773     0.2068     0.2068     -.2068      175.5      16.50    
     4   83  1.773     0.2068     0.2068     -.2068      240.5     -6.198    
     5   83  1.773     0.2068     0.2068     -.2068      266.0     -12.19    
     6   83  1.773     0.2068     0.2068     -.2068      266.0     -12.19    
     1   84  1.790     0.2162     0.2162     -.2162      60.83      285.4    
     2   84  1.790     0.2162     0.2162     -.2162      60.83      285.4    
     3   84  1.790     0.2162     0.2162     -.2162      181.9      17.19    
     4   84  1.790     0.2162     0.2162     -.2162      237.7     -7.420    
     5   84  1.790     0.2162     0.2162     -.2162      265.6     -12.85    
     6   84  1.790     0.2162     0.2162     -.2162      265.6     -12.85    
     1   85  1.808     0.2256     0.2256     -.2256      61.70      287.4    
     2   85  1.808     0.2256     0.2256     -.2256      61.70      287.4    
     3   85  1.808     0.2256     0.2256     -.2256      188.0      18.38    
     4   85  1.808     0.2256     0.2256     -.2256      234.7     -9.078    
     5   85  1.808     0.2256     0.2256     -.2256      265.3     -13.42    
     6   85  1.808     0.2256     0.2256     -.2256      265.3     -13.42    
     1   86  1.825     0.2350     0.2350     -.2350      62.40      289.1    
     2   86  1.825     0.2350     0.2350     -.2350      62.40      289.1    
     3   86  1.825     0.2350     0.2350     -.2350      193.8      20.40    
     4   86  1.825     0.2350     0.2350     -.2350      231.6     -11.50    
     5   86  1.825     0.2350     0.2350     -.2350      265.1     -13.89    
     6   86  1.825     0.2350     0.2350     -.2350      265.1     -13.89    
     1   87  1.842     0.2444     0.2444     -.2444      62.95      290.4    
     2   87  1.842     0.2444     0.2444     -.2444      62.95      290.4    
     3   87  1.842     0.2444     0.2444     -.2444      199.2      23.93    
     4   87  1.842     0.2444     0.2444     -.2444      228.3     -15.35    
     5   87  1.842     0.2444     0.2444     -.2444      264.9     -14.26    
     6   87  1.842     0.2444     0.2444     -.2444      264.9     -14.26    
     1   88  1.859     0.2538     0.2538     -.2538      63.34      291.3    
     2   88  1.859     0.2538     0.2538     -.2538      63.34      291.3    
     3   88  1.859     0.2538     0.2538     -.2538      204.1      30.46    
     4   88  1.859     0.2538     0.2538     -.2538      225.0     -22.10    
     5   88  1.859     0.2538     0.2538     -.2538      264.8     -14.53    
     6   88  1.859     0.2538     0.2538     -.2538      264.8     -14.53    
     1   89  1.877     0.2632     0.2632     -.2632      63.57      291.9    
     2   89  1.877     0.2632     0.2632     -.2632      63.57      291.9    
     3   89  1.877     0.2632     0.2632     -.2632      208.0      42.76    
     4   89  1.877     0.2632     0.2632     -.2632      221.9     -34.55    
     5   89  1.877     0.2632     0.2632     -.2632      264.8     -14.69    
     6   89  1.877     0.2632     0.2632     -.2632      264.8     -14.69    
     1   90  1.894     0.2726     0.2726     -.2726      63.64      292.1    
     2   90  1.894     0.2726     0.2726     -.2726      63.64      292.1    
     3   90  1.894     0.2726     0.2726     -.2726      209.9      54.57    
     4   90  1.894     0.2726     0.2726     -.2726      220.4     -46.40    
     5   90  1.894     0.2726     0.2726     -.2726      264.7     -14.74    
     6   90  1.894     0.2726     0.2726     -.2726      264.7     -14.74    
     1   91  1.894     0.2726     0.2726     0.2726      63.64      292.1    
     2   91  1.894     0.2726     0.2726     0.2726      63.64      292.1    
     3   91  1.894     0.2726     0.2726     0.2726      209.9      54.57    
     4   91  1.894     0.2726     0.2726     0.2726      220.4     -46.40    
     5   91  1.894     0.2726     0.2726     0.2726      264.7     -14.74    
     6   91  1.894     0.2726     0.2726     0.2726      264.7     -14.74    
     1   92  1.911     0.2820     0.2632     0.2632      63.83      291.0    
     2   92  1.911     0.2820     0.2632     0.2632      64.00      289.1    
     3   92  1.911     0.2820     0.2632     0.2632      209.4      52.74    
     4   92  1.911     0.2820     0.2632     0.2632      220.5     -44.40    
     5   92  1.911     0.2820     0.2632     0.2632      264.6     -14.80    
     6   92  1.911     0.2820     0.2632     0.2632      264.7     -14.83    
     1   93  1.928     0.2914     0.2538     0.2538      64.37      288.0    
     2   93  1.928     0.2914     0.2538     0.2538      65.05      280.4    
     3   93  1.928     0.2914     0.2538     0.2538      208.2      48.68    
     4   93  1.928     0.2914     0.2538     0.2538      220.8     -39.81    
     5   93  1.928     0.2914     0.2538     0.2538      264.2     -14.95    
     6   93  1.928     0.2914     0.2538     0.2538      264.7     -15.08    
     1   94  1.946     0.3008     0.2444     0.2444      65.24      283.4    
     2   94  1.946     0.3008     0.2444     0.2444      66.77      267.3    
     3   94  1.946     0.3008     0.2444     0.2444      206.2      44.57    
     4   94  1.946     0.3008     0.2444     0.2444      221.1     -34.87    
     5   94  1.946     0.3008     0.2444     0.2444      263.6     -15.20    
     6   94  1.946     0.3008     0.2444     0.2444      264.7     -15.48    
     1   95  1.963     0.3102     0.2350     0.2350      66.40      277.7    
     2   95  1.963     0.3102     0.2350     0.2350      69.10      251.2    
     3   95  1.963     0.3102     0.2350     0.2350      203.8      41.44    
     4   95  1.963     0.3102     0.2350     0.2350      221.3     -30.64    
     5   95  1.963     0.3102     0.2350     0.2350      262.8     -15.56    
     6   95  1.963     0.3102     0.2350     0.2350      264.6     -16.00    
     1   96  1.980     0.3196     0.2256     0.2256      67.80      271.4    
     2   96  1.980     0.3196     0.2256     0.2256      71.97      233.8    
     3   96  1.980     0.3196     0.2256     0.2256      200.9      39.39    
     4   96  1.980     0.3196     0.2256     0.2256      221.5     -27.28    
     5   96  1.980     0.3196     0.2256     0.2256      261.8     -16.02    
     6   96  1.980     0.3196     0.2256     0.2256      264.4     -16.62    
     1   97  1.997     0.3290     0.2162     0.2162      69.39      265.2    
     2   97  1.997     0.3290     0.2162     0.2162      75.30      216.4    
     3   97  1.997     0.3290     0.2162     0.2162      197.6      38.18    
     4   97  1.997     0.3290     0.2162     0.2162      221.7     -24.64    
     5   97  1.997     0.3290     0.2162     0.2162      260.6     -16.59    
     6   97  1.997     0.3290     0.2162     0.2162      264.3     -17.31    
     1   98  2.015     0.3384     0.2068     0.2068      71.10      259.4    
     2   98  2.015     0.3384     0.2068     0.2068      79.00      200.2    
     3   98  2.015     0.3384     0.2068     0.2068      194.2      37.53    
     4   98  2.015     0.3384     0.2068     0.2068      221.7     -22.51    
     5   98  2.015     0.3384     0.2068     0.2068      259.3     -17.28    
     6   98  2.015     0.3384     0.2068     0.2068      264.0     -18.05    
     1   99  2.032     0.3478     0.1974     0.1974      72.87      254.5    
     2   99  2.032     0.3478     0.1974     0.1974      82.96      186.1    
     3   99  2.032     0.3478     0.1974     0.1974      190.5      37.12    
     4   99  2.032     0.3478     0.1974     0.1974      221.8     -20.76    
     5   99  2.032     0.3478     0.1974     0.1974      257.9     -18.07    
     6   99  2.032     0.3478     0.1974     0.1974      263.7     -18.80    
     1  100  2.049     0.3572     0.1880     0.1880      74.64      250.8    
     2  100  2.049     0.3572     0.1880     0.1880      87.03      174.7    
     3  100  2.049     0.3572     0.1880     0.1880      186.9      36.68    
     4  100  2.049     0.3572     0.1880     0.1880      221.9     -19.25    
     5  100  2.049     0.3572     0.1880     0.1880      256.5     -18.97    
     6  100  2.049     0.3572     0.1880     0.1880      263.3     -19.57    
     1  101  2.066     0.3666     0.1786     0.1786      76.35      248.5    
     2  101  2.066     0.3666     0.1786     0.1786      91.08      166.4    
     3  101  2.066     0.3666     0.1786     0.1786      183.3      35.89    
     4  101  2.066     0.3666     0.1786     0.1786      222.0     -17.91    
     5  101  2.066     0.3666     0.1786     0.1786      255.0     -19.97    
     6  101  2.066     0.3666     0.1786     0.1786      262.9     -20.33    
     1  102  2.084     0.3760     0.1692     0.1692      77.95      247.6    
     2  102  2.084     0.3760     0.1692     0.1692      94.92      161.6    
     3  102  2.084     0.3760     0.1692     0.1692      180.1      34.47    
     4  102  2.084     0.3760     0.1692     0.1692      222.2     -16.67    
     5  102  2.084     0.3760     0.1692     0.1692      253.6     -21.07    
     6  102  2.084     0.3760     0.1692     0.1692      262.4     -21.09    
     1  103  2.101     0.3854     0.1598     0.1598      79.39      248.4    
     2  103  2.101     0.3854     0.1598     0.1598      98.34      160.5    
     3  103  2.101     0.3854     0.1598     0.1598      177.3      32.13    
     4  103  2.101     0.3854     0.1598     0.1598      222.5     -15.50    
     5  103  2.101     0.3854     0.1598     0.1598      252.3     -22.25    
     6  103  2.101     0.3854     0.1598     0.1598      261.8     -21.82    
     1  104  2.118     0.3948     0.1504     0.1504      80.64      250.7    
     2  104  2.118     0.3948     0.1504     0.1504      101.1      163.1    
     3  104  2.118     0.3948     0.1504     0.1504      175.3      28.76    
     4  104  2.118     0.3948     0.1504     0.1504      222.8     -14.37    
     5  104  2.118     0.3948     0.1504     0.1504      251.1     -23.49    
     6  104  2.118     0.3948     0.1504     0.1504      261.1     -22.55    
     1  105  2.135     0.4042     0.1410     0.1410      81.66      254.5    
     2  105  2.135     0.4042     0.1410     0.1410      103.0      169.2    
     3  105  2.135     0.4042     0.1410     0.1410      174.2      24.51    
     4  105  2.135     0.4042     0.1410     0.1410      223.3     -13.27    
     5  105  2.135     0.4042     0.1410     0.1410      250.0     -24.77    
     6  105  2.135     0.4042     0.1410     0.1410      260.4     -23.27    
     1  106  2.152     0.4136     0.1316     0.1316      82.44      259.9    
     2  106  2.152     0.4136     0.1316     0.1316      103.8      178.3    
     3  106  2.152     0.4136     0.1316     0.1316      174.3      19.87    
     4  106  2.152     0.4136     0.1316     0.1316      223.9     -12.17    
     5  106  2.152     0.4136     0.1316     0.1316      249.1     -26.06    
     6  106  2.152     0.4136     0.1316     0.1316      259.7     -23.98    
     1  107  2.170     0.4230     0.1222     0.1222      82.97      266.8    
     2  107  2.170     0.4230     0.1222     0.1222      103.6      189.7    
     3  107  2.170     0.4230     0.1222     0.1222      175.5      15.44    
     4  107  2.170     0.4230     0.1222     0.1222      224.5     -11.07    
     5  107  2.170     0.4230     0.1222     0.1222      248.4     -27.34    
     6  107  2.170     0.4230     0.1222     0.1222      258.9     -24.70    
     1  108  2.187     0.4324     0.1128     0.1128      83.25      275.0    
     2  108  2.187     0.4324     0.1128     0.1128      102.4      202.9    
     3  108  2.187     0.4324     0.1128     0.1128      177.8      11.69    
     4  108  2.187     0.4324     0.1128     0.1128      225.3     -9.957    
     5  108  2.187     0.4324     0.1128     0.1128      247.9     -28.58    
     6  108  2.187     0.4324     0.1128     0.1128      258.0     -25.44    
     1  109  2.204     0.4418     0.1034     0.1034      83.28      284.4    
     2  109  2.204     0.4418     0.1034     0.1034      100.5      217.6    
     3  109  2.204     0.4418     0.1034     0.1034      180.9      8.748    
     4  109  2.204     0.4418     0.1034     0.1034      226.1     -8.827    
     5  109  2.204     0.4418     0.1034     0.1034      247.5     -29.75    
     6  109  2.204     0.4418     0.1034     0.1034      257.2     -26.22    
     1  110  2.221     0.4512     0.9399E-01 0.9399E-01  83.10      294.9    
     2  110  2.221     0.4512     0.9399E-01 0.9399E-01  98.03      233.8    
     3  110  2.221     0.4512     0.9399E-01 0.9399E-01  184.7      6.544    
     4  110  2.221     0.4512     0.9399E-01 0.9399E-01  226.8     -7.668    
     5  110  2.221     0.4512     0.9399E-01 0.9399E-01  247.4     -30.84    
     6  110  2.221     0.4512     0.9399E-01 0.9399E-01  256.2     -27.05    
     1  111  2.239     0.4606     0.8459E-01 0.8459E-01  82.74      306.3    
     2  111  2.239     0.4606     0.8459E-01 0.8459E-01  95.25      251.4    
     3  111  2.239     0.4606     0.8459E-01 0.8459E-01  188.8      4.915    
     4  111  2.239     0.4606     0.8459E-01 0.8459E-01  227.6     -6.472    
     5  111  2.239     0.4606     0.8459E-01 0.8459E-01  247.4     -31.82    
     6  111  2.239     0.4606     0.8459E-01 0.8459E-01  255.3     -27.94    
     1  112  2.256     0.4700     0.7519E-01 0.7519E-01  82.23      318.2    
     2  112  2.256     0.4700     0.7519E-01 0.7519E-01  92.36      270.2    
     3  112  2.256     0.4700     0.7519E-01 0.7519E-01  193.2      3.711    
     4  112  2.256     0.4700     0.7519E-01 0.7519E-01  228.3     -5.236    
     5  112  2.256     0.4700     0.7519E-01 0.7519E-01  247.5     -32.69    
     6  112  2.256     0.4700     0.7519E-01 0.7519E-01  254.3     -28.93    
     1  113  2.273     0.4794     0.6579E-01 0.6579E-01  81.62      330.4    
     2  113  2.273     0.4794     0.6579E-01 0.6579E-01  89.51      289.9    
     3  113  2.273     0.4794     0.6579E-01 0.6579E-01  197.7      2.826    
     4  113  2.273     0.4794     0.6579E-01 0.6579E-01  228.8     -3.963    
     5  113  2.273     0.4794     0.6579E-01 0.6579E-01  247.7     -33.44    
     6  113  2.273     0.4794     0.6579E-01 0.6579E-01  253.4     -30.00    
     1  114  2.290     0.4888     0.5639E-01 0.5639E-01  80.96      342.4    
     2  114  2.290     0.4888     0.5639E-01 0.5639E-01  86.83      309.8    
     3  114  2.290     0.4888     0.5639E-01 0.5639E-01  202.1      2.189    
     4  114  2.290     0.4888     0.5639E-01 0.5639E-01  229.1     -2.680    
     5  114  2.290     0.4888     0.5639E-01 0.5639E-01  248.0     -34.07    
     6  114  2.290     0.4888     0.5639E-01 0.5639E-01  252.5     -31.15    
     1  115  2.308     0.4981     0.4700E-01 0.4700E-01  80.30      353.8    
     2  115  2.308     0.4981     0.4700E-01 0.4700E-01  84.40      329.3    
     3  115  2.308     0.4981     0.4700E-01 0.4700E-01  206.4      1.756    
     4  115  2.308     0.4981     0.4700E-01 0.4700E-01  229.2     -1.441    
     5  115  2.308     0.4981     0.4700E-01 0.4700E-01  248.3     -34.59    
     6  115  2.308     0.4981     0.4700E-01 0.4700E-01  251.6     -32.32    
     1  116  2.325     0.5075     0.3760E-01 0.3760E-01  79.68      364.1    
     2  116  2.325     0.5075     0.3760E-01 0.3760E-01  82.32      347.3    
     3  116  2.325     0.5075     0.3760E-01 0.3760E-01  210.4      1.498    
     4  116  2.325     0.5075     0.3760E-01 0.3760E-01  228.9     -.3314    
     5  116  2.325     0.5075     0.3760E-01 0.3760E-01  248.5     -35.00    
     6  116  2.325     0.5075     0.3760E-01 0.3760E-01  250.8     -33.45    
     1  117  2.342     0.5169     0.2820E-01 0.2820E-01  79.15      372.8    
     2  117  2.342     0.5169     0.2820E-01 0.2820E-01  80.64      362.8    
     3  117  2.342     0.5169     0.2820E-01 0.2820E-01  214.2      1.386    
     4  117  2.342     0.5169     0.2820E-01 0.2820E-01  228.2     0.5517    
     5  117  2.342     0.5169     0.2820E-01 0.2820E-01  248.8     -35.31    
     6  117  2.342     0.5169     0.2820E-01 0.2820E-01  250.1     -34.41    
     1  118  2.359     0.5263     0.1880E-01 0.1880E-01  78.74      379.4    
     2  118  2.359     0.5263     0.1880E-01 0.1880E-01  79.41      374.8    
     3  118  2.359     0.5263     0.1880E-01 0.1880E-01  217.6      1.388    
     4  118  2.359     0.5263     0.1880E-01 0.1880E-01  227.0      1.140    
     5  118  2.359     0.5263     0.1880E-01 0.1880E-01  249.0     -35.53    
     6  118  2.359     0.5263     0.1880E-01 0.1880E-01  249.6     -35.13    
     1  119  2.377     0.5357     0.9399E-02 0.9399E-02  78.49      383.6    
     2  119  2.377     0.5357     0.9399E-02 0.9399E-02  78.65      382.4    
     3  119  2.377     0.5357     0.9399E-02 0.9399E-02  220.6      1.452    
     4  119  2.377     0.5357     0.9399E-02 0.9399E-02  225.4      1.433    
     5  119  2.377     0.5357     0.9399E-02 0.9399E-02  249.1     -35.66    
     6  119  2.377     0.5357     0.9399E-02 0.9399E-02  249.3     -35.56    
     1  120  2.394     0.5451     0.9399E-10 0.9399E-10  78.40      385.0    
     2  120  2.394     0.5451     0.9399E-10 0.9399E-10  78.40      385.0    
     3  120  2.394     0.5451     0.9399E-10 0.9399E-10  223.2      1.501    
     4  120  2.394     0.5451     0.9399E-10 0.9399E-10  223.2      1.501    
     5  120  2.394     0.5451     0.9399E-10 0.9399E-10  249.2     -35.70    
     6  120  2.394     0.5451     0.9399E-10 0.9399E-10  249.2     -35.70    
     1  121  2.394     0.5451      0.000      0.000      78.40      385.0    
     2  121  2.394     0.5451      0.000      0.000      78.40      385.0    
     3  121  2.394     0.5451      0.000      0.000      223.2      1.501    
     4  121  2.394     0.5451      0.000      0.000      223.2      1.501    
     5  121  2.394     0.5451      0.000      0.000      249.2     -35.70    
     6  121  2.394     0.5451      0.000      0.000      249.2     -35.70    
     1  122  2.404     0.5451     0.9399E-02  0.000      78.46      384.3    
     2  122  2.404     0.5451     0.9399E-02  0.000      78.46      384.3    
     3  122  2.404     0.5451     0.9399E-02  0.000      223.1      1.472    
     4  122  2.404     0.5451     0.9399E-02  0.000      223.1      1.472    
     5  122  2.404     0.5451     0.9399E-02  0.000      249.2     -35.66    
     6  122  2.404     0.5451     0.9399E-02  0.000      249.2     -35.66    
     1  123  2.414     0.5451     0.1880E-01  0.000      78.66      382.3    
     2  123  2.414     0.5451     0.1880E-01  0.000      78.66      382.3    
     3  123  2.414     0.5451     0.1880E-01  0.000      222.8      1.390    
     4  123  2.414     0.5451     0.1880E-01  0.000      222.8      1.390    
     5  123  2.414     0.5451     0.1880E-01  0.000      249.3     -35.56    
     6  123  2.414     0.5451     0.1880E-01  0.000      249.3     -35.56    
     1  124  2.424     0.5451     0.2820E-01  0.000      78.98      379.0    
     2  124  2.424     0.5451     0.2820E-01  0.000      78.98      379.0    
     3  124  2.424     0.5451     0.2820E-01  0.000      222.3      1.266    
     4  124  2.424     0.5451     0.2820E-01  0.000      222.3      1.266    
     5  124  2.424     0.5451     0.2820E-01  0.000      249.4     -35.41    
     6  124  2.424     0.5451     0.2820E-01  0.000      249.4     -35.41    
     1  125  2.434     0.5451     0.3760E-01  0.000      79.43      374.5    
     2  125  2.434     0.5451     0.3760E-01  0.000      79.43      374.5    
     3  125  2.434     0.5451     0.3760E-01  0.000      221.6      1.118    
     4  125  2.434     0.5451     0.3760E-01  0.000      221.6      1.118    
     5  125  2.434     0.5451     0.3760E-01  0.000      249.5     -35.22    
     6  125  2.434     0.5451     0.3760E-01  0.000      249.5     -35.22    
     1  126  2.444     0.5451     0.4700E-01  0.000      79.99      369.0    
     2  126  2.444     0.5451     0.4700E-01  0.000      79.99      369.0    
     3  126  2.444     0.5451     0.4700E-01  0.000      220.8     0.9633    
     4  126  2.444     0.5451     0.4700E-01  0.000      220.8     0.9633    
     5  126  2.444     0.5451     0.4700E-01  0.000      249.7     -35.02    
     6  126  2.444     0.5451     0.4700E-01  0.000      249.7     -35.02    
     1  127  2.454     0.5451     0.5639E-01  0.000      80.68      362.4    
     2  127  2.454     0.5451     0.5639E-01  0.000      80.68      362.4    
     3  127  2.454     0.5451     0.5639E-01  0.000      219.8     0.8184    
     4  127  2.454     0.5451     0.5639E-01  0.000      219.8     0.8184    
     5  127  2.454     0.5451     0.5639E-01  0.000      249.9     -34.81    
     6  127  2.454     0.5451     0.5639E-01  0.000      249.9     -34.81    
     1  128  2.464     0.5451     0.6579E-01  0.000      81.47      355.1    
     2  128  2.464     0.5451     0.6579E-01  0.000      81.47      355.1    
     3  128  2.464     0.5451     0.6579E-01  0.000      218.6     0.6967    
     4  128  2.464     0.5451     0.6579E-01  0.000      218.6     0.6967    
     5  128  2.464     0.5451     0.6579E-01  0.000      250.1     -34.62    
     6  128  2.464     0.5451     0.6579E-01  0.000      250.1     -34.62    
     1  129  2.473     0.5451     0.7519E-01  0.000      82.36      347.0    
     2  129  2.473     0.5451     0.7519E-01  0.000      82.36      347.0    
     3  129  2.473     0.5451     0.7519E-01  0.000      217.3     0.6072    
     4  129  2.473     0.5451     0.7519E-01  0.000      217.3     0.6072    
     5  129  2.473     0.5451     0.7519E-01  0.000      250.3     -34.45    
     6  129  2.473     0.5451     0.7519E-01  0.000      250.3     -34.45    
     1  130  2.483     0.5451     0.8459E-01  0.000      83.35      338.4    
     2  130  2.483     0.5451     0.8459E-01  0.000      83.35      338.4    
     3  130  2.483     0.5451     0.8459E-01  0.000      215.9     0.5550    
     4  130  2.483     0.5451     0.8459E-01  0.000      215.9     0.5550    
     5  130  2.483     0.5451     0.8459E-01  0.000      250.5     -34.31    
     6  130  2.483     0.5451     0.8459E-01  0.000      250.5     -34.31    
     1  131  2.493     0.5451     0.9399E-01  0.000      84.43      329.4    
     2  131  2.493     0.5451     0.9399E-01  0.000      84.43      329.4    
     3  131  2.493     0.5451     0.9399E-01  0.000      214.5     0.5417    
     4  131  2.493     0.5451     0.9399E-01  0.000      214.5     0.5417    
     5  131  2.493     0.5451     0.9399E-01  0.000      250.7     -34.20    
     6  131  2.493     0.5451     0.9399E-01  0.000      250.7     -34.20    
     1  132  2.503     0.5451     0.1034      0.000      85.58      320.2    
     2  132  2.503     0.5451     0.1034      0.000      85.58      320.2    
     3  132  2.503     0.5451     0.1034      0.000      212.9     0.5662    
     4  132  2.503     0.5451     0.1034      0.000      212.9     0.5662    
     5  132  2.503     0.5451     0.1034      0.000      250.9     -34.12    
     6  132  2.503     0.5451     0.1034      0.000      250.9     -34.12    
     1  133  2.513     0.5451     0.1128      0.000      86.80      310.9    
     2  133  2.513     0.5451     0.1128      0.000      86.80      310.9    
     3  133  2.513     0.5451     0.1128      0.000      211.3     0.6255    
     4  133  2.513     0.5451     0.1128      0.000      211.3     0.6255    
     5  133  2.513     0.5451     0.1128      0.000      251.0     -34.07    
     6  133  2.513     0.5451     0.1128      0.000      251.0     -34.07    
     1  134  2.523     0.5451     0.1222      0.000      88.08      301.7    
     2  134  2.523     0.5451     0.1222      0.000      88.08      301.7    
     3  134  2.523     0.5451     0.1222      0.000      209.6     0.7150    
     4  134  2.523     0.5451     0.1222      0.000      209.6     0.7150    
     5  134  2.523     0.5451     0.1222      0.000      251.1     -34.04    
     6  134  2.523     0.5451     0.1222      0.000      251.1     -34.04    
     1  135  2.533     0.5451     0.1316      0.000      89.39      292.5    
     2  135  2.533     0.5451     0.1316      0.000      89.39      292.5    
     3  135  2.533     0.5451     0.1316      0.000      207.9     0.8291    
     4  135  2.533     0.5451     0.1316      0.000      207.9     0.8291    
     5  135  2.533     0.5451     0.1316      0.000      251.2     -34.05    
     6  135  2.533     0.5451     0.1316      0.000      251.2     -34.05    
     1  136  2.543     0.5451     0.1410      0.000      90.74      283.7    
     2  136  2.543     0.5451     0.1410      0.000      90.74      283.7    
     3  136  2.543     0.5451     0.1410      0.000      206.1     0.9616    
     4  136  2.543     0.5451     0.1410      0.000      206.1     0.9616    
     5  136  2.543     0.5451     0.1410      0.000      251.3     -34.07    
     6  136  2.543     0.5451     0.1410      0.000      251.3     -34.07    
     1  137  2.553     0.5451     0.1504      0.000      92.11      275.1    
     2  137  2.553     0.5451     0.1504      0.000      92.11      275.1    
     3  137  2.553     0.5451     0.1504      0.000      204.4      1.106    
     4  137  2.553     0.5451     0.1504      0.000      204.4      1.106    
     5  137  2.553     0.5451     0.1504      0.000      251.4     -34.11    
     6  137  2.553     0.5451     0.1504      0.000      251.4     -34.11    
     1  138  2.563     0.5451     0.1598      0.000      93.48      267.0    
     2  138  2.563     0.5451     0.1598      0.000      93.48      267.0    
     3  138  2.563     0.5451     0.1598      0.000      202.7      1.256    
     4  138  2.563     0.5451     0.1598      0.000      202.7      1.256    
     5  138  2.563     0.5451     0.1598      0.000      251.5     -34.16    
     6  138  2.563     0.5451     0.1598      0.000      251.5     -34.16    
     1  139  2.573     0.5451     0.1692      0.000      94.83      259.4    
     2  139  2.573     0.5451     0.1692      0.000      94.83      259.4    
     3  139  2.573     0.5451     0.1692      0.000      201.0      1.404    
     4  139  2.573     0.5451     0.1692      0.000      201.0      1.404    
     5  139  2.573     0.5451     0.1692      0.000      251.5     -34.23    
     6  139  2.573     0.5451     0.1692      0.000      251.5     -34.23    
     1  140  2.583     0.5451     0.1786      0.000      96.16      252.3    
     2  140  2.583     0.5451     0.1786      0.000      96.16      252.3    
     3  140  2.583     0.5451     0.1786      0.000      199.4      1.545    
     4  140  2.583     0.5451     0.1786      0.000      199.4      1.545    
     5  140  2.583     0.5451     0.1786      0.000      251.5     -34.29    
     6  140  2.583     0.5451     0.1786      0.000      251.5     -34.29    
     1  141  2.593     0.5451     0.1880      0.000      97.44      245.8    
     2  141  2.593     0.5451     0.1880      0.000      97.44      245.8    
     3  141  2.593     0.5451     0.1880      0.000      197.8      1.673    
     4  141  2.593     0.5451     0.1880      0.000      197.8      1.673    
     5  141  2.593     0.5451     0.1880      0.000      251.6     -34.37    
     6  141  2.593     0.5451     0.1880      0.000      251.6     -34.37    
     1  142  2.603     0.5451     0.1974      0.000      98.66      239.9    
     2  142  2.603     0.5451     0.1974      0.000      98.66      239.9    
     3  142  2.603     0.5451     0.1974      0.000      196.3      1.785    
     4  142  2.603     0.5451     0.1974      0.000      196.3      1.785    
     5  142  2.603     0.5451     0.1974      0.000      251.6     -34.44    
     6  142  2.603     0.5451     0.1974      0.000      251.6     -34.44    
     1  143  2.613     0.5451     0.2068      0.000      99.79      234.7    
     2  143  2.613     0.5451     0.2068      0.000      99.79      234.7    
     3  143  2.613     0.5451     0.2068      0.000      195.0      1.877    
     4  143  2.613     0.5451     0.2068      0.000      195.0      1.877    
     5  143  2.613     0.5451     0.2068      0.000      251.6     -34.51    
     6  143  2.613     0.5451     0.2068      0.000      251.6     -34.51    
     1  144  2.623     0.5451     0.2162      0.000      100.8      230.1    
     2  144  2.623     0.5451     0.2162      0.000      100.8      230.1    
     3  144  2.623     0.5451     0.2162      0.000      193.7      1.949    
     4  144  2.623     0.5451     0.2162      0.000      193.7      1.949    
     5  144  2.623     0.5451     0.2162      0.000      251.6     -34.57    
     6  144  2.623     0.5451     0.2162      0.000      251.6     -34.57    
     1  145  2.633     0.5451     0.2256      0.000      101.7      226.2    
     2  145  2.633     0.5451     0.2256      0.000      101.7      226.2    
     3  145  2.633     0.5451     0.2256      0.000      192.6      2.001    
     4  145  2.633     0.5451     0.2256      0.000      192.6      2.001    
     5  145  2.633     0.5451     0.2256      0.000      251.6     -34.63    
     6  145  2.633     0.5451     0.2256      0.000      251.6     -34.63    
     1  146  2.643     0.5451     0.2350      0.000      102.5      223.1    
     2  146  2.643     0.5451     0.2350      0.000      102.5      223.1    
     3  146  2.643     0.5451     0.2350      0.000      191.7      2.035    
     4  146  2.643     0.5451     0.2350      0.000      191.7      2.035    
     5  146  2.643     0.5451     0.2350      0.000      251.5     -34.68    
     6  146  2.643     0.5451     0.2350      0.000      251.5     -34.68    
     1  147  2.653     0.5451     0.2444      0.000      103.1      220.6    
     2  147  2.653     0.5451     0.2444      0.000      103.1      220.6    
     3  147  2.653     0.5451     0.2444      0.000      191.0      2.056    
     4  147  2.653     0.5451     0.2444      0.000      191.0      2.056    
     5  147  2.653     0.5451     0.2444      0.000      251.5     -34.72    
     6  147  2.653     0.5451     0.2444      0.000      251.5     -34.72    
     1  148  2.663     0.5451     0.2538      0.000      103.6      218.8    
     2  148  2.663     0.5451     0.2538      0.000      103.6      218.8    
     3  148  2.663     0.5451     0.2538      0.000      190.4      2.066    
     4  148  2.663     0.5451     0.2538      0.000      190.4      2.066    
     5  148  2.663     0.5451     0.2538      0.000      251.5     -34.75    
     6  148  2.663     0.5451     0.2538      0.000      251.5     -34.75    
     1  149  2.673     0.5451     0.2632      0.000      103.9      217.8    
     2  149  2.673     0.5451     0.2632      0.000      103.9      217.8    
     3  149  2.673     0.5451     0.2632      0.000      190.1      2.071    
     4  149  2.673     0.5451     0.2632      0.000      190.1      2.071    
     5  149  2.673     0.5451     0.2632      0.000      251.5     -34.77    
     6  149  2.673     0.5451     0.2632      0.000      251.5     -34.77    
     1  150  2.683     0.5451     0.2726      0.000      104.0      217.4    
     2  150  2.683     0.5451     0.2726      0.000      104.0      217.4    
     3  150  2.683     0.5451     0.2726      0.000      190.0      2.072    
     4  150  2.683     0.5451     0.2726      0.000      190.0      2.072    
     5  150  2.683     0.5451     0.2726      0.000      251.5     -34.78    
     6  150  2.683     0.5451     0.2726      0.000      251.5     -34.78    
     1  151  2.683     0.5451     0.2726      0.000      104.0      217.4    
     2  151  2.683     0.5451     0.2726      0.000      104.0      217.4    
     3  151  2.683     0.5451     0.2726      0.000      190.0      2.072    
     4  151  2.683     0.5451     0.2726      0.000      190.0      2.072    
     5  151  2.683     0.5451     0.2726      0.000      251.5     -34.78    
     6  151  2.683     0.5451     0.2726      0.000      251.5     -34.78    
     1  152  2.697     0.5357     0.2726     0.9399E-02  103.5      215.8    
     2  152  2.697     0.5357     0.2726     0.9399E-02  104.4      218.6    
     3  152  2.697     0.5357     0.2726     0.9399E-02  188.5      3.838    
     4  152  2.697     0.5357     0.2726     0.9399E-02  191.5     0.3227    
     5  152  2.697     0.5357     0.2726     0.9399E-02  251.0     -34.42    
     6  152  2.697     0.5357     0.2726     0.9399E-02  252.1     -34.98    
     1  153  2.711     0.5263     0.2726     0.1880E-01  102.9      213.9    
     2  153  2.711     0.5263     0.2726     0.1880E-01  104.8      219.3    
     3  153  2.711     0.5263     0.2726     0.1880E-01  187.1      5.664    
     4  153  2.711     0.5263     0.2726     0.1880E-01  193.0     -1.443    
     5  153  2.711     0.5263     0.2726     0.1880E-01  250.5     -33.93    
     6  153  2.711     0.5263     0.2726     0.1880E-01  252.7     -35.05    
     1  154  2.725     0.5169     0.2726     0.2820E-01  102.2      211.9    
     2  154  2.725     0.5169     0.2726     0.2820E-01  105.1      219.3    
     3  154  2.725     0.5169     0.2726     0.2820E-01  185.7      7.602    
     4  154  2.725     0.5169     0.2726     0.2820E-01  194.4     -3.249    
     5  154  2.725     0.5169     0.2726     0.2820E-01  250.1     -33.30    
     6  154  2.725     0.5169     0.2726     0.2820E-01  253.3     -34.96    
     1  155  2.739     0.5075     0.2726     0.3760E-01  101.4      210.0    
     2  155  2.739     0.5075     0.2726     0.3760E-01  105.4      218.5    
     3  155  2.739     0.5075     0.2726     0.3760E-01  184.4      9.713    
     4  155  2.739     0.5075     0.2726     0.3760E-01  195.9     -5.113    
     5  155  2.739     0.5075     0.2726     0.3760E-01  249.8     -32.56    
     6  155  2.739     0.5075     0.2726     0.3760E-01  254.0     -34.73    
     1  156  2.753     0.4981     0.2726     0.4700E-01  100.5      208.2    
     2  156  2.753     0.4981     0.2726     0.4700E-01  105.6      216.9    
     3  156  2.753     0.4981     0.2726     0.4700E-01  183.2      12.06    
     4  156  2.753     0.4981     0.2726     0.4700E-01  197.3     -7.042    
     5  156  2.753     0.4981     0.2726     0.4700E-01  249.6     -31.70    
     6  156  2.753     0.4981     0.2726     0.4700E-01  254.7     -34.37    
     1  157  2.767     0.4888     0.2726     0.5639E-01  99.50      206.7    
     2  157  2.767     0.4888     0.2726     0.5639E-01  105.7      214.3    
     3  157  2.767     0.4888     0.2726     0.5639E-01  182.2      14.72    
     4  157  2.767     0.4888     0.2726     0.5639E-01  198.8     -9.041    
     5  157  2.767     0.4888     0.2726     0.5639E-01  249.5     -30.76    
     6  157  2.767     0.4888     0.2726     0.5639E-01  255.3     -33.87    
     1  158  2.781     0.4794     0.2726     0.6579E-01  98.33      205.5    
     2  158  2.781     0.4794     0.2726     0.6579E-01  105.7      210.9    
     3  158  2.781     0.4794     0.2726     0.6579E-01  181.4      17.73    
     4  158  2.781     0.4794     0.2726     0.6579E-01  200.1     -11.11    
     5  158  2.781     0.4794     0.2726     0.6579E-01  249.5     -29.74    
     6  158  2.781     0.4794     0.2726     0.6579E-01  256.0     -33.25    
     1  159  2.795     0.4700     0.2726     0.7519E-01  97.01      204.8    
     2  159  2.795     0.4700     0.2726     0.7519E-01  105.5      206.7    
     3  159  2.795     0.4700     0.2726     0.7519E-01  180.9      21.10    
     4  159  2.795     0.4700     0.2726     0.7519E-01  201.5     -13.23    
     5  159  2.795     0.4700     0.2726     0.7519E-01  249.6     -28.67    
     6  159  2.795     0.4700     0.2726     0.7519E-01  256.7     -32.53    
     1  160  2.809     0.4606     0.2726     0.8459E-01  95.55      204.6    
     2  160  2.809     0.4606     0.2726     0.8459E-01  105.0      201.9    
     3  160  2.809     0.4606     0.2726     0.8459E-01  180.6      24.81    
     4  160  2.809     0.4606     0.2726     0.8459E-01  202.9     -15.41    
     5  160  2.809     0.4606     0.2726     0.8459E-01  249.9     -27.57    
     6  160  2.809     0.4606     0.2726     0.8459E-01  257.4     -31.70    
     1  161  2.823     0.4512     0.2726     0.9399E-01  93.95      204.9    
     2  161  2.823     0.4512     0.2726     0.9399E-01  104.3      196.8    
     3  161  2.823     0.4512     0.2726     0.9399E-01  180.7      28.78    
     4  161  2.823     0.4512     0.2726     0.9399E-01  204.2     -17.62    
     5  161  2.823     0.4512     0.2726     0.9399E-01  250.2     -26.46    
     6  161  2.823     0.4512     0.2726     0.9399E-01  258.0     -30.79    
     1  162  2.837     0.4418     0.2726     0.1034      92.21      205.9    
     2  162  2.837     0.4418     0.2726     0.1034      103.3      191.7    
     3  162  2.837     0.4418     0.2726     0.1034      181.2      32.86    
     4  162  2.837     0.4418     0.2726     0.1034      205.5     -19.86    
     5  162  2.837     0.4418     0.2726     0.1034      250.7     -25.35    
     6  162  2.837     0.4418     0.2726     0.1034      258.7     -29.80    
     1  163  2.851     0.4324     0.2726     0.1128      90.35      207.5    
     2  163  2.851     0.4324     0.2726     0.1128      101.9      187.0    
     3  163  2.851     0.4324     0.2726     0.1128      182.1      36.88    
     4  163  2.851     0.4324     0.2726     0.1128      206.7     -22.10    
     5  163  2.851     0.4324     0.2726     0.1128      251.3     -24.27    
     6  163  2.851     0.4324     0.2726     0.1128      259.3     -28.76    
     1  164  2.866     0.4230     0.2726     0.1222      88.39      209.8    
     2  164  2.866     0.4230     0.2726     0.1222      100.2      183.2    
     3  164  2.866     0.4230     0.2726     0.1222      183.3      40.65    
     4  164  2.866     0.4230     0.2726     0.1222      208.0     -24.34    
     5  164  2.866     0.4230     0.2726     0.1222      252.0     -23.22    
     6  164  2.866     0.4230     0.2726     0.1222      259.9     -27.68    
     1  165  2.880     0.4136     0.2726     0.1316      86.35      212.8    
     2  165  2.880     0.4136     0.2726     0.1316      98.20      180.5    
     3  165  2.880     0.4136     0.2726     0.1316      184.9      44.04    
     4  165  2.880     0.4136     0.2726     0.1316      209.2     -26.54    
     5  165  2.880     0.4136     0.2726     0.1316      252.8     -22.22    
     6  165  2.880     0.4136     0.2726     0.1316      260.5     -26.56    
     1  166  2.894     0.4042     0.2726     0.1410      84.25      216.6    
     2  166  2.894     0.4042     0.2726     0.1410      95.86      179.3    
     3  166  2.894     0.4042     0.2726     0.1410      186.7      46.93    
     4  166  2.894     0.4042     0.2726     0.1410      210.4     -28.70    
     5  166  2.894     0.4042     0.2726     0.1410      253.7     -21.27    
     6  166  2.894     0.4042     0.2726     0.1410      261.1     -25.43    
     1  167  2.908     0.3948     0.2726     0.1504      82.10      221.0    
     2  167  2.908     0.3948     0.2726     0.1504      93.25      179.9    
     3  167  2.908     0.3948     0.2726     0.1504      188.8      49.31    
     4  167  2.908     0.3948     0.2726     0.1504      211.5     -30.80    
     5  167  2.908     0.3948     0.2726     0.1504      254.7     -20.39    
     6  167  2.908     0.3948     0.2726     0.1504      261.6     -24.29    
     1  168  2.922     0.3854     0.2726     0.1598      79.95      226.2    
     2  168  2.922     0.3854     0.2726     0.1598      90.42      182.2    
     3  168  2.922     0.3854     0.2726     0.1598      191.1      51.17    
     4  168  2.922     0.3854     0.2726     0.1598      212.6     -32.82    
     5  168  2.922     0.3854     0.2726     0.1598      255.7     -19.57    
     6  168  2.922     0.3854     0.2726     0.1598      262.1     -23.17    
     1  169  2.936     0.3760     0.2726     0.1692      77.82      232.0    
     2  169  2.936     0.3760     0.2726     0.1692      87.44      186.5    
     3  169  2.936     0.3760     0.2726     0.1692      193.4      52.56    
     4  169  2.936     0.3760     0.2726     0.1692      213.7     -34.76    
     5  169  2.936     0.3760     0.2726     0.1692      256.7     -18.82    
     6  169  2.936     0.3760     0.2726     0.1692      262.5     -22.06    
     1  170  2.950     0.3666     0.2726     0.1786      75.73      238.3    
     2  170  2.950     0.3666     0.2726     0.1786      84.37      192.8    
     3  170  2.950     0.3666     0.2726     0.1786      195.8      53.55    
     4  170  2.950     0.3666     0.2726     0.1786      214.7     -36.59    
     5  170  2.950     0.3666     0.2726     0.1786      257.8     -18.13    
     6  170  2.950     0.3666     0.2726     0.1786      262.9     -20.98    
     1  171  2.964     0.3572     0.2726     0.1880      73.72      245.1    
     2  171  2.964     0.3572     0.2726     0.1880      81.27      201.0    
     3  171  2.964     0.3572     0.2726     0.1880      198.1      54.21    
     4  171  2.964     0.3572     0.2726     0.1880      215.7     -38.31    
     5  171  2.964     0.3572     0.2726     0.1880      258.9     -17.51    
     6  171  2.964     0.3572     0.2726     0.1880      263.3     -19.95    
     1  172  2.978     0.3478     0.2726     0.1974      71.82      252.3    
     2  172  2.978     0.3478     0.2726     0.1974      78.21      211.0    
     3  172  2.978     0.3478     0.2726     0.1974      200.3      54.61    
     4  172  2.978     0.3478     0.2726     0.1974      216.6     -39.90    
     5  172  2.978     0.3478     0.2726     0.1974      259.9     -16.95    
     6  172  2.978     0.3478     0.2726     0.1974      263.6     -18.97    
     1  173  2.992     0.3384     0.2726     0.2068      70.05      259.6    
     2  173  2.992     0.3384     0.2726     0.2068      75.27      222.7    
     3  173  2.992     0.3384     0.2726     0.2068      202.4      54.81    
     4  173  2.992     0.3384     0.2726     0.2068      217.4     -41.34    
     5  173  2.992     0.3384     0.2726     0.2068      260.9     -16.45    
     6  173  2.992     0.3384     0.2726     0.2068      263.9     -18.07    
     1  174  3.006     0.3290     0.2726     0.2162      68.45      266.7    
     2  174  3.006     0.3290     0.2726     0.2162      72.51      235.5    
     3  174  3.006     0.3290     0.2726     0.2162      204.3      54.88    
     4  174  3.006     0.3290     0.2726     0.2162      218.2     -42.63    
     5  174  3.006     0.3290     0.2726     0.2162      261.9     -16.01    
     6  174  3.006     0.3290     0.2726     0.2162      264.1     -17.24    
     1  175  3.020     0.3196     0.2726     0.2256      67.04      273.5    
     2  175  3.020     0.3196     0.2726     0.2256      70.00      248.9    
     3  175  3.020     0.3196     0.2726     0.2256      205.9      54.87    
     4  175  3.020     0.3196     0.2726     0.2256      218.8     -43.75    
     5  175  3.020     0.3196     0.2726     0.2256      262.7     -15.63    
     6  175  3.020     0.3196     0.2726     0.2256      264.3     -16.52    
     1  176  3.034     0.3102     0.2726     0.2350      65.85      279.7    
     2  176  3.034     0.3102     0.2726     0.2350      67.83      262.1    
     3  176  3.034     0.3102     0.2726     0.2350      207.3      54.80    
     4  176  3.034     0.3102     0.2726     0.2350      219.4     -44.68    
     5  176  3.034     0.3102     0.2726     0.2350      263.4     -15.32    
     6  176  3.034     0.3102     0.2726     0.2350      264.5     -15.90    
     1  177  3.049     0.3008     0.2726     0.2444      64.90      284.8    
     2  177  3.049     0.3008     0.2726     0.2444      66.05      274.0    
     3  177  3.049     0.3008     0.2726     0.2444      208.4      54.72    
     4  177  3.049     0.3008     0.2726     0.2444      219.8     -45.43    
     5  177  3.049     0.3008     0.2726     0.2444      264.0     -15.07    
     6  177  3.049     0.3008     0.2726     0.2444      264.6     -15.40    
     1  178  3.063     0.2914     0.2726     0.2538      64.21      288.8    
     2  178  3.063     0.2914     0.2726     0.2538      64.73      283.6    
     3  178  3.063     0.2914     0.2726     0.2538      209.2      54.64    
     4  178  3.063     0.2914     0.2726     0.2538      220.1     -45.96    
     5  178  3.063     0.2914     0.2726     0.2538      264.4     -14.89    
     6  178  3.063     0.2914     0.2726     0.2538      264.7     -15.04    
     1  179  3.077     0.2820     0.2726     0.2632      63.79      291.2    
     2  179  3.077     0.2820     0.2726     0.2632      63.92      289.9    
     3  179  3.077     0.2820     0.2726     0.2632      209.7      54.59    
     4  179  3.077     0.2820     0.2726     0.2632      220.3     -46.29    
     5  179  3.077     0.2820     0.2726     0.2632      264.7     -14.78    
     6  179  3.077     0.2820     0.2726     0.2632      264.7     -14.82    
     1  180  3.091     0.2726     0.2726     0.2726      63.64      292.1    
     2  180  3.091     0.2726     0.2726     0.2726      63.64      292.1    
     3  180  3.091     0.2726     0.2726     0.2726      209.9      54.57    
     4  180  3.091     0.2726     0.2726     0.2726      220.4     -46.40    
     5  180  3.091     0.2726     0.2726     0.2726      264.7     -14.74    
     6  180  3.091     0.2726     0.2726     0.2726      264.7     -14.74    
