     1     1 -.27257     -.27257     -.27257      63.644     0.15615E-08 0.26768E-08 -.89228E-09 0.32249E-08
     1     2 -.23363     -.23363     -.31151      66.585      584.29      584.29     -1489.2      1703.0    
     1     3 -.19469     -.19469     -.35045      73.378      770.06      770.06     -2020.7      2295.5    
     1     4 -.15576     -.15576     -.38939      79.954      518.60      518.60     -1496.4      1666.5    
     1     5 -.11682     -.11682     -.42833      83.158      44.167      44.167     -426.89      431.43    
     1     6 -.77878E-01 -.77878E-01 -.46727      82.389     -320.04     -320.04      433.63      626.81    
     1     7 -.38939E-01 -.38939E-01 -.50621      79.766     -322.01     -322.01      545.62      710.69    
     1     8  0.0000      0.0000     -.54514      78.399     0.13384E-08 0.53537E-08 0.89228E-09 0.55901E-08
     1     9 -.19469     -.27257     -.27257      66.034      1076.4     -974.07     -974.11      1748.3    
     1    10 -.15576     -.23363     -.31151      71.311      1543.9     -229.10     -2341.4      2813.9    
     1    11 -.11682     -.19469     -.35045      79.202      1923.7     -555.20     -2201.5      2975.8    
     1    12 -.77878E-01 -.15576     -.38939      84.871      1791.5     -1133.0     -1084.7      2381.1    
     1    13 -.38939E-01 -.11682     -.42833      86.224      1356.0     -1547.8      161.88      2064.1    
     1    14  0.0000     -.77878E-01 -.46727      83.847     0.17846E-08 -1472.9      698.35      1630.1    
     1    15 0.38939E-01 -.38939E-01 -.50621      79.766      322.01     -322.37      546.05      711.18    
     1    16 0.77878E-01  0.0000     -.54514      82.636      1945.0     0.10677     0.10638      1945.0    
     1    17 0.11682     0.38939E-01 -.58408      84.809      1992.4     -1019.1     -274.58      2254.7    
     1    18 0.15576     0.77878E-01 -.62302      86.785      1698.0     -1234.4      52.877      2099.9    
     1    19 0.19469     0.11682     -.66196      85.680      1140.6     -1753.8      975.76      2308.4    
     1    20 0.23363     0.15576     -.70090      80.274      449.11     -2090.3      1857.8      2832.4    
     1    21 0.27257     0.19469     -.73984      72.349     -.92760E-02 -1881.2      1881.2      2660.4    
     1    22 -.11682     -.27257     -.27257      71.400      1344.9     -1497.3     -1497.4      2508.6    
     1    23 -.77878E-01 -.23363     -.31151      77.579      1270.8     -24.379     -3080.3      3332.2    
     1    24 -.38939E-01 -.19469     -.35045      87.100      1453.9     -75.377     -2926.1      3268.3    
     1    25  0.0000     -.15576     -.38939      93.516      0.0000     -2253.3      32.494      2253.5    
     1    26 0.38939E-01 -.11682     -.42833      86.224     -1356.0     -1547.8      161.91      2064.1    
     1    27 0.77878E-01 -.77878E-01 -.46727      82.389      320.04     -319.63      433.31      626.37    
     1    28 0.11682     -.38939E-01 -.50621      84.809      1992.4      1019.0      274.85      2254.7    
     1    29 0.15576      0.0000     -.54514      92.892      2744.2     -.19171     0.10359      2744.2    
     1    30 0.19469     0.38939E-01 -.58408      94.612      2465.2     -1728.9      48.025      3011.4    
     1    31 0.23363     0.77878E-01 -.62302      94.624      1667.1     -1972.4      684.77      2671.8    
     1    32 0.27257     0.11682     -.66196      89.525     -.36541E-02 -1957.5      1957.5      2768.3    
     1    33 -.38939E-01 -.27257     -.27257      75.726      603.15     -1636.1     -1636.0      2391.0    
     1    34  0.0000     -.23363     -.31151      80.409     -.17846E-08  220.09     -3349.9      3357.1    
     1    35 0.38939E-01 -.19469     -.35045      87.100     -1453.9     -75.492     -2926.2      3268.3    
     1    36 0.77878E-01 -.15576     -.38939      84.871     -1791.5     -1132.9     -1085.0      2381.2    
     1    37 0.11682     -.11682     -.42833      83.158     -44.167      44.343     -426.61      431.17    
     1    38 0.15576     -.77878E-01 -.46727      86.785      1698.0      1234.3     -52.758      2099.8    
     1    39 0.19469     -.38939E-01 -.50621      94.612      2465.2      1729.1     -47.840      3011.5    
     1    40 0.23363      0.0000     -.54514      102.41      1447.7     -.13748E-01 0.66839E-01  1447.7    
     1    41 0.27257     0.38939E-01 -.58408      101.31     0.37042E-02 -855.05      854.96      1209.2    
     1    42 0.38939E-01 -.27257     -.27257      75.726     -603.15     -1636.0     -1636.1      2391.1    
     1    43 0.77878E-01 -.23363     -.31151      77.579     -1270.8     -24.411     -3080.3      3332.3    
     1    44 0.11682     -.19469     -.35045      79.202     -1923.7     -555.20     -2201.4      2975.8    
     1    45 0.15576     -.15576     -.38939      79.954     -518.60      518.56     -1496.8      1666.8    
     1    46 0.19469     -.11682     -.42833      85.680      1140.6      1753.6     -975.60      2308.3    
     1    47 0.23363     -.77878E-01 -.46727      94.624      1667.1      1972.2     -684.66      2671.7    
     1    48 0.27257     -.38939E-01 -.50621      101.31     0.37042E-02  855.08     -855.06      1209.3    
     1    49 0.11682     -.27257     -.27257      71.400     -1344.9     -1497.4     -1497.3      2508.6    
     1    50 0.15576     -.23363     -.31151      71.311     -1543.9     -229.17     -2341.2      2813.8    
     1    51 0.19469     -.19469     -.35045      73.378     -770.06      769.99     -2021.0      2295.7    
     1    52 0.23363     -.15576     -.38939      80.274      449.11      2090.5     -1857.9      2832.6    
     1    53 0.27257     -.11682     -.42833      89.525     -.36541E-02  1957.5     -1957.5      2768.3    
     1    54 0.19469     -.27257     -.27257      66.034     -1076.4     -974.09     -974.13      1748.3    
     1    55 0.23363     -.23363     -.31151      66.585     -584.29      584.27     -1489.6      1703.5    
     1    56 0.27257     -.19469     -.35045      72.349     -.92760E-02  1881.1     -1881.1      2660.3    
     1    57 0.27257     -.27257     -.27257      63.644     0.35691E-08 -.42383E-08 0.17846E-08 0.58212E-08
     1    58 -.11682     -.19469     -.27257      67.921      1132.3     -378.47     -3067.6      3291.7    
     1    59 -.77878E-01 -.15576     -.31151      76.570      1691.0     -546.65     -2964.1      3456.0    
     1    60 -.38939E-01 -.11682     -.35045      83.570      1853.4     -1118.4     -1718.8      2764.1    
     1    61  0.0000     -.77878E-01 -.38939      85.883     0.74251E-01 -1332.9     -68.657      1334.7    
     1    62 0.38939E-01 -.38939E-01 -.42833      82.636      83.916     -83.822      507.81      521.48    
     1    63 0.77878E-01  0.0000     -.46727      83.847      1472.8     -.78109E-02  698.62      1630.1    
     1    64 -.38939E-01 -.19469     -.27257      72.046      629.84     -265.16     -3931.3      3990.3    
     1    65  0.0000     -.15576     -.31151      81.581     0.15990      28.903     -4018.0      4018.1    
     1    66 0.38939E-01 -.11682     -.35045      83.570     -1853.4     -1118.2     -1718.8      2764.0    
     1    67 0.77878E-01 -.77878E-01 -.38939      82.541     -149.64      149.33     -636.66      670.84    
     1    68 0.11682     -.38939E-01 -.42833      86.224      1547.8      1356.2      161.86      2064.2    
     1    69 0.15576      0.0000     -.46727      92.267      2468.6     -.69318E-01  273.31      2483.7    
     1    70 0.19469     0.38939E-01 -.50621      94.612      2465.2     -1729.1     -48.070      3011.5    
     1    71 0.23363     0.77878E-01 -.54514      95.892      2114.1     -1798.0     -.58550E-01  2775.3    
     1    72 0.27257     0.11682     -.58408      95.029      1343.2     -2120.8      665.24      2597.0    
     1    73 0.38939E-01 -.19469     -.27257      72.046     -630.05     -265.08     -3931.1      3990.1    
     1    74 0.77878E-01 -.15576     -.31151      76.570     -1690.7     -546.61     -2964.0      3455.8    
     1    75 0.11682     -.11682     -.35045      78.546     -476.18      476.44     -1905.1      2020.7    
     1    76 0.15576     -.77878E-01 -.38939      84.871      1133.1      1791.1     -1084.8      2380.9    
     1    77 0.19469     -.38939E-01 -.42833      93.920      1803.5      2095.8     -521.30      2813.6    
     1    78 0.23363      0.0000     -.46727      101.02     -22.234     0.53928E-01 -950.42      950.68    
     1    79 0.27257     0.38939E-01 -.50621      101.31     0.42849E-01 -855.00     -855.06      1209.2    
     1    80 0.11682     -.19469     -.27257      67.921     -1132.2     -378.47     -3067.6      3291.7    
     1    81 0.15576     -.15576     -.31151      71.495     -578.52      578.65     -2524.7      2654.0    
     1    82 0.19469     -.11682     -.35045      79.202      554.94      1923.7     -2201.5      2975.7    
     1    83 0.23363     -.77878E-01 -.38939      89.024      232.12      1885.6     -2154.4      2872.4    
     1    84 0.27257     -.38939E-01 -.42833      95.029     -1343.2      665.19     -2120.8      2597.0    
     1    85 0.19469     -.19469     -.27257      64.719     -254.82      254.74     -2006.5      2038.6    
     1    86 0.23363     -.15576     -.31151      71.311      229.01      1544.1     -2341.1      2813.8    
     1    87 0.27257     -.11682     -.35045      79.970     -224.58      1643.0     -2439.6      2949.8    
     1    88 0.27257     -.19469     -.27257      66.034      974.00      1076.4     -974.34      1748.3    
     1    89 0.38939E-01 -.11682     -.27257      71.190     -1035.1     -380.24     -4141.1      4285.5    
     1    90 0.77878E-01 -.77878E-01 -.31151      75.655     -390.29      390.32     -2729.6      2784.9    
     1    91 0.11682     -.38939E-01 -.35045      83.570      1118.3      1853.6     -1718.7      2764.1    
     1    92 0.15576      0.0000     -.38939      93.516      2253.6     0.90103E-01  32.178      2253.8    
     1    93 0.11682     -.11682     -.27257      67.527     -383.10      383.26     -3296.1      3340.3    
     1    94 0.15576     -.77878E-01 -.31151      76.570      546.82      1690.8     -2964.0      3455.9    
     1    95 0.19469     -.38939E-01 -.35045      87.100      75.430      1454.0     -2926.2      3268.4    
     1    96 0.23363      0.0000     -.38939      93.454     -1001.9     -.59830E-02 -2675.5      2856.9    
     1    97 0.27257     0.38939E-01 -.42833      95.029     -1343.2     -665.24     -2120.8      2597.0    
     1    98 0.19469     -.11682     -.27257      67.921      378.34      1132.1     -3067.5      3291.6    
     1    99 0.23363     -.77878E-01 -.31151      77.579      24.363      1270.8     -3080.3      3332.2    
     1   100 0.27257     -.38939E-01 -.35045      84.884     -667.83      642.53     -2575.9      2737.5    
     1   101 0.27257     -.11682     -.27257      71.400      1497.5      1344.9     -1497.3      2508.6    
     1   102 0.19469     -.38939E-01 -.27257      72.046      265.18      630.28     -3930.9      3990.0    
     1   103 0.23363      0.0000     -.31151      80.409     -220.08     0.84366E-03 -3350.1      3357.3    
     1   104 0.27257     -.38939E-01 -.27257      75.726      1636.1      603.22     -1635.9      2391.0    
     2     1 -.27257     -.27257     -.27257      63.644     0.66921E-09 0.15615E-08 0.24538E-08 0.29845E-08
     2     2 -.23363     -.23363     -.31151      69.477      1269.7      1269.7     -2853.8      3371.7    
     2     3 -.19469     -.19469     -.35045      84.114      2005.3      2005.3     -4141.9      5019.7    
     2     4 -.15576     -.15576     -.38939      99.617      1248.0      1248.0     -3170.7      3628.8    
     2     5 -.11682     -.11682     -.42833      103.06     -1407.7     -1407.7     -309.93      2014.8    
     2     6 -.77878E-01 -.77878E-01 -.46727      93.190     -2458.0     -2458.0      897.00      3589.9    
     2     7 -.38939E-01 -.38939E-01 -.50621      82.596     -1631.8     -1631.8      639.70      2394.7    
     2     8  0.0000      0.0000     -.54514      78.399     0.44614E-09 -.44614E-09 0.35691E-08 0.36244E-08
     2     9 -.19469     -.27257     -.27257      69.211      2582.7     -1573.6     -1573.7      3409.3    
     2    10 -.15576     -.23363     -.31151      78.642      3001.6     -129.87     -3352.0      4501.4    
     2    11 -.11682     -.19469     -.35045      92.706      1854.4      1005.4     -3623.3      4192.6    
     2    12 -.77878E-01 -.15576     -.38939      100.64     -877.62     -455.69     -1608.5      1888.2    
     2    13 -.38939E-01 -.11682     -.42833      94.869     -2157.0     -2248.7      324.99      3132.9    
     2    14  0.0000     -.77878E-01 -.46727      85.607     0.31230E-08 -2155.6      899.91      2335.9    
     2    15 0.38939E-01 -.38939E-01 -.50621      82.596      1631.8     -1632.1      640.12      2395.0    
     2    16 0.77878E-01  0.0000     -.54514      82.636      1945.1     0.10665     0.10643      1945.1    
     2    17 0.11682     0.38939E-01 -.58408      92.082      2708.0      2157.0     -620.40      3517.2    
     2    18 0.15576     0.77878E-01 -.62302      102.75      1796.3      1876.8     -282.42      2613.2    
     2    19 0.19469     0.11682     -.66196      104.45     -691.58     -250.38      1874.5      2013.6    
     2    20 0.23363     0.15576     -.70090      93.199     -1342.2     -2196.5      3466.8      4317.9    
     2    21 0.27257     0.19469     -.73984      79.079     -.34594E-01 -3049.1      3049.0      4312.0    
     2    22 -.11682     -.27257     -.27257      83.426      4030.1     -2225.0     -2225.0      5113.0    
     2    23 -.77878E-01 -.23363     -.31151      92.458      3324.7     -1594.3     -2350.7      4372.8    
     2    24 -.38939E-01 -.19469     -.35045      97.520      407.33     -1527.7     -1368.8      2091.3    
     2    25  0.0000     -.15576     -.38939      93.675     0.35691E-08 -1001.5     -1665.5      1943.5    
     2    26 0.38939E-01 -.11682     -.42833      94.869      2157.0     -2248.7      325.03      3132.9    
     2    27 0.77878E-01 -.77878E-01 -.46727      93.190      2458.0     -2457.7      896.69      3589.7    
     2    28 0.11682     -.38939E-01 -.50621      92.082      2708.0     -2157.0      620.60      3517.3    
     2    29 0.15576      0.0000     -.54514      92.892      2744.2     -.19148     0.10340      2744.2    
     2    30 0.19469     0.38939E-01 -.58408      102.25      1825.6      1715.3     -166.74      2510.5    
     2    31 0.23363     0.77878E-01 -.62302      105.84     -217.13      490.78      783.60      949.76    
     2    32 0.27257     0.11682     -.66196      101.26     -.30044E-01 -1683.8      1683.8      2381.2    
     2    33 -.38939E-01 -.27257     -.27257      99.000      2755.2     -2033.6     -2033.6      3982.7    
     2    34  0.0000     -.23363     -.31151      100.94     0.22307E-08 -2341.7     -1278.6      2668.1    
     2    35 0.38939E-01 -.19469     -.35045      97.520     -407.33     -1527.8     -1368.9      2091.5    
     2    36 0.77878E-01 -.15576     -.38939      100.64      877.62     -455.67     -1608.6      1888.2    
     2    37 0.11682     -.11682     -.42833      103.06      1407.7     -1407.6     -309.94      2014.7    
     2    38 0.15576     -.77878E-01 -.46727      102.75      1796.3     -1876.9      282.47      2613.3    
     2    39 0.19469     -.38939E-01 -.50621      102.25      1825.6     -1715.2      166.89      2510.5    
     2    40 0.23363      0.0000     -.54514      102.41      1447.7     -.13574E-01 0.66684E-01  1447.7    
     2    41 0.27257     0.38939E-01 -.58408      105.42     -.49039E-02  233.22     -233.31      329.89    
     2    42 0.38939E-01 -.27257     -.27257      99.000     -2755.2     -2033.8     -2033.8      3982.9    
     2    43 0.77878E-01 -.23363     -.31151      92.458     -3324.7     -1594.3     -2350.8      4372.8    
     2    44 0.11682     -.19469     -.35045      92.706     -1854.4      1005.3     -3623.2      4192.5    
     2    45 0.15576     -.15576     -.38939      99.617     -1248.0      1248.0     -3170.7      3628.8    
     2    46 0.19469     -.11682     -.42833      104.45     -691.58      250.30     -1874.5      2013.6    
     2    47 0.23363     -.77878E-01 -.46727      105.84     -217.13     -490.75     -783.59      949.73    
     2    48 0.27257     -.38939E-01 -.50621      105.42     -.49039E-02 -233.21      233.23      329.82    
     2    49 0.11682     -.27257     -.27257      83.426     -4030.1     -2225.0     -2225.0      5113.0    
     2    50 0.15576     -.23363     -.31151      78.642     -3001.6     -129.88     -3352.1      4501.5    
     2    51 0.19469     -.19469     -.35045      84.114     -2005.3      2005.3     -4141.9      5019.7    
     2    52 0.23363     -.15576     -.38939      93.199     -1342.2      2196.4     -3466.8      4317.9    
     2    53 0.27257     -.11682     -.42833      101.26     -.30044E-01  1683.8     -1683.9      2381.3    
     2    54 0.19469     -.27257     -.27257      69.211     -2582.7     -1573.4     -1573.4      3409.0    
     2    55 0.23363     -.23363     -.31151      69.477     -1269.7      1269.7     -2853.8      3371.7    
     2    56 0.27257     -.19469     -.35045      79.079     -.34594E-01  3049.3     -3049.1      4312.2    
     2    57 0.27257     -.27257     -.27257      63.644     0.42383E-08 0.20076E-08 0.11153E-08 0.48206E-08
     2    58 -.11682     -.19469     -.27257      76.687      3011.6     -686.82     -3861.6      4945.0    
     2    59 -.77878E-01 -.15576     -.31151      89.090      983.18     -145.13     -3776.4      3905.0    
     2    60 -.38939E-01 -.11682     -.35045      92.109     -1865.3     -1488.2     -1814.7      2997.9    
     2    61  0.0000     -.77878E-01 -.38939      87.133     0.93263E-01 -1706.4     -512.45      1781.7    
     2    62 0.38939E-01 -.38939E-01 -.42833      86.074      1661.3     -1661.2      674.30      2444.2    
     2    63 0.77878E-01  0.0000     -.46727      85.607      2155.5     -.53787E-01  900.19      2335.9    
     2    64 -.38939E-01 -.19469     -.27257      89.254      2343.8     -2485.9     -2686.9      4346.6    
     2    65  0.0000     -.15576     -.31151      90.381     -.34173E-01 -2585.9     -1698.3      3093.7    
     2    66 0.38939E-01 -.11682     -.35045      92.109      1865.4     -1488.1     -1814.7      2997.9    
     2    67 0.77878E-01 -.77878E-01 -.38939      94.949      2060.5     -2060.7     -467.07      2951.4    
     2    68 0.11682     -.38939E-01 -.42833      94.869      2248.7     -2156.9      324.96      3132.8    
     2    69 0.15576      0.0000     -.46727      95.708      2295.5     -.62013E-01  436.03      2336.6    
     2    70 0.19469     0.38939E-01 -.50621      102.25      1825.5      1715.2      166.75      2510.5    
     2    71 0.23363     0.77878E-01 -.54514      107.29      130.11      1003.6     0.37576E-02  1012.0    
     2    72 0.27257     0.11682     -.58408      106.29     -1363.9      82.406      662.97      1518.7    
     2    73 0.38939E-01 -.19469     -.27257      89.254     -2343.6     -2485.6     -2687.0      4346.3    
     2    74 0.77878E-01 -.15576     -.31151      89.090     -983.26     -145.11     -3776.3      3904.9    
     2    75 0.11682     -.11682     -.35045      96.126     -116.69      116.73     -3173.9      3178.1    
     2    76 0.15576     -.77878E-01 -.38939      100.64      455.67     -877.78     -1608.4      1888.2    
     2    77 0.19469     -.38939E-01 -.42833      101.70      913.43     -1466.1     -623.30      1836.4    
     2    78 0.23363      0.0000     -.46727      102.50      2171.8     0.35732E-01  168.69      2178.4    
     2    79 0.27257     0.38939E-01 -.50621      105.42     0.83142E-02  233.24      233.28      329.88    
     2    80 0.11682     -.19469     -.27257      76.687     -3011.5     -686.68     -3861.8      4945.1    
     2    81 0.15576     -.15576     -.31151      82.833     -1698.4      1698.3     -4683.5      5263.5    
     2    82 0.19469     -.11682     -.35045      92.706     -1005.4      1854.4     -3623.2      4192.5    
     2    83 0.23363     -.77878E-01 -.38939      100.67      344.72      1278.3     -1643.8      2110.7    
     2    84 0.27257     -.38939E-01 -.42833      106.29      1363.9      663.02      82.282      1518.7    
     2    85 0.19469     -.19469     -.27257      67.773     -1044.9      1044.9     -3478.8      3779.6    
     2    86 0.23363     -.15576     -.31151      78.642      129.81      3001.8     -3351.9      4501.4    
     2    87 0.27257     -.11682     -.35045      92.992      1303.1      3460.2     -2250.0      4328.2    
     2    88 0.27257     -.19469     -.27257      69.211      1573.4      2582.8     -1573.4      3409.1    
     2    89 0.38939E-01 -.11682     -.27257      80.159      21.796     -1799.8     -3810.5      4214.3    
     2    90 0.77878E-01 -.77878E-01 -.31151      87.059      1162.8     -1162.6     -3404.0      3780.3    
     2    91 0.11682     -.38939E-01 -.35045      92.109      1488.1     -1865.2     -1814.7      2997.8    
     2    92 0.15576      0.0000     -.38939      93.675      1001.7     -.11625E-01 -1665.5      1943.5    
     2    93 0.11682     -.11682     -.27257      78.054     -880.10      880.11     -5249.3      5394.8    
     2    94 0.15576     -.77878E-01 -.31151      89.090      145.22      983.24     -3776.4      3905.0    
     2    95 0.19469     -.38939E-01 -.35045      97.520      1527.7      407.32     -1368.9      2091.3    
     2    96 0.23363      0.0000     -.38939      103.26      2257.8     0.29402E-01  13.600      2257.8    
     2    97 0.27257     0.38939E-01 -.42833      106.29      1363.9     -662.99      82.414      1518.7    
     2    98 0.19469     -.11682     -.27257      76.687      686.67      3011.5     -3861.8      4945.1    
     2    99 0.23363     -.77878E-01 -.31151      92.458      1594.3      3324.6     -2350.8      4372.8    
     2   100 0.27257     -.38939E-01 -.35045      105.01      1773.0      1879.6     -829.17      2713.7    
     2   101 0.27257     -.11682     -.27257      83.426      2225.1      4030.2     -2224.9      5113.1    
     2   102 0.19469     -.38939E-01 -.27257      89.254      2485.5      2343.9     -2686.8      4346.3    
     2   103 0.23363      0.0000     -.31151      100.94      2341.7     0.69166E-01 -1278.4      2668.0    
     2   104 0.27257     -.38939E-01 -.27257      99.000      2033.6      2755.2     -2033.8      3982.8    
     3     1 -.27257     -.27257     -.27257      209.87     0.89228E-09 -.89228E-09 -.89228E-09 0.15455E-08
     3     2 -.23363     -.23363     -.31151      203.39     -3158.9     -3158.9     -788.91      4536.5    
     3     3 -.19469     -.19469     -.35045      189.48     -3863.8     -3863.8     -369.60      5476.7    
     3     4 -.15576     -.15576     -.38939      176.35     -2726.1     -2726.1     -1267.2      4058.3    
     3     5 -.11682     -.11682     -.42833      176.69      367.27      367.27     -3968.6      4002.5    
     3     6 -.77878E-01 -.77878E-01 -.46727      191.95      1830.8      1830.8     -5200.4      5809.3    
     3     7 -.38939E-01 -.38939E-01 -.50621      209.84      1394.4      1394.4     -5134.4      5500.0    
     3     8  0.0000      0.0000     -.54514      223.22      0.0000     0.35691E-08 -.89228E-09 0.36790E-08
     3     9 -.19469     -.27257     -.27257      197.68     -4498.2     -2578.8     -2578.8      5790.9    
     3    10 -.15576     -.23363     -.31151      185.80     -4921.5     -3479.5     -1749.1      6275.9    
     3    11 -.11682     -.19469     -.35045      172.47     -4004.8     -3150.8     -1767.1      5393.4    
     3    12 -.77878E-01 -.15576     -.38939      168.02     -1172.4     -538.27     -3651.7      3872.9    
     3    13 -.38939E-01 -.11682     -.42833      179.30      537.19      1986.8     -5300.4      5686.0    
     3    14  0.0000     -.77878E-01 -.46727      196.18      0.0000      2324.1     -5499.4      5970.3    
     3    15 0.38939E-01 -.38939E-01 -.50621      209.84     -1394.4      1394.4     -5134.4      5500.0    
     3    16 0.77878E-01  0.0000     -.54514      216.95     -2741.7     -.64341E-02 -.66586E-02  2741.7    
     3    17 0.11682     0.38939E-01 -.58408      200.16     -2945.0     -925.87      4719.1      5639.2    
     3    18 0.15576     0.77878E-01 -.62302      183.93     -1641.6     -561.21      4021.4      4379.7    
     3    19 0.19469     0.11682     -.66196      178.46      1193.5      1699.5      1447.5      2531.4    
     3    20 0.23363     0.15576     -.70090      187.65      2139.0      3296.5     -829.50      4016.3    
     3    21 0.27257     0.19469     -.73984      199.72     0.99414E-02  2206.5     -2206.5      3120.5    
     3    22 -.11682     -.27257     -.27257      176.73     -5342.5     -2859.5     -2859.5      6700.4    
     3    23 -.77878E-01 -.23363     -.31151      165.44     -4489.6     -3143.5     -2683.2      6102.3    
     3    24 -.38939E-01 -.19469     -.35045      159.57     -1829.1     -1735.1     -3576.6      4375.9    
     3    25  0.0000     -.15576     -.38939      165.93     0.89228E-09  738.25     -4801.4      4857.8    
     3    26 0.38939E-01 -.11682     -.42833      179.30     -537.19      1986.8     -5300.4      5686.0    
     3    27 0.77878E-01 -.77878E-01 -.46727      191.95     -1830.8      1830.8     -5200.4      5809.3    
     3    28 0.11682     -.38939E-01 -.50621      200.16     -2945.0      925.87     -4719.1      5639.2    
     3    29 0.15576      0.0000     -.54514      203.42     -3444.3     0.95728E-02 -.13608E-01  3444.3    
     3    30 0.19469     0.38939E-01 -.58408      188.72     -2180.2     -352.05      3583.4      4209.3    
     3    31 0.23363     0.77878E-01 -.62302      180.66     -19.373      374.98      1654.1      1696.2    
     3    32 0.27257     0.11682     -.66196      182.54     0.13075E-01  1208.9     -1208.9      1709.6    
     3    33 -.38939E-01 -.27257     -.27257      157.32     -3249.9     -3252.0     -3251.9      5631.4    
     3    34  0.0000     -.23363     -.31151      154.45     -.89228E-09 -2815.5     -3587.6      4560.5    
     3    35 0.38939E-01 -.19469     -.35045      159.57      1829.1     -1735.1     -3576.6      4375.9    
     3    36 0.77878E-01 -.15576     -.38939      168.02      1172.4     -538.25     -3651.7      3872.9    
     3    37 0.11682     -.11682     -.42833      176.69     -367.27      367.25     -3968.6      4002.4    
     3    38 0.15576     -.77878E-01 -.46727      183.93     -1641.6      561.22     -4021.4      4379.7    
     3    39 0.19469     -.38939E-01 -.50621      188.72     -2180.2      352.06     -3583.4      4209.3    
     3    40 0.23363      0.0000     -.54514      191.82     -1718.6     0.46468E-02 -.69338E-03  1718.6    
     3    41 0.27257     0.38939E-01 -.58408      184.24     0.47920E-02 -1228.1      1228.1      1736.8    
     3    42 0.38939E-01 -.27257     -.27257      157.32      3249.9     -3251.9     -3252.0      5631.4    
     3    43 0.77878E-01 -.23363     -.31151      165.44      4489.6     -3143.5     -2683.3      6102.3    
     3    44 0.11682     -.19469     -.35045      172.47      4004.8     -3150.8     -1767.2      5393.4    
     3    45 0.15576     -.15576     -.38939      176.35      2726.1     -2726.2     -1267.3      4058.3    
     3    46 0.19469     -.11682     -.42833      178.46      1193.5     -1699.5     -1447.4      2531.3    
     3    47 0.23363     -.77878E-01 -.46727      180.66     -19.373     -374.99     -1654.1      1696.2    
     3    48 0.27257     -.38939E-01 -.50621      184.24     0.47920E-02  1228.1     -1228.1      1736.8    
     3    49 0.11682     -.27257     -.27257      176.73      5342.5     -2859.4     -2859.5      6700.4    
     3    50 0.15576     -.23363     -.31151      185.80      4921.5     -3479.6     -1749.1      6276.0    
     3    51 0.19469     -.19469     -.35045      189.48      3863.8     -3863.8     -369.64      5476.7    
     3    52 0.23363     -.15576     -.38939      187.65      2139.0     -3296.5      829.55      4016.2    
     3    53 0.27257     -.11682     -.42833      182.54     0.13075E-01 -1208.9      1208.9      1709.6    
     3    54 0.19469     -.27257     -.27257      197.68      4498.2     -2578.9     -2578.8      5791.0    
     3    55 0.23363     -.23363     -.31151      203.39      3158.9     -3159.0     -788.86      4536.5    
     3    56 0.27257     -.19469     -.35045      199.72     0.99414E-02 -2206.5      2206.4      3120.4    
     3    57 0.27257     -.27257     -.27257      209.87      0.0000     0.17846E-08  0.0000     0.17846E-08
     3    58 -.11682     -.19469     -.27257      162.13     -5136.7     -4022.8     -3290.6      7307.3    
     3    59 -.77878E-01 -.15576     -.31151      152.87     -3253.8     -2647.4     -3848.5      5692.7    
     3    60 -.38939E-01 -.11682     -.35045      156.74     -356.68      323.02     -5589.6      5610.3    
     3    61  0.0000     -.77878E-01 -.38939      171.71     -.24310E-02  1586.3     -6312.0      6508.2    
     3    62 0.38939E-01 -.38939E-01 -.42833      186.58     -1121.0      1121.0     -6102.0      6304.6    
     3    63 0.77878E-01  0.0000     -.46727      196.18     -2324.1     -.71044E-04 -5499.4      5970.3    
     3    64 -.38939E-01 -.19469     -.27257      143.62     -3074.0     -3173.6     -4165.9      6072.5    
     3    65  0.0000     -.15576     -.31151      145.57     0.25710E-01 -1256.4     -5082.0      5235.0    
     3    66 0.38939E-01 -.11682     -.35045      156.74      356.68      323.00     -5589.6      5610.3    
     3    67 0.77878E-01 -.77878E-01 -.38939      169.40     -848.77      848.76     -5651.7      5777.8    
     3    68 0.11682     -.38939E-01 -.42833      179.30     -1986.8      537.19     -5300.4      5686.0    
     3    69 0.15576      0.0000     -.46727      185.40     -2438.6     -.12935E-02 -4593.3      5200.5    
     3    70 0.19469     0.38939E-01 -.50621      188.72     -2180.2     -352.05     -3583.4      4209.3    
     3    71 0.23363     0.77878E-01 -.54514      186.02     -2647.5     -1600.7     0.32428E-01  3093.8    
     3    72 0.27257     0.11682     -.58408      177.95     -1848.7     -1736.6     -692.86      2629.3    
     3    73 0.38939E-01 -.19469     -.27257      143.62      3074.0     -3173.5     -4165.9      6072.5    
     3    74 0.77878E-01 -.15576     -.31151      152.87      3253.9     -2647.4     -3848.5      5692.8    
     3    75 0.11682     -.11682     -.35045      161.24      1989.8     -1989.8     -3615.4      4581.4    
     3    76 0.15576     -.77878E-01 -.38939      168.02      538.29     -1172.5     -3651.7      3872.9    
     3    77 0.19469     -.38939E-01 -.42833      173.95     -221.31     -488.79     -3489.1      3530.1    
     3    78 0.23363      0.0000     -.46727      179.80      67.439     0.18315E-01 -2840.9      2841.7    
     3    79 0.27257     0.38939E-01 -.50621      184.24     0.12167E-01 -1228.1     -1228.1      1736.8    
     3    80 0.11682     -.19469     -.27257      162.13      5136.7     -4022.8     -3290.6      7307.3    
     3    81 0.15576     -.15576     -.31151      169.24      4282.2     -4282.2     -2418.8      6521.1    
     3    82 0.19469     -.11682     -.35045      172.47      3150.8     -4004.9     -1767.1      5393.5    
     3    83 0.23363     -.77878E-01 -.38939      174.15      2121.6     -2749.8     -1648.9      3844.7    
     3    84 0.27257     -.38939E-01 -.42833      177.95      1848.7     -692.88     -1736.6      2629.3    
     3    85 0.19469     -.19469     -.27257      182.57      4499.1     -4499.2     -2870.5      6980.3    
     3    86 0.23363     -.15576     -.31151      185.80      3479.5     -4921.5     -1749.1      6275.9    
     3    87 0.27257     -.11682     -.35045      184.34      2151.7     -4312.0     -670.26      4865.4    
     3    88 0.27257     -.19469     -.27257      197.68      2578.8     -4498.3     -2578.9      5791.0    
     3    89 0.38939E-01 -.11682     -.27257      133.05      1685.4     -1737.9     -5889.6      6367.8    
     3    90 0.77878E-01 -.77878E-01 -.31151      145.52      860.89     -860.89     -5897.3      6021.7    
     3    91 0.11682     -.38939E-01 -.35045      156.74     -323.02     -356.67     -5589.6      5610.3    
     3    92 0.15576      0.0000     -.38939      165.93     -738.24     -.60984E-02 -4801.4      4857.8    
     3    93 0.11682     -.11682     -.27257      145.25      3863.2     -3863.2     -4266.2      6931.8    
     3    94 0.15576     -.77878E-01 -.31151      152.87      2647.4     -3253.9     -3848.5      5692.8    
     3    95 0.19469     -.38939E-01 -.35045      159.57      1735.1     -1829.1     -3576.6      4375.9    
     3    96 0.23363      0.0000     -.38939      167.98      1701.9     0.21878E-02 -2979.8      3431.6    
     3    97 0.27257     0.38939E-01 -.42833      177.95      1848.6      692.87     -1736.6      2629.3    
     3    98 0.19469     -.11682     -.27257      162.13      4022.8     -5136.7     -3290.7      7307.3    
     3    99 0.23363     -.77878E-01 -.31151      165.44      3143.5     -4489.7     -2683.2      6102.3    
     3   100 0.27257     -.38939E-01 -.35045      169.35      2690.8     -2315.4     -2492.0      4337.2    
     3   101 0.27257     -.11682     -.27257      176.73      2859.5     -5342.5     -2859.4      6700.4    
     3   102 0.19469     -.38939E-01 -.27257      143.62      3173.6     -3074.0     -4165.8      6072.5    
     3   103 0.23363      0.0000     -.31151      154.45      2815.5     -.34287E-01 -3587.5      4560.4    
     3   104 0.27257     -.38939E-01 -.27257      157.32      3252.0     -3249.9     -3252.0      5631.4    
     4     1 -.27257     -.27257     -.27257      220.40     0.89228E-09  0.0000      0.0000     0.89228E-09
     4     2 -.23363     -.23363     -.31151      221.37      1518.3      1518.3      2584.8      3360.3    
     4     3 -.19469     -.19469     -.35045      221.83      1617.8      1617.8      3098.7      3851.8    
     4     4 -.15576     -.15576     -.38939      222.60      1890.6      1890.6      3054.0      4059.0    
     4     5 -.11682     -.11682     -.42833      224.95      2233.1      2233.1      2984.7      4345.4    
     4     6 -.77878E-01 -.77878E-01 -.46727      228.08      2274.1      2274.1      3255.0      4575.8    
     4     7 -.38939E-01 -.38939E-01 -.50621      228.93      1587.7      1587.7      4035.2      4617.8    
     4     8  0.0000      0.0000     -.54514      223.22      0.0000     0.89228E-09 0.89228E-09 0.12619E-08
     4     9 -.19469     -.27257     -.27257      225.18      991.10      2691.1      2691.1      3932.7    
     4    10 -.15576     -.23363     -.31151      225.99      477.01      2599.7      3049.2      4035.3    
     4    11 -.11682     -.19469     -.35045      226.22      450.30      2823.1      2903.2      4074.4    
     4    12 -.77878E-01 -.15576     -.38939      227.87      614.89      3170.4      2567.9      4125.9    
     4    13 -.38939E-01 -.11682     -.42833      230.87      602.65      3347.8      2443.3      4188.2    
     4    14  0.0000     -.77878E-01 -.46727      232.90      0.0000      3070.7      3061.1      4335.8    
     4    15 0.38939E-01 -.38939E-01 -.50621      228.93     -1587.7      1587.8      4035.2      4617.8    
     4    16 0.77878E-01  0.0000     -.54514      216.95     -2741.7     -.62910E-02 -.67044E-02  2741.7    
     4    17 0.11682     0.38939E-01 -.58408      217.98     -3377.0     -901.05     -3762.6      5135.4    
     4    18 0.15576     0.77878E-01 -.62302      216.02     -3259.6     -1093.3     -3236.9      4722.0    
     4    19 0.19469     0.11682     -.66196      214.20     -2651.5     -794.86     -2933.4      4033.3    
     4    20 0.23363     0.15576     -.70090      214.15     -1723.7     -277.13     -2475.0      3028.8    
     4    21 0.27257     0.19469     -.73984      216.34     -.10003E-01  893.14     -893.16      1263.1    
     4    22 -.11682     -.27257     -.27257      226.39     -275.79      2989.9      2989.9      4237.4    
     4    23 -.77878E-01 -.23363     -.31151      225.84     -343.69      3158.2      2893.6      4297.1    
     4    24 -.38939E-01 -.19469     -.35045      226.51     -102.40      3381.7      2514.4      4215.3    
     4    25  0.0000     -.15576     -.38939      228.79     -.17846E-08  3489.0      2185.0      4116.8    
     4    26 0.38939E-01 -.11682     -.42833      230.87     -602.65      3347.8      2443.3      4188.1    
     4    27 0.77878E-01 -.77878E-01 -.46727      228.08     -2274.1      2274.0      3255.0      4575.8    
     4    28 0.11682     -.38939E-01 -.50621      217.98     -3377.0      901.06      3762.5      5135.4    
     4    29 0.15576      0.0000     -.54514      203.42     -3444.3     0.93894E-02 -.13686E-01  3444.3    
     4    30 0.19469     0.38939E-01 -.58408      203.72     -3146.4     -213.57     -3271.0      4543.7    
     4    31 0.23363     0.77878E-01 -.62302      204.10     -1990.9      226.59     -2446.3      3162.2    
     4    32 0.27257     0.11682     -.66196      207.26     -.96079E-02  1241.9     -1241.9      1756.3    
     4    33 -.38939E-01 -.27257     -.27257      224.70     -328.49      3107.3      3107.2      4406.6    
     4    34  0.0000     -.23363     -.31151      224.85     -.89228E-09  3318.1      2819.9      4354.5    
     4    35 0.38939E-01 -.19469     -.35045      226.51      102.40      3381.7      2514.4      4215.3    
     4    36 0.77878E-01 -.15576     -.38939      227.87     -614.89      3170.4      2567.9      4125.9    
     4    37 0.11682     -.11682     -.42833      224.95     -2233.1      2233.1      2984.7      4345.3    
     4    38 0.15576     -.77878E-01 -.46727      216.02     -3259.6      1093.3      3236.8      4722.0    
     4    39 0.19469     -.38939E-01 -.50621      203.72     -3146.4      213.55      3271.0      4543.7    
     4    40 0.23363      0.0000     -.54514      191.82     -1718.6     0.45444E-02 -.63727E-03  1718.6    
     4    41 0.27257     0.38939E-01 -.58408      196.10     -.48638E-02  1452.1     -1452.1      2053.6    
     4    42 0.38939E-01 -.27257     -.27257      224.70      328.49      3107.2      3107.3      4406.6    
     4    43 0.77878E-01 -.23363     -.31151      225.84      343.69      3158.2      2893.6      4297.1    
     4    44 0.11682     -.19469     -.35045      226.22     -450.30      2823.1      2903.2      4074.5    
     4    45 0.15576     -.15576     -.38939      222.60     -1890.6      1890.6      3054.1      4059.1    
     4    46 0.19469     -.11682     -.42833      214.20     -2651.5      794.86      2933.3      4033.2    
     4    47 0.23363     -.77878E-01 -.46727      204.10     -1990.9     -226.58      2446.3      3162.2    
     4    48 0.27257     -.38939E-01 -.50621      196.10     -.48638E-02 -1452.1      1452.1      2053.6    
     4    49 0.11682     -.27257     -.27257      226.39      275.79      2989.9      2989.9      4237.3    
     4    50 0.15576     -.23363     -.31151      225.99     -477.01      2599.8      3049.2      4035.3    
     4    51 0.19469     -.19469     -.35045      221.83     -1617.8      1617.8      3098.7      3851.8    
     4    52 0.23363     -.15576     -.38939      214.15     -1723.7      277.08      2474.9      3028.7    
     4    53 0.27257     -.11682     -.42833      207.26     -.96079E-02 -1241.9      1241.9      1756.3    
     4    54 0.19469     -.27257     -.27257      225.18     -991.10      2691.1      2691.1      3932.8    
     4    55 0.23363     -.23363     -.31151      221.37     -1518.3      1518.4      2584.8      3360.3    
     4    56 0.27257     -.19469     -.35045      216.34     -.10003E-01 -893.15      893.23      1263.2    
     4    57 0.27257     -.27257     -.27257      220.40     0.89228E-09 0.89228E-09  0.0000     0.12619E-08
     4    58 -.11682     -.19469     -.27257      238.09      207.01      2551.4      2778.5      3777.9    
     4    59 -.77878E-01 -.15576     -.31151      238.27      109.68      2716.5      2558.3      3733.1    
     4    60 -.38939E-01 -.11682     -.35045      239.33      42.988      2662.1      1933.1      3290.2    
     4    61  0.0000     -.77878E-01 -.38939      241.39     -.30161E-01  2449.9      1307.4      2776.9    
     4    62 0.38939E-01 -.38939E-01 -.42833      241.99     -1662.1      1662.1      1962.5      3062.1    
     4    63 0.77878E-01  0.0000     -.46727      232.90     -3070.7     -.31453E-02  3061.1      4335.8    
     4    64 -.38939E-01 -.19469     -.27257      237.65     -192.57      3010.8      2869.4      4163.5    
     4    65  0.0000     -.15576     -.31151      238.02     -.50621E-01  2880.0      2443.3      3776.8    
     4    66 0.38939E-01 -.11682     -.35045      239.33     -42.984      2662.0      1933.1      3290.2    
     4    67 0.77878E-01 -.77878E-01 -.38939      238.80     -1782.5      1782.6      2036.3      3240.6    
     4    68 0.11682     -.38939E-01 -.42833      230.87     -3347.8      602.64      2443.3      4188.2    
     4    69 0.15576      0.0000     -.46727      218.24     -3809.8     -.89823E-02  3055.6      4883.8    
     4    70 0.19469     0.38939E-01 -.50621      203.72     -3146.4     -213.54      3271.0      4543.7    
     4    71 0.23363     0.77878E-01 -.54514      197.01      11.846      1272.9     -.18037E-01  1272.9    
     4    72 0.27257     0.11682     -.58408      203.68      2013.9      2030.8     -484.22      2900.8    
     4    73 0.38939E-01 -.19469     -.27257      237.65      192.59      3010.7      2869.3      4163.5    
     4    74 0.77878E-01 -.15576     -.31151      238.27     -109.78      2716.4      2558.3      3733.1    
     4    75 0.11682     -.11682     -.35045      236.16     -1745.0      1745.0      2538.4      3540.3    
     4    76 0.15576     -.77878E-01 -.38939      227.87     -3170.4      614.93      2567.9      4126.0    
     4    77 0.19469     -.38939E-01 -.42833      216.08     -3588.6      165.65      2676.2      4479.7    
     4    78 0.23363      0.0000     -.46727      203.60     -2927.7     -.24090E-01  2693.1      3978.0    
     4    79 0.27257     0.38939E-01 -.50621      196.10     -.10844E-01  1452.1      1452.1      2053.5    
     4    80 0.11682     -.19469     -.27257      238.09     -207.05      2551.4      2778.5      3777.9    
     4    81 0.15576     -.15576     -.31151      234.95     -1577.8      1577.8      2882.1      3645.0    
     4    82 0.19469     -.11682     -.35045      226.22     -2823.1      450.33      2903.2      4074.4    
     4    83 0.23363     -.77878E-01 -.38939      214.53     -3025.1     -111.40      2588.9      3983.2    
     4    84 0.27257     -.38939E-01 -.42833      203.68     -2013.9     -484.21      2030.8      2900.8    
     4    85 0.19469     -.19469     -.27257      234.45     -1616.8      1616.8      2797.6      3613.1    
     4    86 0.23363     -.15576     -.31151      225.99     -2599.7      476.98      3049.2      4035.3    
     4    87 0.27257     -.11682     -.35045      214.74     -2385.5     -388.87      2437.7      3432.9    
     4    88 0.27257     -.19469     -.27257      225.18     -2691.1      991.11      2691.2      3932.8    
     4    89 0.38939E-01 -.11682     -.27257      248.44      76.167      2096.9      2496.2      3260.9    
     4    90 0.77878E-01 -.77878E-01 -.31151      246.85     -1093.4      1093.4      2057.9      2574.1    
     4    91 0.11682     -.38939E-01 -.35045      239.33     -2662.0      42.932      1933.1      3290.2    
     4    92 0.15576      0.0000     -.38939      228.79     -3489.1     -.21521E-03  2185.0      4116.8    
     4    93 0.11682     -.11682     -.27257      246.48     -1332.1      1332.1      2446.4      3087.6    
     4    94 0.15576     -.77878E-01 -.31151      238.27     -2716.4      109.79      2558.3      3733.1    
     4    95 0.19469     -.38939E-01 -.35045      226.51     -3381.7     -102.40      2514.4      4215.3    
     4    96 0.23363      0.0000     -.38939      214.10     -3385.5     0.15639E-02  2460.5      4185.1    
     4    97 0.27257     0.38939E-01 -.42833      203.68     -2013.9      484.22      2030.8      2900.8    
     4    98 0.19469     -.11682     -.27257      238.09     -2551.4      207.02      2778.5      3777.9    
     4    99 0.23363     -.77878E-01 -.31151      225.84     -3158.2     -343.68      2893.6      4297.1    
     4   100 0.27257     -.38939E-01 -.35045      212.94     -2960.6     -323.85      2520.4      3901.6    
     4   101 0.27257     -.11682     -.27257      226.39     -2989.9     -275.77      2989.9      4237.4    
     4   102 0.19469     -.38939E-01 -.27257      237.65     -3010.8     -192.60      2869.3      4163.5    
     4   103 0.23363      0.0000     -.31151      224.85     -3318.1     0.24284E-01  2819.9      4354.5    
     4   104 0.27257     -.38939E-01 -.27257      224.70     -3107.3     -328.49      3107.2      4406.6    
     5     1 -.27257     -.27257     -.27257      264.75      0.0000      0.0000      0.0000      0.0000    
     5     2 -.23363     -.23363     -.31151      262.69     -509.05     -509.05      891.19      1145.6    
     5     3 -.19469     -.19469     -.35045      257.50     -763.80     -763.80      1358.6      1735.7    
     5     4 -.15576     -.15576     -.38939      251.74     -639.45     -639.45      1175.8      1483.4    
     5     5 -.11682     -.11682     -.42833      248.07     -249.23     -249.23      518.60      627.04    
     5     6 -.77878E-01 -.77878E-01 -.46727      247.43      97.261      97.261     -85.495      161.95    
     5     7 -.38939E-01 -.38939E-01 -.50621      248.51      166.73      166.73     -235.51      333.27    
     5     8  0.0000      0.0000     -.54514      249.18      0.0000     -.89228E-09 0.89228E-09 0.12619E-08
     5     9 -.19469     -.27257     -.27257      263.36     -633.22      586.32      586.33      1043.3    
     5    10 -.15576     -.23363     -.31151      260.10     -637.45     -232.60      1324.9      1488.5    
     5    11 -.11682     -.19469     -.35045      255.16     -231.15     -687.30      1455.3      1625.9    
     5    12 -.77878E-01 -.15576     -.38939      251.08      425.56     -791.84      1058.4      1388.6    
     5    13 -.38939E-01 -.11682     -.42833      249.51      928.66     -689.55      388.63      1220.2    
     5    14  0.0000     -.77878E-01 -.46727      249.65      0.0000     -629.00     -227.48      668.87    
     5    15 0.38939E-01 -.38939E-01 -.50621      248.51     -166.73      166.85     -235.65      333.42    
     5    16 0.77878E-01  0.0000     -.54514      250.36      395.39     -.29762E-01 -.29340E-01  395.39    
     5    17 0.11682     0.38939E-01 -.58408      248.93      214.43     -881.42      8.3789      907.17    
     5    18 0.15576     0.77878E-01 -.62302      248.28      345.51     -483.31     -339.04      684.04    
     5    19 0.19469     0.11682     -.66196      250.17      578.09      151.61     -907.38      1086.5    
     5    20 0.23363     0.15576     -.70090      254.65      531.40      746.44     -1234.9      1537.7    
     5    21 0.27257     0.19469     -.73984      259.63     0.31282E-02  1041.6     -1041.6      1473.0    
     5    22 -.11682     -.27257     -.27257      260.12     -827.82      1035.1      1035.1      1681.7    
     5    23 -.77878E-01 -.23363     -.31151      257.79     -449.82      644.32      1420.0      1622.9    
     5    24 -.38939E-01 -.19469     -.35045      255.61      310.12      316.02      1421.5      1488.8    
     5    25  0.0000     -.15576     -.38939      254.47      0.0000     -1196.5      788.06      1432.7    
     5    26 0.38939E-01 -.11682     -.42833      249.51     -928.66     -689.55      388.63      1220.2    
     5    27 0.77878E-01 -.77878E-01 -.46727      247.43     -97.261      97.123     -85.385      161.81    
     5    28 0.11682     -.38939E-01 -.50621      248.93      214.43      881.45     -8.4668      907.20    
     5    29 0.15576      0.0000     -.54514      251.45      110.92     0.63177E-01 -.27148E-01  110.92    
     5    30 0.19469     0.38939E-01 -.58408      249.61      99.599     -783.80     -102.61      796.74    
     5    31 0.23363     0.77878E-01 -.62302      249.49      182.38     -98.506     -431.11      478.35    
     5    32 0.27257     0.11682     -.66196      251.59     0.24563E-02  697.88     -697.88      986.95    
     5    33 -.38939E-01 -.27257     -.27257      257.42     -383.70      1267.7      1267.7      1833.4    
     5    34  0.0000     -.23363     -.31151      256.77     0.17846E-08  1145.3      1378.9      1792.5    
     5    35 0.38939E-01 -.19469     -.35045      255.61     -310.12      316.04      1421.5      1488.8    
     5    36 0.77878E-01 -.15576     -.38939      251.08     -425.56     -791.85      1058.5      1388.7    
     5    37 0.11682     -.11682     -.42833      248.07      249.23     -249.29      518.51      626.99    
     5    38 0.15576     -.77878E-01 -.46727      248.28      345.51      483.37      339.00      684.07    
     5    39 0.19469     -.38939E-01 -.50621      249.61      99.599      783.75      102.55      796.68    
     5    40 0.23363      0.0000     -.54514      251.54     -18.063     0.20923E-02 -.26649E-01  18.063    
     5    41 0.27257     0.38939E-01 -.58408      249.80     -.14718E-02 -250.17      250.21      353.82    
     5    42 0.38939E-01 -.27257     -.27257      257.42      383.70      1267.7      1267.7      1833.4    
     5    43 0.77878E-01 -.23363     -.31151      257.79      449.82      644.33      1420.0      1622.9    
     5    44 0.11682     -.19469     -.35045      255.16      231.15     -687.30      1455.3      1625.9    
     5    45 0.15576     -.15576     -.38939      251.74      639.45     -639.44      1176.0      1483.5    
     5    46 0.19469     -.11682     -.42833      250.17      578.09     -151.57      907.32      1086.5    
     5    47 0.23363     -.77878E-01 -.46727      249.49      182.38      98.550      431.07      478.33    
     5    48 0.27257     -.38939E-01 -.50621      249.80     -.14718E-02  250.16     -250.17      353.78    
     5    49 0.11682     -.27257     -.27257      260.12      827.82      1035.1      1035.1      1681.7    
     5    50 0.15576     -.23363     -.31151      260.10      637.45     -232.58      1324.8      1488.5    
     5    51 0.19469     -.19469     -.35045      257.50      763.80     -763.78      1358.6      1735.7    
     5    52 0.23363     -.15576     -.38939      254.65      531.40     -746.50      1234.9      1537.7    
     5    53 0.27257     -.11682     -.42833      251.59     0.24563E-02 -697.87      697.88      986.94    
     5    54 0.19469     -.27257     -.27257      263.36      633.22      586.33      586.34      1043.3    
     5    55 0.23363     -.23363     -.31151      262.69      509.05     -509.04      891.31      1145.7    
     5    56 0.27257     -.19469     -.35045      259.63     0.31282E-02 -1041.6      1041.6      1473.0    
     5    57 0.27257     -.27257     -.27257      264.75      0.0000      0.0000     -.17846E-08 0.17846E-08
     5    58 -.11682     -.19469     -.27257      261.49     -108.48     -522.70      1503.8      1595.8    
     5    59 -.77878E-01 -.15576     -.31151      256.79      382.02     -1022.5      1616.7      1950.7    
     5    60 -.38939E-01 -.11682     -.35045      252.65      707.14     -1246.6      1159.2      1843.3    
     5    61  0.0000     -.77878E-01 -.38939      249.59     -.23574E-01 -1030.1      359.14      1091.0    
     5    62 0.38939E-01 -.38939E-01 -.42833      247.34     -1.4470      1.4154     -160.90      160.91    
     5    63 0.77878E-01  0.0000     -.46727      249.65      629.03     0.37722E-02 -227.57      668.93    
     5    64 -.38939E-01 -.19469     -.27257      261.93      232.84      441.26      1519.3      1599.2    
     5    65  0.0000     -.15576     -.31151      258.91     0.11190E-01 -1303.5      1292.9      1836.0    
     5    66 0.38939E-01 -.11682     -.35045      252.65     -707.17     -1246.6      1159.2      1843.3    
     5    67 0.77878E-01 -.77878E-01 -.38939      248.13      245.71     -245.61      560.57      659.50    
     5    68 0.11682     -.38939E-01 -.42833      249.51      689.56      928.58      388.64      1220.2    
     5    69 0.15576      0.0000     -.46727      251.48     -143.96     0.28318E-01  293.06      326.51    
     5    70 0.19469     0.38939E-01 -.50621      249.61      99.587     -783.77      102.63      796.71    
     5    71 0.23363     0.77878E-01 -.54514      248.67      318.46     -365.73     0.18870E-01  484.95    
     5    72 0.27257     0.11682     -.58408      249.67      490.97      303.57     -233.26      622.59    
     5    73 0.38939E-01 -.19469     -.27257      261.93     -232.83      441.24      1519.3      1599.1    
     5    74 0.77878E-01 -.15576     -.31151      256.79     -382.08     -1022.5      1616.6      1950.6    
     5    75 0.11682     -.11682     -.35045      251.81      561.64     -561.72      1314.0      1535.5    
     5    76 0.15576     -.77878E-01 -.38939      251.08      791.80      425.67      1058.4      1388.6    
     5    77 0.19469     -.38939E-01 -.42833      251.08     -54.868      468.02      703.50      846.74    
     5    78 0.23363      0.0000     -.46727      250.21     -396.17     -.16158E-01 -8.1463      396.25    
     5    79 0.27257     0.38939E-01 -.50621      249.80     -.17016E-01 -250.19     -250.16      353.80    
     5    80 0.11682     -.19469     -.27257      261.49      108.46     -522.73      1503.9      1595.8    
     5    81 0.15576     -.15576     -.31151      257.55      666.14     -666.18      1563.2      1825.1    
     5    82 0.19469     -.11682     -.35045      255.16      687.38     -231.13      1455.3      1626.0    
     5    83 0.23363     -.77878E-01 -.38939      252.53     -187.39     -295.64      1046.2      1103.2    
     5    84 0.27257     -.38939E-01 -.42833      249.67     -491.00     -233.24      303.58      622.61    
     5    85 0.19469     -.19469     -.27257      262.83      429.20     -429.18      1141.3      1292.7    
     5    86 0.23363     -.15576     -.31151      260.10      232.62     -637.50      1324.8      1488.5    
     5    87 0.27257     -.11682     -.35045      255.40     -545.93     -936.56      1112.9      1553.6    
     5    88 0.27257     -.19469     -.27257      263.36     -586.31     -633.20      586.39      1043.3    
     5    89 0.38939E-01 -.11682     -.27257      258.88     -385.45     -1109.1      1765.7      2120.4    
     5    90 0.77878E-01 -.77878E-01 -.31151      252.76      438.53     -438.54      1673.7      1785.0    
     5    91 0.11682     -.38939E-01 -.35045      252.65      1246.6      707.12      1159.2      1843.3    
     5    92 0.15576      0.0000     -.38939      254.47      1196.4     -.27598E-01  788.17      1432.7    
     5    93 0.11682     -.11682     -.27257      258.62      517.60     -517.64      1888.1      2025.1    
     5    94 0.15576     -.77878E-01 -.31151      256.79      1022.4      382.06      1616.7      1950.6    
     5    95 0.19469     -.38939E-01 -.35045      255.61     -316.02      310.10      1421.5      1488.8    
     5    96 0.23363      0.0000     -.38939      251.95     -769.49     -.83175E-03  854.80      1150.1    
     5    97 0.27257     0.38939E-01 -.42833      249.67     -490.99      233.26      303.56      622.60    
     5    98 0.19469     -.11682     -.27257      261.49      522.73     -108.43      1503.9      1595.8    
     5    99 0.23363     -.77878E-01 -.31151      257.79     -644.31     -449.81      1420.0      1622.9    
     5   100 0.27257     -.38939E-01 -.35045      252.50     -906.97     -394.33      1018.4      1419.6    
     5   101 0.27257     -.11682     -.27257      260.12     -1035.1     -827.81      1035.1      1681.7    
     5   102 0.19469     -.38939E-01 -.27257      261.93     -441.23      232.77      1519.2      1599.0    
     5   103 0.23363      0.0000     -.31151      256.77     -1145.3     -.73583E-03  1378.9      1792.6    
     5   104 0.27257     -.38939E-01 -.27257      257.42     -1267.7     -383.72      1267.7      1833.4    
     6     1 -.27257     -.27257     -.27257      264.75     -.17846E-08 -.17846E-08  0.0000     0.25237E-08
     6     2 -.23363     -.23363     -.31151      264.56      20.180      20.180      263.62      265.16    
     6     3 -.19469     -.19469     -.35045      263.62     -117.10     -117.10      490.70      517.89    
     6     4 -.15576     -.15576     -.38939      261.52     -348.73     -348.73      590.19      769.13    
     6     5 -.11682     -.11682     -.42833      258.40     -591.41     -591.41      513.10      981.23    
     6     6 -.77878E-01 -.77878E-01 -.46727      254.62     -829.05     -829.05      264.17      1201.9    
     6     7 -.38939E-01 -.38939E-01 -.50621      250.87     -799.45     -799.45     -78.272      1133.3    
     6     8  0.0000      0.0000     -.54514      249.18     -.35691E-08 0.35691E-08 -.89228E-09 0.51257E-08
     6     9 -.19469     -.27257     -.27257      264.33     -133.04      106.55      106.57      201.02    
     6    10 -.15576     -.23363     -.31151      263.97     -246.16      224.43      448.35      558.55    
     6    11 -.11682     -.19469     -.35045      262.16     -552.31      67.681      779.18      957.47    
     6    12 -.77878E-01 -.15576     -.38939      258.91     -892.21     -97.947      851.37      1237.1    
     6    13 -.38939E-01 -.11682     -.42833      254.72     -1120.7     -315.32      716.21      1366.8    
     6    14  0.0000     -.77878E-01 -.46727      250.75      0.0000     -552.72      374.93      667.89    
     6    15 0.38939E-01 -.38939E-01 -.50621      250.87      799.45     -799.35     -78.392      1133.2    
     6    16 0.77878E-01  0.0000     -.54514      250.36      395.39     -.29654E-01 -.29323E-01  395.39    
     6    17 0.11682     0.38939E-01 -.58408      253.49      385.41      1158.3     -47.377      1221.6    
     6    18 0.15576     0.77878E-01 -.62302      256.72      214.63      1053.4     -241.31      1101.8    
     6    19 0.19469     0.11682     -.66196      259.65      59.662      837.81     -395.54      928.41    
     6    20 0.23363     0.15576     -.70090      261.96     -51.257      559.00     -425.04      704.11    
     6    21 0.27257     0.19469     -.73984      263.53     0.10523E-01  310.75     -310.72      439.45    
     6    22 -.11682     -.27257     -.27257      264.18      71.611      158.71      158.71      235.60    
     6    23 -.77878E-01 -.23363     -.31151      263.19     -91.059     -291.18      740.31      800.71    
     6    24 -.38939E-01 -.19469     -.35045      259.65     -535.36     -612.87      1058.8      1335.4    
     6    25  0.0000     -.15576     -.38939      254.74      0.0000      514.52      1286.0      1385.1    
     6    26 0.38939E-01 -.11682     -.42833      254.72      1120.7     -315.33      716.21      1366.8    
     6    27 0.77878E-01 -.77878E-01 -.46727      254.62      829.05     -829.11      264.24      1201.9    
     6    28 0.11682     -.38939E-01 -.50621      253.49      385.41     -1158.3      47.320      1221.6    
     6    29 0.15576      0.0000     -.54514      251.45      110.91     0.63042E-01 -.27238E-01  110.91    
     6    30 0.19469     0.38939E-01 -.58408      254.17      5.0846      1123.4     -208.74      1142.7    
     6    31 0.23363     0.77878E-01 -.62302      256.94     -30.200      916.89     -441.08      1017.9    
     6    32 0.27257     0.11682     -.66196      259.59     0.90760E-02  614.45     -614.45      868.97    
     6    33 -.38939E-01 -.27257     -.27257      264.61      84.671      186.96      186.95      277.62    
     6    34  0.0000     -.23363     -.31151      263.07     0.17846E-08 -613.55      896.65      1086.5    
     6    35 0.38939E-01 -.19469     -.35045      259.65      535.36     -612.83      1058.8      1335.4    
     6    36 0.77878E-01 -.15576     -.38939      258.91      892.21     -97.951      851.39      1237.1    
     6    37 0.11682     -.11682     -.42833      258.40      591.41     -591.45      513.11      981.26    
     6    38 0.15576     -.77878E-01 -.46727      256.72      214.63     -1053.4      241.30      1101.8    
     6    39 0.19469     -.38939E-01 -.50621      254.17      5.0846     -1123.5      208.68      1142.7    
     6    40 0.23363      0.0000     -.54514      251.54     -18.061     0.20222E-02 -.26698E-01  18.061    
     6    41 0.27257     0.38939E-01 -.58408      254.08     0.22837E-02  668.48     -668.44      945.35    
     6    42 0.38939E-01 -.27257     -.27257      264.61     -84.671      187.01      187.03      277.71    
     6    43 0.77878E-01 -.23363     -.31151      263.19      91.059     -291.19      740.36      800.76    
     6    44 0.11682     -.19469     -.35045      262.16      552.31      67.715      779.17      957.47    
     6    45 0.15576     -.15576     -.38939      261.52      348.73     -348.74      590.22      769.15    
     6    46 0.19469     -.11682     -.42833      259.65      59.662     -837.78      395.52      928.37    
     6    47 0.23363     -.77878E-01 -.46727      256.94     -30.200     -916.90      441.07      1017.9    
     6    48 0.27257     -.38939E-01 -.50621      254.08     0.22837E-02 -668.49      668.48      945.38    
     6    49 0.11682     -.27257     -.27257      264.18     -71.611      158.70      158.71      235.59    
     6    50 0.15576     -.23363     -.31151      263.97      246.16      224.43      448.38      558.58    
     6    51 0.19469     -.19469     -.35045      263.62      117.10     -117.09      490.70      517.89    
     6    52 0.23363     -.15576     -.38939      261.96     -51.257     -559.00      425.04      704.11    
     6    53 0.27257     -.11682     -.42833      259.59     0.90760E-02 -614.47      614.49      869.00    
     6    54 0.19469     -.27257     -.27257      264.33      133.04      106.48      106.48      200.94    
     6    55 0.23363     -.23363     -.31151      264.56     -20.180      20.188      263.62      265.16    
     6    56 0.27257     -.19469     -.35045      263.53     0.10523E-01 -310.82      310.75      439.52    
     6    57 0.27257     -.27257     -.27257      264.75      0.0000     0.35691E-08  0.0000     0.35691E-08
     6    58 -.11682     -.19469     -.27257      265.39     -267.49      570.55      691.08      935.24    
     6    59 -.77878E-01 -.15576     -.31151      263.43     -555.59      370.20      1236.9      1405.6    
     6    60 -.38939E-01 -.11682     -.35045      259.90     -594.53      321.98      1648.9      1782.1    
     6    61  0.0000     -.77878E-01 -.38939      255.73     -.36018E-02 -64.864      1971.2      1972.3    
     6    62 0.38939E-01 -.38939E-01 -.42833      252.19      913.57     -913.59      1208.0      1768.7    
     6    63 0.77878E-01  0.0000     -.46727      250.75      552.75     0.20196E-01  374.86      667.87    
     6    64 -.38939E-01 -.19469     -.27257      263.96     -341.02     -47.686      932.52      994.06    
     6    65  0.0000     -.15576     -.31151      261.19     -.17411E-01  954.85      1685.6      1937.3    
     6    66 0.38939E-01 -.11682     -.35045      259.90      594.52      321.96      1648.8      1782.1    
     6    67 0.77878E-01 -.77878E-01 -.38939      257.78      512.23     -512.19      1319.4      1505.2    
     6    68 0.11682     -.38939E-01 -.42833      254.72      315.35     -1120.7      716.22      1366.9    
     6    69 0.15576      0.0000     -.46727      252.35      610.00     0.29362E-01  301.10      680.27    
     6    70 0.19469     0.38939E-01 -.50621      254.17      5.0817      1123.5      208.74      1142.7    
     6    71 0.23363     0.77878E-01 -.54514      256.05     -258.58      1167.5     -.76534E-02  1195.8    
     6    72 0.27257     0.11682     -.58408      257.89     -408.82      1065.9     -198.12      1158.7    
     6    73 0.38939E-01 -.19469     -.27257      263.96      340.98     -47.769      932.52      994.06    
     6    74 0.77878E-01 -.15576     -.31151      263.43      555.61      370.20      1236.9      1405.6    
     6    75 0.11682     -.11682     -.35045      261.96      270.62     -270.63      1155.1      1216.8    
     6    76 0.15576     -.77878E-01 -.38939      258.91      97.955     -892.16      851.35      1237.1    
     6    77 0.19469     -.38939E-01 -.42833      255.96      421.49     -797.95      672.80      1125.6    
     6    78 0.23363      0.0000     -.46727      254.54      451.65     -.13576E-01  873.58      983.43    
     6    79 0.27257     0.38939E-01 -.50621      254.08     -.42587E-02  668.47      668.46      945.35    
     6    80 0.11682     -.19469     -.27257      265.39      267.49      570.53      691.11      935.25    
     6    81 0.15576     -.15576     -.31151      264.69      26.739     -26.713      859.64      860.47    
     6    82 0.19469     -.11682     -.35045      262.16     -67.675     -552.31      779.16      957.46    
     6    83 0.23363     -.77878E-01 -.38939      259.68      339.73     -452.17      844.27      1016.2    
     6    84 0.27257     -.38939E-01 -.42833      257.89      408.83     -198.14      1066.0      1158.8    
     6    85 0.19469     -.19469     -.27257      265.65     -184.55      184.54      403.09      480.20    
     6    86 0.23363     -.15576     -.31151      263.97     -224.42     -246.23      448.33      558.56    
     6    87 0.27257     -.11682     -.35045      262.43      151.86     -160.85      652.59      689.06    
     6    88 0.27257     -.19469     -.27257      264.33     -106.48     -133.05      106.49      200.95    
     6    89 0.38939E-01 -.11682     -.27257      266.85      155.49      756.73      1587.8      1765.8    
     6    90 0.77878E-01 -.77878E-01 -.31151      264.46     -68.672      68.665      1712.2      1715.0    
     6    91 0.11682     -.38939E-01 -.35045      259.90     -321.97     -594.55      1648.9      1782.1    
     6    92 0.15576      0.0000     -.38939      254.74     -514.56     0.29355E-02  1286.0      1385.1    
     6    93 0.11682     -.11682     -.27257      267.06     -156.73      156.73      1196.9      1217.2    
     6    94 0.15576     -.77878E-01 -.31151      263.43     -370.21     -555.61      1236.9      1405.6    
     6    95 0.19469     -.38939E-01 -.35045      259.65      612.88     -535.36      1058.8      1335.4    
     6    96 0.23363      0.0000     -.38939      258.71      791.25     -.11479E-01  1108.6      1362.0    
     6    97 0.27257     0.38939E-01 -.42833      257.89      408.83      198.12      1065.9      1158.7    
     6    98 0.19469     -.11682     -.27257      265.39     -570.51     -267.47      691.13      935.25    
     6    99 0.23363     -.77878E-01 -.31151      263.19      291.17     -91.048      740.32      800.72    
     6   100 0.27257     -.38939E-01 -.35045      262.19      341.85     0.19121      913.54      975.40    
     6   101 0.27257     -.11682     -.27257      264.18     -158.72      71.569      158.67      235.56    
     6   102 0.19469     -.38939E-01 -.27257      263.96      47.787     -341.05      932.46      994.03    
     6   103 0.23363      0.0000     -.31151      263.07      613.53     -.26705E-01  896.58      1086.4    
     6   104 0.27257     -.38939E-01 -.27257      264.61     -186.93      84.638      187.01      277.63    
