#  step     time     Kinetic/N      Potential/N      TotalE/N     cumul_Temperature     cumul_current(3)    
        1 0.1000000E-01 0.6463330E-03 0.2318634E-03 0.8781964E-03 0.4308887E-03 0.2783210E-05 0.3523210E-05 0.1064187E-04  4.992396    
       51 0.5200000     0.6482303E-03 0.2299661E-03 0.8781964E-03 0.4314919E-03 0.2806850E-05 0.3485714E-05 0.1071480E-04  4.992400    
      101  1.030000     0.6506239E-03 0.2275725E-03 0.8781964E-03 0.4322098E-03 0.2829446E-05 0.3451304E-05 0.1079028E-04  4.992406    
      151  1.540000     0.6534381E-03 0.2247583E-03 0.8781964E-03 0.4330293E-03 0.2851170E-05 0.3419993E-05 0.1086843E-04  4.977060    
      201  2.050000     0.6566058E-03 0.2215906E-03 0.8781964E-03 0.4339385E-03 0.2872204E-05 0.3391794E-05 0.1094940E-04  4.968362    
      251  2.560000     0.6600694E-03 0.2181269E-03 0.8781964E-03 0.4349268E-03 0.2892734E-05 0.3366714E-05 0.1103332E-04  4.985134    
      301  3.070000     0.6637820E-03 0.2144144E-03 0.8781964E-03 0.4359848E-03 0.2912952E-05 0.3344759E-05 0.1112037E-04  4.997198    
      351  3.580000     0.6677082E-03 0.2104881E-03 0.8781964E-03 0.4371045E-03 0.2933055E-05 0.3325932E-05 0.1121069E-04  5.005822    
      401  4.090000     0.6718257E-03 0.2063707E-03 0.8781964E-03 0.4382796E-03 0.2953240E-05 0.3310231E-05 0.1130444E-04  5.013742    
      451  4.600000     0.6761257E-03 0.2020707E-03 0.8781964E-03 0.4395053E-03 0.2973709E-05 0.3297651E-05 0.1140178E-04  5.007531    
      501  5.110000     0.6806148E-03 0.1975816E-03 0.8781964E-03 0.4407788E-03 0.2994661E-05 0.3288184E-05 0.1150288E-04  4.993903    
      551  5.620000     0.6853154E-03 0.1928810E-03 0.8781964E-03 0.4420991E-03 0.3016297E-05 0.3281819E-05 0.1160790E-04  4.976815    
      601  6.130000     0.6902668E-03 0.1879296E-03 0.8781964E-03 0.4434673E-03 0.3038814E-05 0.3278541E-05 0.1171699E-04  4.962454    
      651  6.640000     0.6955263E-03 0.1826701E-03 0.8781964E-03 0.4448867E-03 0.3062406E-05 0.3278331E-05 0.1183030E-04  4.942825    
      701  7.150000     0.7011694E-03 0.1770270E-03 0.8781964E-03 0.4463626E-03 0.3087259E-05 0.3281166E-05 0.1194799E-04  4.923512    
      751  7.660000     0.7072908E-03 0.1709056E-03 0.8781964E-03 0.4479029E-03 0.3113556E-05 0.3287023E-05 0.1207017E-04  4.905350    
      801  8.170000     0.7140043E-03 0.1641921E-03 0.8781964E-03 0.4495178E-03 0.3141469E-05 0.3295873E-05 0.1219699E-04  4.889438    
      851  8.680000     0.7214433E-03 0.1567530E-03 0.8781964E-03 0.4512199E-03 0.3171162E-05 0.3307684E-05 0.1232857E-04  4.872089    
      901  9.190000     0.7297606E-03 0.1484358E-03 0.8781964E-03 0.4530244E-03 0.3202787E-05 0.3322423E-05 0.1246501E-04  4.848180    
      951  9.700000     0.7391280E-03 0.1390684E-03 0.8781964E-03 0.4549489E-03 0.3236485E-05 0.3340052E-05 0.1260641E-04  4.830196    
     1001  10.21000     0.7497363E-03 0.1284601E-03 0.8781964E-03 0.4570136E-03 0.3272382E-05 0.3360533E-05 0.1275286E-04  4.813993    
     1051  10.72000     0.7617941E-03 0.1164023E-03 0.8781964E-03 0.4592412E-03 0.3310592E-05 0.3383824E-05 0.1290443E-04  4.799317    
     1101  11.23000     0.7755280E-03 0.1026685E-03 0.8781964E-03 0.4616568E-03 0.3351210E-05 0.3409881E-05 0.1306120E-04  4.785959    
     1151  11.74000     0.7911808E-03 0.8701566E-04 0.8781964E-03 0.4642880E-03 0.3394319E-05 0.3438660E-05 0.1322320E-04  4.773748    
     1201  12.25000     0.8090115E-03 0.6918495E-04 0.8781964E-03 0.4671647E-03 0.3439981E-05 0.3470114E-05 0.1339049E-04  4.762540    
     1251  12.76000     0.8292941E-03 0.4890238E-04 0.8781964E-03 0.4703194E-03 0.3488242E-05 0.3504194E-05 0.1356308E-04  4.753782    
     1301  13.27000     0.8523168E-03 0.2587966E-04 0.8781964E-03 0.4737863E-03 0.3539131E-05 0.3540850E-05 0.1374101E-04  4.746967    
     1351  13.78000     0.8783816E-03 -.1851465E-06 0.8781965E-03 0.4776024E-03 0.3592655E-05 0.3580032E-05 0.1392428E-04  4.742596    
     1401  14.29000     0.9078036E-03 -.2960717E-04 0.8781965E-03 0.4818063E-03 0.3648804E-05 0.3621685E-05 0.1411289E-04  4.738431    
     1451  14.80000     0.9409110E-03 -.6271450E-04 0.8781965E-03 0.4864389E-03 0.3707547E-05 0.3665758E-05 0.1430683E-04  4.735279    
     1501  15.31000     0.9780448E-03 -.9984829E-04 0.8781965E-03 0.4915431E-03 0.3768836E-05 0.3712194E-05 0.1450608E-04  4.732325    
     1551  15.82000     0.1019560E-02 -.1413631E-03 0.8781965E-03 0.4971636E-03 0.3832600E-05 0.3760935E-05 0.1471061E-04  4.729551    
     1601  16.33000     0.1065824E-02 -.1876278E-03 0.8781965E-03 0.5033472E-03 0.3898750E-05 0.3811923E-05 0.1492039E-04  4.725682    
     1651  16.84000     0.1117223E-02 -.2390269E-03 0.8781965E-03 0.5101425E-03 0.3967176E-05 0.3865097E-05 0.1513539E-04  4.718902    
     1701  17.35000     0.1174159E-02 -.2959621E-03 0.8781965E-03 0.5176002E-03 0.4037749E-05 0.3920391E-05 0.1535555E-04  4.712509    
     1751  17.86000     0.1238181E-02 -.5235396E-02 -.3997215E-02 0.5257779E-03 0.4107966E-05 0.3975378E-05 0.1558078E-04  4.705508    
     1801  18.37000     0.1311200E-02 -.1018388E-01 -.8872680E-02 0.5347700E-03 0.4176864E-05 0.4028063E-05 0.1580958E-04  4.697531    
     1851  18.88000     0.1394365E-02 -.1026704E-01 -.8872680E-02 0.5446890E-03 0.4246856E-05 0.4084097E-05 0.1604528E-04  4.690001    
     1901  19.39000     0.1485702E-02 -.1035838E-01 -.8872680E-02 0.5556167E-03 0.4317631E-05 0.4148805E-05 0.1629347E-04  4.681172    
     1951  19.90000     0.1585799E-02 -.1045848E-01 -.8872680E-02 0.5676203E-03 0.4389010E-05 0.4221439E-05 0.1655337E-04  4.672747    
     2001  20.41000     0.1695281E-02 -.1056796E-01 -.8872680E-02 0.5807703E-03 0.4460794E-05 0.4301292E-05 0.1682426E-04  4.664732    
     2051  20.92000     0.1814816E-02 -.1068750E-01 -.8872680E-02 0.5951409E-03 0.4532754E-05 0.4387694E-05 0.1710547E-04  4.657097    
     2101  21.43000     0.1949817E-02 -.2057334E-01 -.1862352E-01 0.6108297E-03 0.4604641E-05 0.4484604E-05 0.1740094E-04  4.647698    
     2151  21.94000     0.2101784E-02 -.2560078E-01 -.2349900E-01 0.6280294E-03 0.4675528E-05 0.4585128E-05 0.1770312E-04  4.637226    
     2201  22.45000     0.2273143E-02 -.3064757E-01 -.2837443E-01 0.6468938E-03 0.4739214E-05 0.4687400E-05 0.1799727E-04  4.627218    
     2251  22.96000     0.2464653E-02 -.4058999E-01 -.3812534E-01 0.6676037E-03 0.4801444E-05 0.4787267E-05 0.1829387E-04  4.618848    
     2301  23.47000     0.2678736E-02 -.4567952E-01 -.4300078E-01 0.6903585E-03 0.4847801E-05 0.4870133E-05 0.1859238E-04  4.608998    
     2351  23.98000     0.2918521E-02 -.5079473E-01 -.4787621E-01 0.7153620E-03 0.4891689E-05 0.4950261E-05 0.1889315E-04  4.598519    
     2401  24.49000     0.3182052E-02 -.5593369E-01 -.5275163E-01 0.7428161E-03 0.4936390E-05 0.5031232E-05 0.1919760E-04  4.588920    
     2451  25.00000     0.3475042E-02 -.6597757E-01 -.6250253E-01 0.7729325E-03 0.4980004E-05 0.5108659E-05 0.1950370E-04  4.582456    
     2501  25.50000     0.4694728E-01 0.2692029E-03 0.4721649E-01 0.3129819E-01 0.4669250E-04 0.2472007E-04 -.2920908E-04 0.1873665E-01
        1  25.52000     0.6461530E-03 0.2693507E-03 0.9155036E-03 0.4307686E-03 0.5484285E-05 0.2898617E-05 -.3425970E-05  4.128324    
       51  26.03000     0.6396485E-03 0.2758552E-03 0.9155036E-03 0.4285050E-03 0.5445301E-05 0.2820233E-05 -.3410103E-05  4.171567    
      101  26.54000     0.6349678E-03 0.2805359E-03 0.9155036E-03 0.4266390E-03 0.5405979E-05 0.2742803E-05 -.3397224E-05  4.189135    
      151  27.05000     0.6322465E-03 0.2832571E-03 0.9155036E-03 0.4251937E-03 0.5366347E-05 0.2666342E-05 -.3387379E-05  4.194007    
      201  27.56000     0.6316108E-03 0.2838929E-03 0.9155036E-03 0.4241909E-03 0.5326435E-05 0.2590845E-05 -.3380602E-05  4.197220    
      251  28.07000     0.6331752E-03 0.2823285E-03 0.9155036E-03 0.4236510E-03 0.5286262E-05 0.2516282E-05 -.3376921E-05  4.202217    
      301  28.58000     0.6370418E-03 0.2784619E-03 0.9155037E-03 0.4235929E-03 0.5245845E-05 0.2442601E-05 -.3376354E-05  4.240849    
      351  29.09000     0.6432992E-03 0.2722044E-03 0.9155037E-03 0.4240336E-03 0.5205191E-05 0.2369727E-05 -.3378913E-05  4.265476    
      401  29.60000     0.6520219E-03 0.2634817E-03 0.9155037E-03 0.4249887E-03 0.5164304E-05 0.2297564E-05 -.3384601E-05  4.277239    
      451  30.11000     0.6632701E-03 0.2522336E-03 0.9155037E-03 0.4264715E-03 0.5123177E-05 0.2225993E-05 -.3393417E-05  4.297063    
      501  30.62000     0.6770900E-03 0.2384137E-03 0.9155037E-03 0.4284938E-03 0.5081798E-05 0.2154875E-05 -.3405351E-05  4.325292    
      551  31.13000     0.6935147E-03 0.2219889E-03 0.9155037E-03 0.4310654E-03 0.5040147E-05 0.2084051E-05 -.3420389E-05  4.338590    
      601  31.64000     0.7125655E-03 0.2029382E-03 0.9155037E-03 0.4341942E-03 0.4998197E-05 0.2013345E-05 -.3438511E-05  4.346503    
      651  32.15000     0.7342530E-03 0.1812507E-03 0.9155037E-03 0.4378868E-03 0.4955914E-05 0.1942565E-05 -.3459694E-05  4.348362    
      701  32.66000     0.7585798E-03 0.1569239E-03 0.9155037E-03 0.4421478E-03 0.4913257E-05 0.1871504E-05 -.3483907E-05  4.354420    
      751  33.17000     0.7855427E-03 0.1299610E-03 0.9155037E-03 0.4469809E-03 0.4870181E-05 0.1799943E-05 -.3511118E-05  4.361610    
      801  33.68000     0.8151357E-03 0.1003680E-03 0.9155037E-03 0.4523885E-03 0.4826633E-05 0.1727653E-05 -.3541291E-05  4.367495    
      851  34.19000     0.8473534E-03 0.6815024E-04 0.9155037E-03 0.4583723E-03 0.4782559E-05 0.1654397E-05 -.3574385E-05  4.366925    
      901  34.70000     0.8821947E-03 0.3330892E-04 0.9155037E-03 0.4649333E-03 0.4737898E-05 0.1579932E-05 -.3610360E-05  4.367224    
      951  35.21000     0.9196668E-03 -.4163147E-05 0.9155037E-03 0.4720727E-03 0.4692591E-05 0.1504010E-05 -.3649169E-05  4.374494    
     1001  35.72000     0.9597894E-03 -.4428574E-04 0.9155037E-03 0.4797916E-03 0.4646573E-05 0.1426385E-05 -.3690769E-05  4.379629    
     1051  36.23000     0.1002599E-02 -.8709581E-04 0.9155037E-03 0.4880919E-03 0.4599783E-05 0.1346809E-05 -.3735113E-05  4.380822    
     1101  36.74000     0.1048156E-02 -.1326522E-03 0.9155037E-03 0.4969767E-03 0.4552159E-05 0.1265038E-05 -.3782153E-05  4.383123    
     1151  37.25000     0.1096544E-02 -.1810404E-03 0.9155037E-03 0.5064504E-03 0.4503640E-05 0.1180831E-05 -.3831842E-05  4.385208    
     1201  37.76000     0.1147882E-02 -.2323778E-03 0.9155037E-03 0.5165198E-03 0.4454172E-05 0.1093956E-05 -.3884136E-05  4.387104    
     1251  38.27000     0.1202322E-02 -.2868184E-03 0.9155037E-03 0.5271939E-03 0.4403704E-05 0.1004187E-05 -.3938989E-05  4.388833    
     1301  38.78000     0.1260061E-02 -.3445577E-03 0.9155037E-03 0.5384851E-03 0.4352191E-05 0.9113076E-06 -.3996360E-05  4.390415    
     1351  39.29000     0.1321341E-02 -.4058378E-03 0.9155037E-03 0.5504091E-03 0.4299596E-05 0.8151134E-06 -.4056210E-05  4.391755    
     1401  39.80000     0.1386456E-02 -.4709518E-03 0.9155037E-03 0.5629859E-03 0.4245891E-05 0.7154096E-06 -.4118503E-05  4.390743    
     1451  40.31000     0.1455753E-02 -.5402489E-03 0.9155037E-03 0.5762401E-03 0.4191058E-05 0.6120141E-06 -.4183208E-05  4.392068    
     1501  40.82000     0.1531107E-02 -.5491033E-02 -.3959926E-02 0.5902063E-03 0.4135120E-05 0.5036251E-06 -.4251381E-05  4.391951    
     1551  41.33000     0.1616047E-02 -.1045138E-01 -.8835334E-02 0.6049998E-03 0.4077045E-05 0.3870736E-06 -.4323587E-05  4.390721    
     1601  41.84000     0.1710289E-02 -.1054562E-01 -.8835334E-02 0.6207415E-03 0.4013118E-05 0.2602139E-06 -.4396776E-05  4.389695    
     1651  42.35000     0.1811281E-02 -.1064662E-01 -.8835334E-02 0.6375009E-03 0.3949944E-05 0.1291050E-06 -.4470924E-05  4.391430    
     1701  42.86000     0.1921637E-02 -.1563238E-01 -.1371074E-01 0.6553408E-03 0.3887621E-05 -.1492734E-07 -.4554541E-05  4.393316    
     1751  43.37000     0.2041387E-02 -.1575213E-01 -.1371074E-01 0.6743574E-03 0.3826475E-05 -.1725098E-06 -.4648126E-05  4.394287    
     1801  43.88000     0.2170671E-02 -.1588141E-01 -.1371074E-01 0.6946230E-03 0.3766543E-05 -.3407346E-06 -.4748660E-05  4.395189    
     1851  44.39000     0.2312011E-02 -.2089817E-01 -.1858616E-01 0.7162223E-03 0.3704977E-05 -.5189551E-06 -.4858496E-05  4.394079    
     1901  44.90000     0.2467964E-02 -.2105412E-01 -.1858616E-01 0.7393006E-03 0.3646242E-05 -.7057515E-06 -.4973792E-05  4.390955    
     1951  45.41000     0.2637259E-02 -.2609880E-01 -.2346154E-01 0.7639746E-03 0.3597548E-05 -.9002107E-06 -.5087411E-05  4.387978    
     2001  45.92000     0.2828164E-02 -.3116509E-01 -.2833693E-01 0.7904103E-03 0.3562838E-05 -.1097267E-05 -.5199811E-05  4.385136    
     2051  46.43000     0.3039842E-02 -.3137677E-01 -.2833693E-01 0.8188357E-03 0.3524021E-05 -.1314021E-05 -.5311419E-05  4.382420    
     2101  46.94000     0.3272160E-02 -.3648449E-01 -.3321233E-01 0.8494206E-03 0.3488557E-05 -.1542625E-05 -.5422900E-05  4.379820    
     2151  47.45000     0.3529179E-02 -.3674151E-01 -.3321233E-01 0.8823870E-03 0.3457310E-05 -.1781839E-05 -.5535251E-05  4.377327    
     2201  47.96000     0.3817393E-02 -.4678052E-01 -.4296313E-01 0.9179822E-03 0.3434130E-05 -.2033202E-05 -.5647095E-05  4.374935    
     2251  48.47000     0.4130843E-02 -.4709397E-01 -.4296313E-01 0.9564563E-03 0.3421295E-05 -.2293141E-05 -.5752762E-05  4.372636    
     2301  48.98000     0.4481796E-02 -.7182212E-01 -.6734032E-01 0.9980529E-03 0.3429576E-05 -.2555983E-05 -.5859621E-05  4.369851    
     2351  49.49000     0.4875087E-02 -.8196631E-01 -.7709122E-01 0.1043166E-02 0.3480268E-05 -.2826916E-05 -.5940552E-05  4.366083    
     2401  50.00000     0.5319336E-02 -.1165385     -.1112192     0.1092194E-02 0.3541457E-05 -.3112499E-05 -.6026065E-05  4.362459    
     2451  50.51000     0.5821779E-02 -.1219164     -.1160947     0.1145693E-02 0.3599098E-05 -.3407693E-05 -.6131949E-05  4.359033    
