    -0.4167
     0.2820
     0.4164
    -0.4763
     0.7353
    -0.9666
    -1.4605
    -2.0341
    -0.0015
    -0.2646
     1.3557
     0.0096
    -0.0400
     0.6704
    -1.1718
    -0.3858
    -0.9052
    -0.1719
    -0.4075
    -0.6160
    -0.3400
    -0.1523
     1.0382
     0.2436
    -0.1186
     1.2408
     0.4029
    -0.1977
     0.3654
     0.7276
     0.5239
    -0.7713
     0.3820
    -0.1571
     0.0808
     1.2241
    -0.4248
    -0.4947
    -0.7218
    -1.4208
     0.1895
    -0.5570
    -0.0871
     0.2489
     1.6978
     0.3386
     0.2337
     0.3465
     0.4325
    -0.2704
    -0.6272
     0.2795
     0.7611
     1.1308
    -0.7191
     0.4710
    -0.0300
     0.7910
     0.4771
     1.8013
    -0.4181
    -0.2162
     0.4728
     0.0462
    -1.0997
    -1.0333
     0.7012
     0.1103
    -0.4575
     0.4309
    -0.1959
     0.3919
     0.1789
    -0.6751
    -0.7544
    -0.1617
    -0.1082
    -0.3741
     0.4234
    -0.1603
     0.1093
    -0.2807
     0.2731
    -1.6311
    -0.7383
    -0.0660
    -0.3993
     0.5207
    -0.7154
    -0.4237
    -0.6967
    -0.5451
    -0.0335
     0.1393
    -0.3075
     0.1754
    -0.0103
    -0.3186
     0.1026
     0.0742
     0.6947
     0.0950
    -1.0694
    -0.4409
    -0.9010
     0.2956
    -0.7743
    -0.8297
     0.3115
     1.0401
     0.4222
    -0.5284
    -0.0677
    -0.5056
    -0.5965
     0.2962
     0.3513
     0.8027
     0.4674
     1.6055
    -0.1081
     0.3947
     0.7530
    -1.2486
    -0.0837
     0.1914
    -0.0738
    -0.0334
