  Crystal data: translation vectors of the primitive cell 
         0.0000000000         2.8077500000         2.8077500000
         2.8077500000         0.0000000000         2.8077500000
         2.8077500000         2.8077500000         0.0000000000
  Crystal data: atoms in primitive cell: label,type,x,y,z,mass 
           2
      1 Ge      1         0.0000000000         0.0000000000         0.0000000000        79.8000000000
      2 Ge      1         1.4038750000         1.4038750000         1.4038750000        79.8000000000
  Crystal data written ************************************
  Included ranks of FCs 
           1           1           1           1
  Number of FCs for each rank 
           0        2940       16590        7980
  Number of independent FCs for each rank 
           0          28          36          14
  Neighborshell atoms: i,x,y,z,type_tau,n1,n2,n3 
         124  124 
      1         0.0000000000         0.0000000000         0.0000000000      1      0      0      0    0.00000
      2         1.4038750000         1.4038750000         1.4038750000      2      0      0      0    2.43158
      3        -4.2116250000        -4.2116250000        -4.2116250000      2     -1     -1     -1    7.29475
      4        -2.8077500000        -2.8077500000        -5.6155000000      1     -1     -1      0    6.87755
      5        -1.4038750000        -1.4038750000        -4.2116250000      2     -1     -1      0    4.65613
      6         0.0000000000         0.0000000000        -5.6155000000      1     -1     -1      1    5.61550
      7         1.4038750000         1.4038750000        -4.2116250000      2     -1     -1      1    4.65613
      8        -2.8077500000        -5.6155000000        -2.8077500000      1     -1      0     -1    6.87755
      9        -1.4038750000        -4.2116250000        -1.4038750000      2     -1      0     -1    4.65613
     10         0.0000000000        -2.8077500000        -2.8077500000      1     -1      0      0    3.97076
     11         1.4038750000        -1.4038750000        -1.4038750000      2     -1      0      0    2.43158
     12         2.8077500000         0.0000000000        -2.8077500000      1     -1      0      1    3.97076
     13         4.2116250000         1.4038750000        -1.4038750000      2     -1      0      1    4.65613
     14         0.0000000000        -5.6155000000         0.0000000000      1     -1      1     -1    5.61550
     15         1.4038750000        -4.2116250000         1.4038750000      2     -1      1     -1    4.65613
     16         2.8077500000        -2.8077500000         0.0000000000      1     -1      1      0    3.97076
     17         4.2116250000        -1.4038750000         1.4038750000      2     -1      1      0    4.65613
     18         5.6155000000         0.0000000000         0.0000000000      1     -1      1      1    5.61550
     19         7.0193750000         1.4038750000         1.4038750000      2     -1      1      1    7.29475
     20        -5.6155000000        -2.8077500000        -2.8077500000      1      0     -1     -1    6.87755
     21        -4.2116250000        -1.4038750000        -1.4038750000      2      0     -1     -1    4.65613
     22        -2.8077500000         0.0000000000        -2.8077500000      1      0     -1      0    3.97076
     23        -1.4038750000         1.4038750000        -1.4038750000      2      0     -1      0    2.43158
     24         0.0000000000         2.8077500000        -2.8077500000      1      0     -1      1    3.97076
     25         1.4038750000         4.2116250000        -1.4038750000      2      0     -1      1    4.65613
     26        -2.8077500000        -2.8077500000         0.0000000000      1      0      0     -1    3.97076
     27        -1.4038750000        -1.4038750000         1.4038750000      2      0      0     -1    2.43158
     28         2.8077500000         2.8077500000         0.0000000000      1      0      0      1    3.97076
     29         4.2116250000         4.2116250000         1.4038750000      2      0      0      1    6.11935
     30         0.0000000000        -2.8077500000         2.8077500000      1      0      1     -1    3.97076
     31         1.4038750000        -1.4038750000         4.2116250000      2      0      1     -1    4.65613
     32         2.8077500000         0.0000000000         2.8077500000      1      0      1      0    3.97076
     33         4.2116250000         1.4038750000         4.2116250000      2      0      1      0    6.11935
     34         5.6155000000         2.8077500000         2.8077500000      1      0      1      1    6.87755
     35        -5.6155000000         0.0000000000         0.0000000000      1      1     -1     -1    5.61550
     36        -4.2116250000         1.4038750000         1.4038750000      2      1     -1     -1    4.65613
     37        -2.8077500000         2.8077500000         0.0000000000      1      1     -1      0    3.97076
     38        -1.4038750000         4.2116250000         1.4038750000      2      1     -1      0    4.65613
     39         0.0000000000         5.6155000000         0.0000000000      1      1     -1      1    5.61550
     40         1.4038750000         7.0193750000         1.4038750000      2      1     -1      1    7.29475
     41        -2.8077500000         0.0000000000         2.8077500000      1      1      0     -1    3.97076
     42        -1.4038750000         1.4038750000         4.2116250000      2      1      0     -1    4.65613
     43         0.0000000000         2.8077500000         2.8077500000      1      1      0      0    3.97076
     44         1.4038750000         4.2116250000         4.2116250000      2      1      0      0    6.11935
     45         2.8077500000         5.6155000000         2.8077500000      1      1      0      1    6.87755
     46         0.0000000000         0.0000000000         5.6155000000      1      1      1     -1    5.61550
     47         1.4038750000         1.4038750000         7.0193750000      2      1      1     -1    7.29475
     48         2.8077500000         2.8077500000         5.6155000000      1      1      1      0    6.87755
     49         1.4038750000        -1.4038750000        -7.0193750000      2     -2     -1      1    7.29475
     50         0.0000000000        -5.6155000000        -5.6155000000      1     -2      0      0    7.94152
     51         1.4038750000        -4.2116250000        -4.2116250000      2     -2      0      0    6.11935
     52         2.8077500000        -2.8077500000        -5.6155000000      1     -2      0      1    6.87755
     53         4.2116250000        -1.4038750000        -4.2116250000      2     -2      0      1    6.11935
     54         5.6155000000         0.0000000000        -5.6155000000      1     -2      0      2    7.94152
     55         1.4038750000        -7.0193750000        -1.4038750000      2     -2      1     -1    7.29475
     56         2.8077500000        -5.6155000000        -2.8077500000      1     -2      1      0    6.87755
     57         4.2116250000        -4.2116250000        -1.4038750000      2     -2      1      0    6.11935
     58         5.6155000000        -2.8077500000        -2.8077500000      1     -2      1      1    6.87755
     59         7.0193750000        -1.4038750000        -1.4038750000      2     -2      1      1    7.29475
     60         5.6155000000        -5.6155000000         0.0000000000      1     -2      2      0    7.94152
     61        -1.4038750000         1.4038750000        -7.0193750000      2     -1     -2      1    7.29475
     62         2.8077500000         2.8077500000        -5.6155000000      1     -1     -1      2    6.87755
     63         4.2116250000         4.2116250000        -4.2116250000      2     -1     -1      2    7.29475
     64         5.6155000000         2.8077500000        -2.8077500000      1     -1      0      2    6.87755
     65        -1.4038750000        -7.0193750000         1.4038750000      2     -1      1     -2    7.29475
     66         2.8077500000        -5.6155000000         2.8077500000      1     -1      2     -1    6.87755
     67         4.2116250000        -4.2116250000         4.2116250000      2     -1      2     -1    7.29475
     68         5.6155000000        -2.8077500000         2.8077500000      1     -1      2      0    6.87755
     69        -5.6155000000         0.0000000000        -5.6155000000      1      0     -2      0    7.94152
     70        -4.2116250000         1.4038750000        -4.2116250000      2      0     -2      0    6.11935
     71        -2.8077500000         2.8077500000        -5.6155000000      1      0     -2      1    6.87755
     72        -1.4038750000         4.2116250000        -4.2116250000      2      0     -2      1    6.11935
     73         0.0000000000         5.6155000000        -5.6155000000      1      0     -2      2    7.94152
     74         2.8077500000         5.6155000000        -2.8077500000      1      0     -1      2    6.87755
     75        -5.6155000000        -5.6155000000         0.0000000000      1      0      0     -2    7.94152
     76        -4.2116250000        -4.2116250000         1.4038750000      2      0      0     -2    6.11935
     77         5.6155000000         5.6155000000         0.0000000000      1      0      0      2    7.94152
     78        -2.8077500000        -5.6155000000         2.8077500000      1      0      1     -2    6.87755
     79        -1.4038750000        -4.2116250000         4.2116250000      2      0      1     -2    6.11935
     80         0.0000000000        -5.6155000000         5.6155000000      1      0      2     -2    7.94152
     81         2.8077500000        -2.8077500000         5.6155000000      1      0      2     -1    6.87755
     82         5.6155000000         0.0000000000         5.6155000000      1      0      2      0    7.94152
     83        -7.0193750000         1.4038750000        -1.4038750000      2      1     -2     -1    7.29475
     84        -5.6155000000         2.8077500000        -2.8077500000      1      1     -2      0    6.87755
     85        -4.2116250000         4.2116250000        -1.4038750000      2      1     -2      0    6.11935
     86        -2.8077500000         5.6155000000        -2.8077500000      1      1     -2      1    6.87755
     87        -1.4038750000         7.0193750000        -1.4038750000      2      1     -2      1    7.29475
     88        -7.0193750000        -1.4038750000         1.4038750000      2      1     -1     -2    7.29475
     89        -5.6155000000        -2.8077500000         2.8077500000      1      1      0     -2    6.87755
     90        -4.2116250000        -1.4038750000         4.2116250000      2      1      0     -2    6.11935
     91        -2.8077500000        -2.8077500000         5.6155000000      1      1      1     -2    6.87755
     92        -1.4038750000        -1.4038750000         7.0193750000      2      1      1     -2    7.29475
     93        -5.6155000000         5.6155000000         0.0000000000      1      2     -2      0    7.94152
     94        -5.6155000000         2.8077500000         2.8077500000      1      2     -1     -1    6.87755
     95        -4.2116250000         4.2116250000         4.2116250000      2      2     -1     -1    7.29475
     96        -2.8077500000         5.6155000000         2.8077500000      1      2     -1      0    6.87755
     97        -5.6155000000         0.0000000000         5.6155000000      1      2      0     -2    7.94152
     98        -2.8077500000         2.8077500000         5.6155000000      1      2      0     -1    6.87755
     99         0.0000000000         5.6155000000         5.6155000000      1      2      0      0    7.94152
    100         7.0193750000         4.2116250000         4.2116250000      2      0      1      1    9.20582
    101         4.2116250000         7.0193750000         4.2116250000      2      1      0      1    9.20582
    102         4.2116250000         4.2116250000         7.0193750000      2      1      1      0    9.20582
    103         5.6155000000         5.6155000000         5.6155000000      1      1      1      1    9.72633
    104         7.0193750000         1.4038750000        -4.2116250000      2     -2      0      2    8.30544
    105         7.0193750000        -4.2116250000         1.4038750000      2     -2      2      0    8.30544
    106         7.0193750000         4.2116250000        -1.4038750000      2     -1      0      2    8.30544
    107         8.4232500000         2.8077500000         0.0000000000      1     -1      1      2    8.87889
    108         7.0193750000        -1.4038750000         4.2116250000      2     -1      2      0    8.30544
    109         8.4232500000         0.0000000000         2.8077500000      1     -1      2      1    8.87889
    110         1.4038750000         7.0193750000        -4.2116250000      2      0     -2      2    8.30544
    111         4.2116250000         7.0193750000        -1.4038750000      2      0     -1      2    8.30544
    112         7.0193750000         7.0193750000         1.4038750000      2      0      0      2   10.02567
    113         1.4038750000        -4.2116250000         7.0193750000      2      0      2     -2    8.30544
    114         4.2116250000        -1.4038750000         7.0193750000      2      0      2     -1    8.30544
    115         7.0193750000         1.4038750000         7.0193750000      2      0      2      0   10.02567
    116         2.8077500000         8.4232500000         0.0000000000      1      1     -1      2    8.87889
    117         2.8077500000         0.0000000000         8.4232500000      1      1      2     -1    8.87889
    118        -4.2116250000         7.0193750000         1.4038750000      2      2     -2      0    8.30544
    119        -1.4038750000         7.0193750000         4.2116250000      2      2     -1      0    8.30544
    120         0.0000000000         8.4232500000         2.8077500000      1      2     -1      1    8.87889
    121        -4.2116250000         1.4038750000         7.0193750000      2      2      0     -2    8.30544
    122        -1.4038750000         4.2116250000         7.0193750000      2      2      0     -1    8.30544
    123         1.4038750000         7.0193750000         7.0193750000      2      2      0      0   10.02567
    124         0.0000000000         2.8077500000         8.4232500000      1      2      1     -1    8.87889
