 STARTING TIME OF THE ANFOMOD PROGRAM IS    0.0052
 # of atom types=           1
 # of ensembles =           2
 relaxation time=           0
 delta t for MD =   1.0000000000000000E-002
 avg-temperature=   5.0000000000000000     
 disp amplitude =  0.10000000000000001     
 # of FFT steps =          50
 potential flag =           2
 tolerance for= =   1.0000000000000000E-003
 en,xv,jQ period=          50          50          50
 seed, damp_rate=       49583  0.10000000000000001     
Crystal                                                                         
Included                                                                        
           1           1           1           1
Number                                                                          
           0        2940       16590        7980
Number                                                                          
           0          28          36          14
Neighborshell                                                                   
         124         124
 ******** READ NEIGHBOR-SHELL COORDINATES ARE *********
  i ,    equilibrium positions        ,         tau , n1 , n2 , n3 
     1  0.000      0.000      0.000              1    0    0    0
     2  1.404      1.404      1.404              2    0    0    0
     3 -4.212     -4.212     -4.212              2   -1   -1   -1
     4 -2.808     -2.808     -5.615              1   -1   -1    0
     5 -1.404     -1.404     -4.212              2   -1   -1    0
     6  0.000      0.000     -5.615              1   -1   -1    1
     7  1.404      1.404     -4.212              2   -1   -1    1
     8 -2.808     -5.615     -2.808              1   -1    0   -1
     9 -1.404     -4.212     -1.404              2   -1    0   -1
    10  0.000     -2.808     -2.808              1   -1    0    0
    11  1.404     -1.404     -1.404              2   -1    0    0
    12  2.808      0.000     -2.808              1   -1    0    1
    13  4.212      1.404     -1.404              2   -1    0    1
    14  0.000     -5.615      0.000              1   -1    1   -1
    15  1.404     -4.212      1.404              2   -1    1   -1
    16  2.808     -2.808      0.000              1   -1    1    0
    17  4.212     -1.404      1.404              2   -1    1    0
    18  5.615      0.000      0.000              1   -1    1    1
    19  7.019      1.404      1.404              2   -1    1    1
    20 -5.615     -2.808     -2.808              1    0   -1   -1
    21 -4.212     -1.404     -1.404              2    0   -1   -1
    22 -2.808      0.000     -2.808              1    0   -1    0
    23 -1.404      1.404     -1.404              2    0   -1    0
    24  0.000      2.808     -2.808              1    0   -1    1
    25  1.404      4.212     -1.404              2    0   -1    1
    26 -2.808     -2.808      0.000              1    0    0   -1
    27 -1.404     -1.404      1.404              2    0    0   -1
    28  2.808      2.808      0.000              1    0    0    1
    29  4.212      4.212      1.404              2    0    0    1
    30  0.000     -2.808      2.808              1    0    1   -1
    31  1.404     -1.404      4.212              2    0    1   -1
    32  2.808      0.000      2.808              1    0    1    0
    33  4.212      1.404      4.212              2    0    1    0
    34  5.615      2.808      2.808              1    0    1    1
    35 -5.615      0.000      0.000              1    1   -1   -1
    36 -4.212      1.404      1.404              2    1   -1   -1
    37 -2.808      2.808      0.000              1    1   -1    0
    38 -1.404      4.212      1.404              2    1   -1    0
    39  0.000      5.615      0.000              1    1   -1    1
    40  1.404      7.019      1.404              2    1   -1    1
    41 -2.808      0.000      2.808              1    1    0   -1
    42 -1.404      1.404      4.212              2    1    0   -1
    43  0.000      2.808      2.808              1    1    0    0
    44  1.404      4.212      4.212              2    1    0    0
    45  2.808      5.615      2.808              1    1    0    1
    46  0.000      0.000      5.615              1    1    1   -1
    47  1.404      1.404      7.019              2    1    1   -1
    48  2.808      2.808      5.615              1    1    1    0
    49  1.404     -1.404     -7.019              2   -2   -1    1
    50  0.000     -5.615     -5.615              1   -2    0    0
    51  1.404     -4.212     -4.212              2   -2    0    0
    52  2.808     -2.808     -5.615              1   -2    0    1
    53  4.212     -1.404     -4.212              2   -2    0    1
    54  5.615      0.000     -5.615              1   -2    0    2
    55  1.404     -7.019     -1.404              2   -2    1   -1
    56  2.808     -5.615     -2.808              1   -2    1    0
    57  4.212     -4.212     -1.404              2   -2    1    0
    58  5.615     -2.808     -2.808              1   -2    1    1
    59  7.019     -1.404     -1.404              2   -2    1    1
    60  5.615     -5.615      0.000              1   -2    2    0
    61 -1.404      1.404     -7.019              2   -1   -2    1
    62  2.808      2.808     -5.615              1   -1   -1    2
    63  4.212      4.212     -4.212              2   -1   -1    2
    64  5.615      2.808     -2.808              1   -1    0    2
    65 -1.404     -7.019      1.404              2   -1    1   -2
    66  2.808     -5.615      2.808              1   -1    2   -1
    67  4.212     -4.212      4.212              2   -1    2   -1
    68  5.615     -2.808      2.808              1   -1    2    0
    69 -5.615      0.000     -5.615              1    0   -2    0
    70 -4.212      1.404     -4.212              2    0   -2    0
    71 -2.808      2.808     -5.615              1    0   -2    1
    72 -1.404      4.212     -4.212              2    0   -2    1
    73  0.000      5.615     -5.615              1    0   -2    2
    74  2.808      5.615     -2.808              1    0   -1    2
    75 -5.615     -5.615      0.000              1    0    0   -2
    76 -4.212     -4.212      1.404              2    0    0   -2
    77  5.615      5.615      0.000              1    0    0    2
    78 -2.808     -5.615      2.808              1    0    1   -2
    79 -1.404     -4.212      4.212              2    0    1   -2
    80  0.000     -5.615      5.615              1    0    2   -2
    81  2.808     -2.808      5.615              1    0    2   -1
    82  5.615      0.000      5.615              1    0    2    0
    83 -7.019      1.404     -1.404              2    1   -2   -1
    84 -5.615      2.808     -2.808              1    1   -2    0
    85 -4.212      4.212     -1.404              2    1   -2    0
    86 -2.808      5.615     -2.808              1    1   -2    1
    87 -1.404      7.019     -1.404              2    1   -2    1
    88 -7.019     -1.404      1.404              2    1   -1   -2
    89 -5.615     -2.808      2.808              1    1    0   -2
    90 -4.212     -1.404      4.212              2    1    0   -2
    91 -2.808     -2.808      5.615              1    1    1   -2
    92 -1.404     -1.404      7.019              2    1    1   -2
    93 -5.615      5.615      0.000              1    2   -2    0
    94 -5.615      2.808      2.808              1    2   -1   -1
    95 -4.212      4.212      4.212              2    2   -1   -1
    96 -2.808      5.615      2.808              1    2   -1    0
    97 -5.615      0.000      5.615              1    2    0   -2
    98 -2.808      2.808      5.615              1    2    0   -1
    99  0.000      5.615      5.615              1    2    0    0
   100  7.019      4.212      4.212              2    0    1    1
   101  4.212      7.019      4.212              2    1    0    1
   102  4.212      4.212      7.019              2    1    1    0
   103  5.615      5.615      5.615              1    1    1    1
   104  7.019      1.404     -4.212              2   -2    0    2
   105  7.019     -4.212      1.404              2   -2    2    0
   106  7.019      4.212     -1.404              2   -1    0    2
   107  8.423      2.808      0.000              1   -1    1    2
   108  7.019     -1.404      4.212              2   -1    2    0
   109  8.423      0.000      2.808              1   -1    2    1
   110  1.404      7.019     -4.212              2    0   -2    2
   111  4.212      7.019     -1.404              2    0   -1    2
   112  7.019      7.019      1.404              2    0    0    2
   113  1.404     -4.212      7.019              2    0    2   -2
   114  4.212     -1.404      7.019              2    0    2   -1
   115  7.019      1.404      7.019              2    0    2    0
   116  2.808      8.423      0.000              1    1   -1    2
   117  2.808      0.000      8.423              1    1    2   -1
   118 -4.212      7.019      1.404              2    2   -2    0
   119 -1.404      7.019      4.212              2    2   -1    0
   120  0.000      8.423      2.808              1    2   -1    1
   121 -4.212      1.404      7.019              2    2    0   -2
   122 -1.404      4.212      7.019              2    2    0   -1
   123  1.404      7.019      7.019              2    2    0    0
   124  0.000      2.808      8.423              1    2    1   -1
 TIME after reading the FCs IS    0.0065
 OPENING the supercell coordinates file in POSCAR format ... reading the data
  poscar created by program lattice.f90                                                   
rs1 is=   0.00000       11.2310       11.2310    
rs2 is=   11.2310       0.00000       11.2310    
rs3 is=   11.2310       11.2310       0.00000    
  Volume of supercell is   =   2833.2524787820003     
  box length in 1st direction=   15.883032519012231     
  box length in 2nd direction=   15.883032519012231     
  box length in 3rd direction=   15.883032519012231     
  number of different elements and number of atoms of each type
           1         128
  total number of atoms in the supercell=          128
 translation vectors of the supercell are
      0.0000     11.2310     11.2310
     11.2310      0.0000     11.2310
     11.2310     11.2310      0.0000
  supercell coordinates read successfully and closed
  ----------------------------------------------------------
  CHECKING the commensurability between primcell and supercell
checking rs1 in units of r0s,ier=     4.000     0.000     0.000  0
checking rs2 in units of r0s,ier=     0.000     4.000     0.000  0
checking rs3 in units of r0s,ier=     0.000     0.000     4.000  0
  COMMENSURABILITY CHECKED ---------------------------------
 FINDING possible translation vectors, trying them on other atoms
  atoms            1  in prim, and            1  in sc were matched,i=           1
  atoms            2  in prim, and            2  in sc were matched,i=           1
  tau matched all atoms of the primitive cell 
 THE subtraction vector shift0 in red units    0.0000000000000000        0.0000000000000000        0.0000000000000000     
 The shifted (cartesian) positions in the prim cell are now:
 i,shifted position            1   0.0000000000000000        0.0000000000000000        0.0000000000000000     
 i,shifted position            2   1.4038750000000000        1.4038750000000000        1.4038750000000000     
 SC: i,    equilibrium position     ,  mass  , tau ,     n
     1  0.00000      0.00000      0.00000      72.6400        1    0    0    0
     2  1.40387      1.40387      1.40387      72.6400        2    0    0    0
     3  2.80775      2.80775      0.00000      72.6400        1    0    0    1
     4  4.21162      4.21162      1.40387      72.6400        2    0    0    1
     5  5.61550      5.61550      0.00000      72.6400        1    0    0    2
     6  7.01938      7.01938      1.40387      72.6400        2    0    0    2
     7  8.42325      8.42325      0.00000      72.6400        1    0    0    3
     8  9.82713      9.82713      1.40387      72.6400        2    0    0    3
     9  2.80775      0.00000      2.80775      72.6400        1    0    1    0
    10  4.21162      1.40387      4.21162      72.6400        2    0    1    0
    11  5.61550      2.80775      2.80775      72.6400        1    0    1    1
    12  7.01938      4.21162      4.21162      72.6400        2    0    1    1
    13  8.42325      5.61550      2.80775      72.6400        1    0    1    2
    14  9.82713      7.01938      4.21162      72.6400        2    0    1    2
    15  11.2310      8.42325      2.80775      72.6400        1    0    1    3
    16  12.6349      9.82713      4.21162      72.6400        2    0    1    3
    17  5.61550      0.00000      5.61550      72.6400        1    0    2    0
    18  7.01938      1.40387      7.01938      72.6400        2    0    2    0
    19  8.42325      2.80775      5.61550      72.6400        1    0    2    1
    20  9.82713      4.21162      7.01938      72.6400        2    0    2    1
    21  11.2310      5.61550      5.61550      72.6400        1    0    2    2
    22  12.6349      7.01938      7.01938      72.6400        2    0    2    2
    23  14.0388      8.42325      5.61550      72.6400        1    0    2    3
    24  15.4426      9.82713      7.01938      72.6400        2    0    2    3
    25  8.42325      0.00000      8.42325      72.6400        1    0    3    0
    26  9.82713      1.40387      9.82713      72.6400        2    0    3    0
    27  11.2310      2.80775      8.42325      72.6400        1    0    3    1
    28  12.6349      4.21162      9.82713      72.6400        2    0    3    1
    29  14.0388      5.61550      8.42325      72.6400        1    0    3    2
    30  15.4426      7.01938      9.82713      72.6400        2    0    3    2
    31  16.8465      8.42325      8.42325      72.6400        1    0    3    3
    32  18.2504      9.82713      9.82713      72.6400        2    0    3    3
    33  0.00000      2.80775      2.80775      72.6400        1    1    0    0
    34  1.40387      4.21162      4.21162      72.6400        2    1    0    0
    35  2.80775      5.61550      2.80775      72.6400        1    1    0    1
    36  4.21162      7.01938      4.21162      72.6400        2    1    0    1
    37  5.61550      8.42325      2.80775      72.6400        1    1    0    2
    38  7.01938      9.82713      4.21162      72.6400        2    1    0    2
    39  8.42325      11.2310      2.80775      72.6400        1    1    0    3
    40  9.82713      12.6349      4.21162      72.6400        2    1    0    3
    41  2.80775      2.80775      5.61550      72.6400        1    1    1    0
    42  4.21162      4.21162      7.01938      72.6400        2    1    1    0
    43  5.61550      5.61550      5.61550      72.6400        1    1    1    1
    44  7.01938      7.01938      7.01938      72.6400        2    1    1    1
    45  8.42325      8.42325      5.61550      72.6400        1    1    1    2
    46  9.82713      9.82713      7.01938      72.6400        2    1    1    2
    47  11.2310      11.2310      5.61550      72.6400        1    1    1    3
    48  12.6349      12.6349      7.01938      72.6400        2    1    1    3
    49  5.61550      2.80775      8.42325      72.6400        1    1    2    0
    50  7.01938      4.21162      9.82713      72.6400        2    1    2    0
    51  8.42325      5.61550      8.42325      72.6400        1    1    2    1
    52  9.82713      7.01938      9.82713      72.6400        2    1    2    1
    53  11.2310      8.42325      8.42325      72.6400        1    1    2    2
    54  12.6349      9.82713      9.82713      72.6400        2    1    2    2
    55  14.0388      11.2310      8.42325      72.6400        1    1    2    3
    56  15.4426      12.6349      9.82713      72.6400        2    1    2    3
    57  8.42325      2.80775      11.2310      72.6400        1    1    3    0
    58  9.82713      4.21162      12.6349      72.6400        2    1    3    0
    59  11.2310      5.61550      11.2310      72.6400        1    1    3    1
    60  12.6349      7.01938      12.6349      72.6400        2    1    3    1
    61  14.0388      8.42325      11.2310      72.6400        1    1    3    2
    62  15.4426      9.82713      12.6349      72.6400        2    1    3    2
    63  16.8465      11.2310      11.2310      72.6400        1    1    3    3
    64  18.2504      12.6349      12.6349      72.6400        2    1    3    3
    65  0.00000      5.61550      5.61550      72.6400        1    2    0    0
    66  1.40387      7.01938      7.01938      72.6400        2    2    0    0
    67  2.80775      8.42325      5.61550      72.6400        1    2    0    1
    68  4.21162      9.82713      7.01938      72.6400        2    2    0    1
    69  5.61550      11.2310      5.61550      72.6400        1    2    0    2
    70  7.01938      12.6349      7.01938      72.6400        2    2    0    2
    71  8.42325      14.0388      5.61550      72.6400        1    2    0    3
    72  9.82713      15.4426      7.01938      72.6400        2    2    0    3
    73  2.80775      5.61550      8.42325      72.6400        1    2    1    0
    74  4.21162      7.01938      9.82713      72.6400        2    2    1    0
    75  5.61550      8.42325      8.42325      72.6400        1    2    1    1
    76  7.01938      9.82713      9.82713      72.6400        2    2    1    1
    77  8.42325      11.2310      8.42325      72.6400        1    2    1    2
    78  9.82713      12.6349      9.82713      72.6400        2    2    1    2
    79  11.2310      14.0388      8.42325      72.6400        1    2    1    3
    80  12.6349      15.4426      9.82713      72.6400        2    2    1    3
    81  5.61550      5.61550      11.2310      72.6400        1    2    2    0
    82  7.01938      7.01938      12.6349      72.6400        2    2    2    0
    83  8.42325      8.42325      11.2310      72.6400        1    2    2    1
    84  9.82713      9.82713      12.6349      72.6400        2    2    2    1
    85  11.2310      11.2310      11.2310      72.6400        1    2    2    2
    86  12.6349      12.6349      12.6349      72.6400        2    2    2    2
    87  14.0388      14.0388      11.2310      72.6400        1    2    2    3
    88  15.4426      15.4426      12.6349      72.6400        2    2    2    3
    89  8.42325      5.61550      14.0388      72.6400        1    2    3    0
    90  9.82713      7.01938      15.4426      72.6400        2    2    3    0
    91  11.2310      8.42325      14.0388      72.6400        1    2    3    1
    92  12.6349      9.82713      15.4426      72.6400        2    2    3    1
    93  14.0388      11.2310      14.0388      72.6400        1    2    3    2
    94  15.4426      12.6349      15.4426      72.6400        2    2    3    2
    95  16.8465      14.0388      14.0388      72.6400        1    2    3    3
    96  18.2504      15.4426      15.4426      72.6400        2    2    3    3
    97  0.00000      8.42325      8.42325      72.6400        1    3    0    0
    98  1.40387      9.82713      9.82713      72.6400        2    3    0    0
    99  2.80775      11.2310      8.42325      72.6400        1    3    0    1
   100  4.21162      12.6349      9.82713      72.6400        2    3    0    1
   101  5.61550      14.0388      8.42325      72.6400        1    3    0    2
   102  7.01938      15.4426      9.82713      72.6400        2    3    0    2
   103  8.42325      16.8465      8.42325      72.6400        1    3    0    3
   104  9.82713      18.2504      9.82713      72.6400        2    3    0    3
   105  2.80775      8.42325      11.2310      72.6400        1    3    1    0
   106  4.21162      9.82713      12.6349      72.6400        2    3    1    0
   107  5.61550      11.2310      11.2310      72.6400        1    3    1    1
   108  7.01938      12.6349      12.6349      72.6400        2    3    1    1
   109  8.42325      14.0388      11.2310      72.6400        1    3    1    2
   110  9.82713      15.4426      12.6349      72.6400        2    3    1    2
   111  11.2310      16.8465      11.2310      72.6400        1    3    1    3
   112  12.6349      18.2504      12.6349      72.6400        2    3    1    3
   113  5.61550      8.42325      14.0388      72.6400        1    3    2    0
   114  7.01938      9.82713      15.4426      72.6400        2    3    2    0
   115  8.42325      11.2310      14.0388      72.6400        1    3    2    1
   116  9.82713      12.6349      15.4426      72.6400        2    3    2    1
   117  11.2310      14.0388      14.0388      72.6400        1    3    2    2
   118  12.6349      15.4426      15.4426      72.6400        2    3    2    2
   119  14.0388      16.8465      14.0388      72.6400        1    3    2    3
   120  15.4426      18.2504      15.4426      72.6400        2    3    2    3
   121  8.42325      8.42325      16.8465      72.6400        1    3    3    0
   122  9.82713      9.82713      18.2504      72.6400        2    3    3    0
   123  11.2310      11.2310      16.8465      72.6400        1    3    3    1
   124  12.6349      12.6349      18.2504      72.6400        2    3    3    1
   125  14.0388      14.0388      16.8465      72.6400        1    3    3    2
   126  15.4426      15.4426      18.2504      72.6400        2    3    3    2
   127  16.8465      16.8465      16.8465      72.6400        1    3    3    3
   128  18.2504      18.2504      18.2504      72.6400        2    3    3    3
 *******************************************************
 SINCE THE PROGRAM WAS NOT STOPPED, MAPPING-CHECK PASSED!
 *******************************************************
LJ0: natom,potential parameters: sigma, eps, rcut=   128  2.43      5.10      3.75    
LJ0: i,force(i)=     1 0.250E-15 0.250E-15 0.278E-15
LJ0: i,force(i)=     2 -.833E-16 -.833E-16 -.555E-16
LJ0: i,force(i)=     3 0.305E-15 0.305E-15 -.178E-14
LJ0: i,force(i)=     4 -.833E-16 -.833E-16 0.111E-15
LJ0: i,force(i)=     5 0.416E-15 0.416E-15 -.161E-14
LJ0: i,force(i)=     6 -.194E-15 -.194E-15 0.555E-16
LJ0: i,force(i)=     7 0.777E-15 0.777E-15 -.228E-14
LJ0: i,force(i)=     8 -.527E-15 -.527E-15 -.555E-16
LJ0: i,force(i)=     9 0.305E-15 -.178E-14 0.333E-15
LJ0: i,force(i)=    10 -.833E-16 0.833E-16 -.111E-15
LJ0: i,force(i)=    11 0.153E-14 -.108E-14 -.108E-14
LJ0: i,force(i)=    12 0.833E-16 0.278E-16 0.278E-16
LJ0: i,force(i)=    13 0.139E-14 -.666E-15 -.583E-15
LJ0: i,force(i)=    14 -.333E-15 -.444E-15 -.305E-15
LJ0: i,force(i)=    15 0.130E-14 -.694E-15 -.916E-15
LJ0: i,force(i)=    16 0.147E-14 0.278E-16 -.416E-15
LJ0: i,force(i)=    17 0.833E-16 -.186E-14 0.999E-15
LJ0: i,force(i)=    18 -.194E-15  0.00     -.194E-15
LJ0: i,force(i)=    19 0.139E-14 -.638E-15 -.749E-15
LJ0: i,force(i)=    20 -.305E-15 -.250E-15 -.416E-15
LJ0: i,force(i)=    21 0.108E-14 -.666E-15 -.666E-15
LJ0: i,force(i)=    22 0.555E-16 -.111E-15 -.111E-15
LJ0: i,force(i)=    23 0.583E-15 -.111E-15 -.161E-14
LJ0: i,force(i)=    24 0.133E-14 0.111E-14 -.167E-14
LJ0: i,force(i)=    25 0.749E-15 -.236E-14 0.749E-15
LJ0: i,force(i)=    26 -.416E-15 0.555E-16 -.361E-15
LJ0: i,force(i)=    27 0.128E-14 -.916E-15 -.777E-15
LJ0: i,force(i)=    28 0.147E-14 -.361E-15 0.833E-16
LJ0: i,force(i)=    29 0.583E-15 -.158E-14 -.139E-15
LJ0: i,force(i)=    30 0.971E-15 -.117E-14 0.777E-15
LJ0: i,force(i)=    31 0.158E-14 -.500E-15 -.500E-15
LJ0: i,force(i)=    32 0.189E-14 -.638E-15 -.722E-15
LJ0: i,force(i)=    33 -.178E-14 0.305E-15 0.333E-15
LJ0: i,force(i)=    34 0.833E-16 -.833E-16 -.111E-15
LJ0: i,force(i)=    35 -.108E-14 0.153E-14 -.108E-14
LJ0: i,force(i)=    36 0.278E-16 0.833E-16 0.278E-16
LJ0: i,force(i)=    37 -.666E-15 0.139E-14 -.583E-15
LJ0: i,force(i)=    38 -.444E-15 -.333E-15 -.305E-15
LJ0: i,force(i)=    39 -.694E-15 0.130E-14 -.916E-15
LJ0: i,force(i)=    40 0.278E-16 0.147E-14 -.416E-15
LJ0: i,force(i)=    41 -.108E-14 -.108E-14 0.144E-14
LJ0: i,force(i)=    42 -.278E-16 -.278E-16 0.555E-16
LJ0: i,force(i)=    43  0.00      0.00      0.00    
LJ0: i,force(i)=    44 -.111E-15 -.111E-15 -.111E-15
LJ0: i,force(i)=    45 0.666E-15 0.666E-15 0.583E-15
LJ0: i,force(i)=    46 -.694E-15 -.694E-15 -.389E-15
LJ0: i,force(i)=    47 -.833E-16 -.833E-16 -.833E-16
LJ0: i,force(i)=    48 0.999E-15 0.999E-15 -.944E-15
LJ0: i,force(i)=    49 -.666E-15 -.555E-15 0.150E-14
LJ0: i,force(i)=    50 -.444E-15 -.250E-15 -.305E-15
LJ0: i,force(i)=    51 0.638E-15 0.472E-15 0.611E-15
LJ0: i,force(i)=    52 -.694E-15 -.361E-15 -.694E-15
LJ0: i,force(i)=    53 0.555E-16 0.472E-15 0.472E-15
LJ0: i,force(i)=    54 0.638E-15 -.500E-15 -.278E-15
LJ0: i,force(i)=    55 -.749E-15 -.361E-15 0.194E-15
LJ0: i,force(i)=    56 0.860E-15 0.153E-14 -.117E-14
LJ0: i,force(i)=    57 -.500E-15 -.722E-15 0.944E-15
LJ0: i,force(i)=    58 0.833E-16 -.361E-15 0.147E-14
LJ0: i,force(i)=    59 -.278E-16 -.833E-16 -.833E-16
LJ0: i,force(i)=    60 0.971E-15 -.944E-15 0.999E-15
LJ0: i,force(i)=    61 -.833E-15 0.333E-15 -.444E-15
LJ0: i,force(i)=    62 0.888E-15 -.105E-14 0.155E-14
LJ0: i,force(i)=    63 -.555E-16 -.555E-16 -.555E-16
LJ0: i,force(i)=    64 0.108E-14 -.250E-15 0.305E-15
LJ0: i,force(i)=    65 -.186E-14 0.833E-16 0.999E-15
LJ0: i,force(i)=    66  0.00     -.194E-15 -.194E-15
LJ0: i,force(i)=    67 -.638E-15 0.139E-14 -.749E-15
LJ0: i,force(i)=    68 -.250E-15 -.305E-15 -.416E-15
LJ0: i,force(i)=    69 -.666E-15 0.108E-14 -.666E-15
LJ0: i,force(i)=    70 -.111E-15 0.555E-16 -.111E-15
LJ0: i,force(i)=    71 -.111E-15 0.583E-15 -.161E-14
LJ0: i,force(i)=    72 0.111E-14 0.133E-14 -.167E-14
LJ0: i,force(i)=    73 -.555E-15 -.666E-15 0.150E-14
LJ0: i,force(i)=    74 -.250E-15 -.444E-15 -.305E-15
LJ0: i,force(i)=    75 0.472E-15 0.638E-15 0.611E-15
LJ0: i,force(i)=    76 -.361E-15 -.694E-15 -.694E-15
LJ0: i,force(i)=    77 0.472E-15 0.555E-16 0.472E-15
LJ0: i,force(i)=    78 -.500E-15 0.638E-15 -.278E-15
LJ0: i,force(i)=    79 -.361E-15 -.749E-15 0.194E-15
LJ0: i,force(i)=    80 0.153E-14 0.860E-15 -.117E-14
LJ0: i,force(i)=    81 -.472E-15 -.472E-15 0.722E-15
LJ0: i,force(i)=    82 -.139E-15 -.139E-15 0.555E-16
LJ0: i,force(i)=    83 0.472E-15 0.472E-15 0.555E-16
LJ0: i,force(i)=    84 -.361E-15 -.361E-15 0.555E-15
LJ0: i,force(i)=    85 -.555E-16 -.555E-16 -.555E-16
LJ0: i,force(i)=    86 0.500E-15 0.500E-15 -.555E-16
LJ0: i,force(i)=    87 -.416E-15 -.416E-15 0.555E-16
LJ0: i,force(i)=    88 0.777E-15 0.777E-15 -.777E-15
LJ0: i,force(i)=    89 0.250E-15 -.119E-14 0.389E-15
LJ0: i,force(i)=    90 0.583E-15 -.133E-14 0.805E-15
LJ0: i,force(i)=    91 -.361E-15 0.194E-15 -.777E-15
LJ0: i,force(i)=    92 0.155E-14 -.105E-14 0.888E-15
LJ0: i,force(i)=    93 -.167E-15 -.250E-15 -.167E-15
LJ0: i,force(i)=    94 0.971E-15 -.117E-14 0.971E-15
LJ0: i,force(i)=    95 -.250E-15 -.167E-15 -.167E-15
LJ0: i,force(i)=    96 0.178E-14 -.694E-15 -.139E-15
LJ0: i,force(i)=    97 -.236E-14 0.749E-15 0.749E-15
LJ0: i,force(i)=    98 0.555E-16 -.416E-15 -.361E-15
LJ0: i,force(i)=    99 -.916E-15 0.128E-14 -.777E-15
LJ0: i,force(i)=   100 -.361E-15 0.147E-14 0.833E-16
LJ0: i,force(i)=   101 -.158E-14 0.583E-15 -.139E-15
LJ0: i,force(i)=   102 -.117E-14 0.971E-15 0.777E-15
LJ0: i,force(i)=   103 -.500E-15 0.158E-14 -.500E-15
LJ0: i,force(i)=   104 -.638E-15 0.189E-14 -.722E-15
LJ0: i,force(i)=   105 -.722E-15 -.500E-15 0.944E-15
LJ0: i,force(i)=   106 -.361E-15 0.833E-16 0.147E-14
LJ0: i,force(i)=   107 -.833E-16 -.278E-16 -.833E-16
LJ0: i,force(i)=   108 -.944E-15 0.971E-15 0.999E-15
LJ0: i,force(i)=   109 0.333E-15 -.833E-15 -.444E-15
LJ0: i,force(i)=   110 -.105E-14 0.888E-15 0.155E-14
LJ0: i,force(i)=   111 -.555E-16 -.555E-16 -.555E-16
LJ0: i,force(i)=   112 -.250E-15 0.108E-14 0.305E-15
LJ0: i,force(i)=   113 -.119E-14 0.250E-15 0.389E-15
LJ0: i,force(i)=   114 -.133E-14 0.583E-15 0.805E-15
LJ0: i,force(i)=   115 0.194E-15 -.361E-15 -.777E-15
LJ0: i,force(i)=   116 -.105E-14 0.155E-14 0.888E-15
LJ0: i,force(i)=   117 -.250E-15 -.167E-15 -.167E-15
LJ0: i,force(i)=   118 -.117E-14 0.971E-15 0.971E-15
LJ0: i,force(i)=   119 -.167E-15 -.250E-15 -.167E-15
LJ0: i,force(i)=   120 -.694E-15 0.178E-14 -.139E-15
LJ0: i,force(i)=   121 -.305E-15 -.305E-15 0.122E-14
LJ0: i,force(i)=   122 -.611E-15 -.611E-15 0.200E-14
LJ0: i,force(i)=   123 -.555E-16 -.555E-16 -.555E-16
LJ0: i,force(i)=   124 0.194E-15 0.194E-15 0.999E-15
LJ0: i,force(i)=   125 -.416E-15 -.416E-15 0.555E-16
LJ0: i,force(i)=   126 -.500E-15 -.500E-15 0.200E-14
LJ0: i,force(i)=   127 -.555E-16 -.555E-16 -.555E-16
LJ0: i,force(i)=   128 0.278E-15 0.278E-15 0.833E-15
 reference PE=  -1.9853628996717052     
 After potential_lj0, phi=  0.65805562939849982     
************* TIME , ensemble number =     0.0093        1
 Target m*Velocity^2 amplitude vs 3kT(eV)=   4.5560405092717762E-002   1.2926013839436284E-003
  INITIAL DISPACEMENTS-VELOCITIES ARE:
     1  0.20997E-01  0.20997E-01  0.20997E-01 -0.22454E-01 -0.22454E-01 -0.22454E-01
     2  0.98606E-02  0.98606E-02  0.98606E-02  0.10799E-01  0.10799E-01  0.10799E-01
     3 -0.40591E-01 -0.40591E-01 -0.40591E-01 -0.14048E-01 -0.14048E-01 -0.14048E-01
     4 -0.44312E-02 -0.44312E-02 -0.44312E-02 -0.33542E-01 -0.33542E-01 -0.33542E-01
     5  0.15453E-02  0.15453E-02  0.15453E-02  0.18802E-01  0.18802E-01  0.18802E-01
     6  0.39375E-01  0.39375E-01  0.39375E-01 -0.57118E-01 -0.57118E-01 -0.57118E-01
     7 -0.99454E-02 -0.99454E-02 -0.99454E-02 -0.37588E-01 -0.37588E-01 -0.37588E-01
     8  0.16384E-01  0.16384E-01  0.16384E-01  0.26369E-01  0.26369E-01  0.26369E-01
     9 -0.33513E-02 -0.33513E-02 -0.33513E-02 -0.11286E-01 -0.11286E-01 -0.11286E-01
    10 -0.34463E-01 -0.34463E-01 -0.34463E-01 -0.77504E-02 -0.77504E-02 -0.77504E-02
    11  0.74397E-02  0.74397E-02  0.74397E-02 -0.13008E-01 -0.13008E-01 -0.13008E-01
    12 -0.10355E-01 -0.10355E-01 -0.10355E-01 -0.95051E-02 -0.95051E-02 -0.95051E-02
    13  0.25786E-03  0.25786E-03  0.25786E-03  0.10329E-01  0.10329E-01  0.10329E-01
    14 -0.22276E-02 -0.22276E-02 -0.22276E-02  0.76005E-02  0.76005E-02  0.76005E-02
    15 -0.20097E-02 -0.20097E-02 -0.20097E-02  0.13399E-01  0.13399E-01  0.13399E-01
    16  0.12650E-01  0.12650E-01  0.12650E-01  0.16248E-01  0.16248E-01  0.16248E-01
    17 -0.68883E-03 -0.68883E-03 -0.68883E-03 -0.96873E-02 -0.96873E-02 -0.96873E-02
    18  0.20589E-01  0.20589E-01  0.20589E-01  0.86715E-02  0.86715E-02  0.86715E-02
    19 -0.48248E-02 -0.48248E-02 -0.48248E-02  0.12637E-01  0.12637E-01  0.12637E-01
    20 -0.27457E-01 -0.27457E-01 -0.27457E-01  0.13983E-01  0.13983E-01  0.13983E-01
    21 -0.74295E-02 -0.74295E-02 -0.74295E-02  0.10516E-01  0.10516E-01  0.10516E-01
    22 -0.59241E-02 -0.59241E-02 -0.59241E-02 -0.13455E-02 -0.13455E-02 -0.13455E-02
    23  0.73844E-01  0.73844E-01  0.73844E-01  0.13489E-01  0.13489E-01  0.13489E-01
    24  0.77723E-02  0.77723E-02  0.77723E-02 -0.18605E-01 -0.18605E-01 -0.18605E-01
    25 -0.25554E-01 -0.25554E-01 -0.25554E-01  0.38949E-01  0.38949E-01  0.38949E-01
    26 -0.54731E-02 -0.54731E-02 -0.54731E-02  0.26257E-01  0.26257E-01  0.26257E-01
    27  0.34939E-04  0.34939E-04  0.34939E-04  0.15862E-01  0.15862E-01  0.15862E-01
    28 -0.42290E-02 -0.42290E-02 -0.42290E-02 -0.34770E-01 -0.34770E-01 -0.34770E-01
    29  0.87144E-02  0.87144E-02  0.87144E-02 -0.40537E-01 -0.40537E-01 -0.40537E-01
    30  0.17586E-01  0.17586E-01  0.17586E-01 -0.50001E-02 -0.50001E-02 -0.50001E-02
    31 -0.40013E-02 -0.40013E-02 -0.40013E-02 -0.31456E-01 -0.31456E-01 -0.31456E-01
    32  0.11252E-01  0.11252E-01  0.11252E-01 -0.33173E-03 -0.33173E-03 -0.33173E-03
    33 -0.62979E-02 -0.62979E-02 -0.62979E-02 -0.14619E-02 -0.14619E-02 -0.14619E-02
    34  0.35300E-02  0.35300E-02  0.35300E-02  0.24921E-01  0.24921E-01  0.24921E-01
    35 -0.73510E-03 -0.73510E-03 -0.73510E-03 -0.62590E-02 -0.62590E-02 -0.62590E-02
    36  0.31471E-01  0.31471E-01  0.31471E-01  0.24152E-01  0.24152E-01  0.24152E-01
    37  0.13194E-02  0.13194E-02  0.13194E-02  0.27330E-01  0.27330E-01  0.27330E-01
    38  0.38916E-01  0.38916E-01  0.38916E-01 -0.41793E-01 -0.41793E-01 -0.41793E-01
    39 -0.13482E-01 -0.13482E-01 -0.13482E-01 -0.11479E-01 -0.11479E-01 -0.11479E-01
    40 -0.57682E-02 -0.57682E-02 -0.57682E-02 -0.92603E-02 -0.92603E-02 -0.92603E-02
    41  0.17407E-01  0.17407E-01  0.17407E-01 -0.36638E-01 -0.36638E-01 -0.36638E-01
    42 -0.10071E-01 -0.10071E-01 -0.10071E-01 -0.87709E-02 -0.87709E-02 -0.87709E-02
    43  0.17130E-01  0.17130E-01  0.17130E-01  0.41180E-02  0.41180E-02  0.41180E-02
    44 -0.19881E-01 -0.19881E-01 -0.19881E-01 -0.13076E-01 -0.13076E-01 -0.13076E-01
    45 -0.19964E-01 -0.19964E-01 -0.19964E-01 -0.14929E-01 -0.14929E-01 -0.14929E-01
    46 -0.20753E-01 -0.20753E-01 -0.20753E-01 -0.52529E-02 -0.52529E-02 -0.52529E-02
    47 -0.20088E-01 -0.20088E-01 -0.20088E-01  0.15667E-01  0.15667E-01  0.15667E-01
    48 -0.14972E-01 -0.14972E-01 -0.14972E-01  0.32408E-02  0.32408E-02  0.32408E-02
    49  0.24128E-01  0.24128E-01  0.24128E-01  0.17487E-01  0.17487E-01  0.17487E-01
    50 -0.36866E-01 -0.36866E-01 -0.36866E-01  0.10737E-01  0.10737E-01  0.10737E-01
    51 -0.97088E-03 -0.97088E-03 -0.97088E-03  0.19248E-01  0.19248E-01  0.19248E-01
    52  0.30392E-02  0.30392E-02  0.30392E-02  0.32047E-01  0.32047E-01  0.32047E-01
    53 -0.31699E-02 -0.31699E-02 -0.31699E-02  0.30592E-01  0.30592E-01  0.30592E-01
    54  0.18718E-02  0.18718E-02  0.18718E-02 -0.60491E-01 -0.60491E-01 -0.60491E-01
    55 -0.10584E-01 -0.10584E-01 -0.10584E-01  0.27668E-02  0.27668E-02  0.27668E-02
    56 -0.44568E-01 -0.44568E-01 -0.44568E-01  0.38662E-01  0.38662E-01  0.38662E-01
    57  0.18592E-01  0.18592E-01  0.18592E-01 -0.23326E-01 -0.23326E-01 -0.23326E-01
    58  0.35909E-03  0.35909E-03  0.35909E-03 -0.64979E-02 -0.64979E-02 -0.64979E-02
    59 -0.49749E-02 -0.49749E-02 -0.49749E-02  0.25357E-01  0.25357E-01  0.25357E-01
    60 -0.11763E-01 -0.11763E-01 -0.11763E-01 -0.22405E-01 -0.22405E-01 -0.22405E-01
    61 -0.70910E-02 -0.70910E-02 -0.70910E-02  0.14579E-01  0.14579E-01  0.14579E-01
    62  0.16515E-01  0.16515E-01  0.16515E-01  0.14911E-02  0.14911E-02  0.14911E-02
    63 -0.23495E-01 -0.23495E-01 -0.23495E-01  0.45474E-03  0.45474E-03  0.45474E-03
    64 -0.14540E-01 -0.14540E-01 -0.14540E-01 -0.94949E-02 -0.94949E-02 -0.94949E-02
    65 -0.36193E-02 -0.36193E-02 -0.36193E-02 -0.19454E-01 -0.19454E-01 -0.19454E-01
    66 -0.80525E-02 -0.80525E-02 -0.80525E-02 -0.16199E-01 -0.16199E-01 -0.16199E-01
    67  0.20580E-01  0.20580E-01  0.20580E-01 -0.16575E-01 -0.16575E-01 -0.16575E-01
    68 -0.92584E-02 -0.92584E-02 -0.92584E-02  0.57073E-02  0.57073E-02  0.57073E-02
    69 -0.19161E-01 -0.19161E-01 -0.19161E-01  0.43949E-01  0.43949E-01  0.43949E-01
    70 -0.16317E-01 -0.16317E-01 -0.16317E-01 -0.18052E-01 -0.18052E-01 -0.18052E-01
    71  0.51600E-02  0.51600E-02  0.51600E-02 -0.22135E-01 -0.22135E-01 -0.22135E-01
    72 -0.10921E-01 -0.10921E-01 -0.10921E-01  0.12855E-01  0.12855E-01  0.12855E-01
    73 -0.77263E-02 -0.77263E-02 -0.77263E-02  0.59716E-02  0.59716E-02  0.59716E-02
    74  0.14074E-02  0.14074E-02  0.14074E-02  0.46075E-01  0.46075E-01  0.46075E-01
    75  0.22741E-02  0.22741E-02  0.22741E-02  0.72235E-02  0.72235E-02  0.72235E-02
    76  0.11909E-01  0.11909E-01  0.11909E-01 -0.13285E-03 -0.13285E-03 -0.13285E-03
    77  0.17880E-01  0.17880E-01  0.17880E-01 -0.13863E-01 -0.13863E-01 -0.13863E-01
    78  0.22353E-02  0.22353E-02  0.22353E-02 -0.13572E-01 -0.13572E-01 -0.13572E-01
    79 -0.56912E-02 -0.56912E-02 -0.56912E-02  0.10295E-02  0.10295E-02  0.10295E-02
    80  0.25285E-01  0.25285E-01  0.25285E-01 -0.93156E-02 -0.93156E-02 -0.93156E-02
    81 -0.12311E-01 -0.12311E-01 -0.12311E-01  0.14138E-01  0.14138E-01  0.14138E-01
    82  0.41026E-01  0.41026E-01  0.41026E-01  0.46219E-02  0.46219E-02  0.46219E-02
    83  0.15098E-02  0.15098E-02  0.15098E-02 -0.13861E-01 -0.13861E-01 -0.13861E-01
    84 -0.51593E-02 -0.51593E-02 -0.51593E-02 -0.21819E-01 -0.21819E-01 -0.21819E-01
    85  0.16828E-01  0.16828E-01  0.16828E-01  0.11056E-01  0.11056E-01  0.11056E-01
    86  0.13796E-01  0.13796E-01  0.13796E-01 -0.26812E-01 -0.26812E-01 -0.26812E-01
    87  0.14639E-01  0.14639E-01  0.14639E-01 -0.79644E-02 -0.79644E-02 -0.79644E-02
    88  0.14252E-01  0.14252E-01  0.14252E-01 -0.15347E-01 -0.15347E-01 -0.15347E-01
    89  0.24161E-01  0.24161E-01  0.24161E-01 -0.43460E-03 -0.43460E-03 -0.43460E-03
    90  0.16847E-01  0.16847E-01  0.16847E-01 -0.15620E-01 -0.15620E-01 -0.15620E-01
    91 -0.14641E-02 -0.14641E-02 -0.14641E-02  0.38590E-01  0.38590E-01  0.38590E-01
    92 -0.53516E-01 -0.53516E-01 -0.53516E-01  0.71650E-02  0.71650E-02  0.71650E-02
    93  0.22924E-01  0.22924E-01  0.22924E-01 -0.17768E-01 -0.17768E-01 -0.17768E-01
    94  0.11445E-01  0.11445E-01  0.11445E-01  0.82687E-02  0.82687E-02  0.82687E-02
    95  0.11830E-01  0.11830E-01  0.11830E-01  0.88371E-02  0.88371E-02  0.88371E-02
    96  0.67663E-02  0.67663E-02  0.67663E-02 -0.20745E-02 -0.20745E-02 -0.20745E-02
    97 -0.17304E-01 -0.17304E-01 -0.17304E-01  0.65390E-02  0.65390E-02  0.65390E-02
    98 -0.21896E-01 -0.21896E-01 -0.21896E-01 -0.49994E-02 -0.49994E-02 -0.49994E-02
    99 -0.14212E-01 -0.14212E-01 -0.14212E-01  0.92338E-02  0.92338E-02  0.92338E-02
   100 -0.18564E-01 -0.18564E-01 -0.18564E-01 -0.15889E-01 -0.15889E-01 -0.15889E-01
   101 -0.33083E-02 -0.33083E-02 -0.33083E-02 -0.74175E-02 -0.74175E-02 -0.74175E-02
   102 -0.27427E-01 -0.27427E-01 -0.27427E-01  0.28010E-01  0.28010E-01  0.28010E-01
   103 -0.30976E-01 -0.30976E-01 -0.30976E-01  0.39572E-01  0.39572E-01  0.39572E-01
   104  0.38360E-01  0.38360E-01  0.38360E-01 -0.12592E-01 -0.12592E-01 -0.12592E-01
   105  0.28946E-01  0.28946E-01  0.28946E-01  0.41172E-01  0.41172E-01  0.41172E-01
   106 -0.18226E-01 -0.18226E-01 -0.18226E-01  0.16937E-01  0.16937E-01  0.16937E-01
   107 -0.15824E-01 -0.15824E-01 -0.15824E-01  0.10773E-02  0.10773E-02  0.10773E-02
   108 -0.92705E-02 -0.92705E-02 -0.92705E-02 -0.33158E-02 -0.33158E-02 -0.33158E-02
   109  0.11661E-01  0.11661E-01  0.11661E-01  0.25249E-01  0.25249E-01  0.25249E-01
   110  0.34720E-02  0.34720E-02  0.34720E-02 -0.23495E-01 -0.23495E-01 -0.23495E-01
   111  0.15648E-01  0.15648E-01  0.15648E-01  0.16785E-01  0.16785E-01  0.16785E-01
   112  0.27659E-01  0.27659E-01  0.27659E-01 -0.42909E-02 -0.42909E-02 -0.42909E-02
   113 -0.95279E-02 -0.95279E-02 -0.95279E-02  0.10512E-01  0.10512E-01  0.10512E-01
   114  0.10160E-01  0.10160E-01  0.10160E-01 -0.16209E-01 -0.16209E-01 -0.16209E-01
   115 -0.94249E-03 -0.94249E-03 -0.94249E-03  0.16938E-01  0.16938E-01  0.16938E-01
   116 -0.12985E-01 -0.12985E-01 -0.12985E-01 -0.26425E-01 -0.26425E-01 -0.26425E-01
   117 -0.56160E-01 -0.56160E-01 -0.56160E-01  0.27249E-01  0.27249E-01  0.27249E-01
   118  0.19421E-01  0.19421E-01  0.19421E-01  0.50761E-02  0.50761E-02  0.50761E-02
   119  0.26302E-01  0.26302E-01  0.26302E-01  0.80189E-02  0.80189E-02  0.80189E-02
   120  0.52361E-02  0.52361E-02  0.52361E-02  0.16746E-01  0.16746E-01  0.16746E-01
   121 -0.30617E-02 -0.30617E-02 -0.30617E-02  0.40872E-02  0.40872E-02  0.40872E-02
   122 -0.40906E-02 -0.40906E-02 -0.40906E-02 -0.43416E-01 -0.43416E-01 -0.43416E-01
   123  0.10145E-02  0.10145E-02  0.10145E-02 -0.79953E-02 -0.79953E-02 -0.79953E-02
   124 -0.27193E-01 -0.27193E-01 -0.27193E-01  0.25644E-01  0.25644E-01  0.25644E-01
   125  0.37594E-01  0.37594E-01  0.37594E-01  0.13094E-01  0.13094E-01  0.13094E-01
   126 -0.71307E-03 -0.71307E-03 -0.71307E-03 -0.15565E-01 -0.15565E-01 -0.15565E-01
   127 -0.64436E-02 -0.64436E-02 -0.64436E-02 -0.11733E-01 -0.11733E-01 -0.11733E-01
   128 -0.46600E-02 -0.46600E-02 -0.46600E-02 -0.63482E-03 -0.63482E-03 -0.63482E-03
 Initial pavg=   2.7330782837147588E-005   2.7330782837147588E-005   2.7330782837147588E-005
 sum of velocity components after subtraction=   4.5319650809894085E-016
************* TIME , ensemble number =     5.2391        2
 Target m*Velocity^2 amplitude vs 3kT(eV)=   4.1780379961978649E-002   1.2926013839436284E-003
  INITIAL DISPACEMENTS-VELOCITIES ARE:
     1  0.20786E-01  0.20786E-01  0.20786E-01 -0.12968E-01 -0.12968E-01 -0.12968E-01
     2 -0.30388E-03 -0.30388E-03 -0.30388E-03  0.87766E-02  0.87766E-02  0.87766E-02
     3  0.53278E-03  0.53278E-03  0.53278E-03  0.12957E-01  0.12957E-01  0.12957E-01
     4 -0.18168E-01 -0.18168E-01 -0.18168E-01 -0.14821E-01 -0.14821E-01 -0.14821E-01
     5 -0.16367E-01 -0.16367E-01 -0.16367E-01  0.22880E-01  0.22880E-01  0.22880E-01
     6 -0.11522E-01 -0.11522E-01 -0.11522E-01 -0.30078E-01 -0.30078E-01 -0.30078E-01
     7  0.25022E-01  0.25022E-01  0.25022E-01 -0.45448E-01 -0.45448E-01 -0.45448E-01
     8 -0.16961E-01 -0.16961E-01 -0.16961E-01 -0.63296E-01 -0.63296E-01 -0.63296E-01
     9 -0.49156E-02 -0.49156E-02 -0.49156E-02 -0.46468E-04 -0.46468E-04 -0.46468E-04
    10 -0.46488E-02 -0.46488E-02 -0.46488E-02 -0.82323E-02 -0.82323E-02 -0.82323E-02
    11  0.90068E-03  0.90068E-03  0.90068E-03  0.42186E-01  0.42186E-01  0.42186E-01
    12  0.49529E-03  0.49529E-03  0.49529E-03  0.29766E-03  0.29766E-03  0.29766E-03
    13 -0.24932E-01 -0.24932E-01 -0.24932E-01 -0.12456E-02 -0.12456E-02 -0.12456E-02
    14 -0.17349E-02 -0.17349E-02 -0.17349E-02  0.20862E-01  0.20862E-01  0.20862E-01
    15 -0.20395E-01 -0.20395E-01 -0.20395E-01 -0.36464E-01 -0.36464E-01 -0.36464E-01
    16  0.24439E-02  0.24439E-02  0.24439E-02 -0.12006E-01 -0.12006E-01 -0.12006E-01
    17 -0.90664E-02 -0.90664E-02 -0.90664E-02 -0.28167E-01 -0.28167E-01 -0.28167E-01
    18  0.10098E-01  0.10098E-01  0.10098E-01 -0.53503E-02 -0.53503E-02 -0.53503E-02
    19  0.32926E-03  0.32926E-03  0.32926E-03 -0.12681E-01 -0.12681E-01 -0.12681E-01
    20 -0.16741E-01 -0.16741E-01 -0.16741E-01 -0.19167E-01 -0.19167E-01 -0.19167E-01
    21 -0.39736E-02 -0.39736E-02 -0.39736E-02 -0.10581E-01 -0.10581E-01 -0.10581E-01
    22 -0.21174E-01 -0.21174E-01 -0.21174E-01 -0.47391E-02 -0.47391E-02 -0.47391E-02
    23  0.14581E-01  0.14581E-01  0.14581E-01  0.32307E-01  0.32307E-01  0.32307E-01
    24  0.23186E-01  0.23186E-01  0.23186E-01  0.75789E-02  0.75789E-02  0.75789E-02
    25  0.14386E-01  0.14386E-01  0.14386E-01 -0.36898E-02 -0.36898E-02 -0.36898E-02
    26  0.36309E-01  0.36309E-01  0.36309E-01  0.38609E-01  0.38609E-01  0.38609E-01
    27  0.20216E-01  0.20216E-01  0.20216E-01  0.12538E-01  0.12538E-01  0.12538E-01
    28 -0.14740E-01 -0.14740E-01 -0.14740E-01 -0.61512E-02 -0.61512E-02 -0.61512E-02
    29 -0.34305E-01 -0.34305E-01 -0.34305E-01  0.11372E-01  0.11372E-01  0.11372E-01
    30 -0.40254E-02 -0.40254E-02 -0.40254E-02  0.22642E-01  0.22642E-01  0.22642E-01
    31 -0.57825E-02 -0.57825E-02 -0.57825E-02  0.16301E-01  0.16301E-01  0.16301E-01
    32 -0.30391E-01 -0.30391E-01 -0.30391E-01 -0.24002E-01 -0.24002E-01 -0.24002E-01
    33  0.11815E-01  0.11815E-01  0.11815E-01  0.11888E-01  0.11888E-01  0.11888E-01
    34 -0.42639E-02 -0.42639E-02 -0.42639E-02 -0.48900E-02 -0.48900E-02 -0.48900E-02
    35 -0.41183E-02 -0.41183E-02 -0.41183E-02  0.25148E-02  0.25148E-02  0.25148E-02
    36  0.24050E-01  0.24050E-01  0.24050E-01  0.38092E-01  0.38092E-01  0.38092E-01
    37  0.14174E-01  0.14174E-01  0.14174E-01 -0.13219E-01 -0.13219E-01 -0.13219E-01
    38  0.11816E-01  0.11816E-01  0.11816E-01 -0.15395E-01 -0.15395E-01 -0.15395E-01
    39 -0.35807E-01 -0.35807E-01 -0.35807E-01 -0.22460E-01 -0.22460E-01 -0.22460E-01
    40  0.56659E-01  0.56659E-01  0.56659E-01 -0.44212E-01 -0.44212E-01 -0.44212E-01
    41 -0.27507E-01 -0.27507E-01 -0.27507E-01  0.58974E-02  0.58974E-02  0.58974E-02
    42 -0.21176E-01 -0.21176E-01 -0.21176E-01 -0.17333E-01 -0.17333E-01 -0.17333E-01
    43  0.75060E-02  0.75060E-02  0.75060E-02 -0.27097E-02 -0.27097E-02 -0.27097E-02
    44 -0.18436E-01 -0.18436E-01 -0.18436E-01  0.77438E-02  0.77438E-02  0.77438E-02
    45  0.13519E-01  0.13519E-01  0.13519E-01  0.52833E-01  0.52833E-01  0.52833E-01
    46  0.28435E-02  0.28435E-02  0.28435E-02  0.10535E-01  0.10535E-01  0.10535E-01
    47 -0.13529E-01 -0.13529E-01 -0.13529E-01  0.72724E-02  0.72724E-02  0.72724E-02
    48  0.25786E-01  0.25786E-01  0.25786E-01  0.10784E-01  0.10784E-01  0.10784E-01
    49  0.88588E-02  0.88588E-02  0.88588E-02  0.13458E-01  0.13458E-01  0.13458E-01
    50 -0.22407E-01 -0.22407E-01 -0.22407E-01 -0.84127E-02 -0.84127E-02 -0.84127E-02
    51  0.29310E-01  0.29310E-01  0.29310E-01 -0.19517E-01 -0.19517E-01 -0.19517E-01
    52  0.14524E-01  0.14524E-01  0.14524E-01  0.86983E-02  0.86983E-02  0.86983E-02
    53 -0.97875E-02 -0.97875E-02 -0.97875E-02  0.23684E-01  0.23684E-01  0.23684E-01
    54 -0.31803E-01 -0.31803E-01 -0.31803E-01  0.35187E-01  0.35187E-01  0.35187E-01
    55 -0.52336E-01 -0.52336E-01 -0.52336E-01 -0.22377E-01 -0.22377E-01 -0.22377E-01
    56  0.81484E-02  0.81484E-02  0.81484E-02  0.14655E-01  0.14655E-01  0.14655E-01
    57  0.79830E-03  0.79830E-03  0.79830E-03 -0.93350E-03 -0.93350E-03 -0.93350E-03
    58  0.38247E-01  0.38247E-01  0.38247E-01  0.24613E-01  0.24613E-01  0.24613E-01
    59  0.24379E-01  0.24379E-01  0.24379E-01  0.14848E-01  0.14848E-01  0.14848E-01
    60  0.10282E-02  0.10282E-02  0.10282E-02  0.56054E-01  0.56054E-01  0.56054E-01
    61 -0.19371E-01 -0.19371E-01 -0.19371E-01 -0.13011E-01 -0.13011E-01 -0.13011E-01
    62 -0.57817E-02 -0.57817E-02 -0.57817E-02 -0.67291E-02 -0.67291E-02 -0.67291E-02
    63 -0.17353E-01 -0.17353E-01 -0.17353E-01  0.14713E-01  0.14713E-01  0.14713E-01
    64  0.15648E-01  0.15648E-01  0.15648E-01  0.14372E-02  0.14372E-02  0.14372E-02
    65  0.97342E-02  0.97342E-02  0.97342E-02 -0.34221E-01 -0.34221E-01 -0.34221E-01
    66 -0.10789E-02 -0.10789E-02 -0.10789E-02 -0.32153E-01 -0.32153E-01 -0.32153E-01
    67  0.59498E-03  0.59498E-03  0.59498E-03  0.21821E-01  0.21821E-01  0.21821E-01
    68  0.16296E-01  0.16296E-01  0.16296E-01  0.34327E-02  0.34327E-02  0.34327E-02
    69 -0.26200E-01 -0.26200E-01 -0.26200E-01 -0.14235E-01 -0.14235E-01 -0.14235E-01
    70  0.17268E-03  0.17268E-03  0.17268E-03  0.13410E-01  0.13410E-01  0.13410E-01
    71 -0.18364E-01 -0.18364E-01 -0.18364E-01 -0.60973E-02 -0.60973E-02 -0.60973E-02
    72  0.22022E-02  0.22022E-02  0.22022E-02  0.12195E-01  0.12195E-01  0.12195E-01
    73  0.27835E-01  0.27835E-01  0.27835E-01  0.55681E-02  0.55681E-02  0.55681E-02
    74  0.18253E-02  0.18253E-02  0.18253E-02 -0.21007E-01 -0.21007E-01 -0.21007E-01
    75  0.77413E-02  0.77413E-02  0.77413E-02 -0.23476E-01 -0.23476E-01 -0.23476E-01
    76 -0.74332E-02 -0.74332E-02 -0.74332E-02 -0.50322E-02 -0.50322E-02 -0.50322E-02
    77 -0.98263E-02 -0.98263E-02 -0.98263E-02 -0.33662E-02 -0.33662E-02 -0.33662E-02
    78  0.13920E-01  0.13920E-01  0.13920E-01 -0.11641E-01 -0.11641E-01 -0.11641E-01
    79 -0.56419E-02 -0.56419E-02 -0.56419E-02  0.13176E-01  0.13176E-01  0.13176E-01
    80  0.10410E-02  0.10410E-02  0.10410E-02 -0.49887E-02 -0.49887E-02 -0.49887E-02
    81  0.33401E-01  0.33401E-01  0.33401E-01  0.34027E-02  0.34027E-02  0.34027E-02
    82 -0.22173E-01 -0.22173E-01 -0.22173E-01 -0.87360E-02 -0.87360E-02 -0.87360E-02
    83  0.26074E-02  0.26074E-02  0.26074E-02  0.84989E-02  0.84989E-02  0.84989E-02
    84 -0.19964E-01 -0.19964E-01 -0.19964E-01 -0.50754E-01 -0.50754E-01 -0.50754E-01
    85 -0.10365E-01 -0.10365E-01 -0.10365E-01 -0.22975E-01 -0.22975E-01 -0.22975E-01
    86  0.17948E-01  0.17948E-01  0.17948E-01 -0.20550E-02 -0.20550E-02 -0.20550E-02
    87  0.21284E-01  0.21284E-01  0.21284E-01 -0.12424E-01 -0.12424E-01 -0.12424E-01
    88 -0.34242E-01 -0.34242E-01 -0.34242E-01  0.16202E-01  0.16202E-01  0.16202E-01
    89 -0.18113E-01 -0.18113E-01 -0.18113E-01 -0.22261E-01 -0.22261E-01 -0.22261E-01
    90 -0.51407E-02 -0.51407E-02 -0.51407E-02 -0.13186E-01 -0.13186E-01 -0.13186E-01
    91 -0.29276E-01 -0.29276E-01 -0.29276E-01 -0.21681E-01 -0.21681E-01 -0.21681E-01
    92  0.17190E-01  0.17190E-01  0.17190E-01 -0.16961E-01 -0.16961E-01 -0.16961E-01
    93  0.10472E-01  0.10472E-01  0.10472E-01 -0.10412E-02 -0.10412E-02 -0.10412E-02
    94 -0.18153E-01 -0.18153E-01 -0.18153E-01  0.43359E-02  0.43359E-02  0.43359E-02
    95  0.57310E-02  0.57310E-02  0.57310E-02 -0.95692E-02 -0.95692E-02 -0.95692E-02
    96 -0.31422E-01 -0.31422E-01 -0.31422E-01  0.54585E-02  0.54585E-02  0.54585E-02
    97 -0.11436E-01 -0.11436E-01 -0.11436E-01 -0.32108E-03 -0.32108E-03 -0.32108E-03
    98 -0.64219E-02 -0.64219E-02 -0.64219E-02 -0.99144E-02 -0.99144E-02 -0.99144E-02
    99 -0.91775E-02 -0.91775E-02 -0.91775E-02  0.31936E-02  0.31936E-02  0.31936E-02
   100 -0.48375E-02 -0.48375E-02 -0.48375E-02  0.23089E-02  0.23089E-02  0.23089E-02
   101 -0.39799E-02 -0.39799E-02 -0.39799E-02  0.21618E-01  0.21618E-01  0.21618E-01
   102  0.12936E-01  0.12936E-01  0.12936E-01  0.29570E-02  0.29570E-02  0.29570E-02
   103  0.58402E-02  0.58402E-02  0.58402E-02 -0.33278E-01 -0.33278E-01 -0.33278E-01
   104 -0.14621E-01 -0.14621E-01 -0.14621E-01 -0.13721E-01 -0.13721E-01 -0.13721E-01
   105 -0.95462E-02 -0.95462E-02 -0.95462E-02 -0.28037E-01 -0.28037E-01 -0.28037E-01
   106  0.18669E-01  0.18669E-01  0.18669E-01  0.91982E-02  0.91982E-02  0.91982E-02
   107  0.63672E-02  0.63672E-02  0.63672E-02 -0.24093E-01 -0.24093E-01 -0.24093E-01
   108  0.18876E-01  0.18876E-01  0.18876E-01 -0.25818E-01 -0.25818E-01 -0.25818E-01
   109  0.34086E-02  0.34086E-02  0.34086E-02  0.96930E-02  0.96930E-02  0.96930E-02
   110 -0.20885E-01 -0.20885E-01 -0.20885E-01  0.32366E-01  0.32366E-01  0.32366E-01
   111 -0.35228E-01 -0.35228E-01 -0.35228E-01  0.13137E-01  0.13137E-01  0.13137E-01
   112 -0.11559E-01 -0.11559E-01 -0.11559E-01 -0.16442E-01 -0.16442E-01 -0.16442E-01
   113  0.24734E-01  0.24734E-01  0.24734E-01 -0.21059E-02 -0.21059E-02 -0.21059E-02
   114  0.20383E-01  0.20383E-01  0.20383E-01 -0.15735E-01 -0.15735E-01 -0.15735E-01
   115 -0.31703E-01 -0.31703E-01 -0.31703E-01 -0.18562E-01 -0.18562E-01 -0.18562E-01
   116 -0.10697E-01 -0.10697E-01 -0.10697E-01  0.92179E-02  0.92179E-02  0.92179E-02
   117  0.16458E-01  0.16458E-01  0.16458E-01  0.10933E-01  0.10933E-01  0.10933E-01
   118  0.37431E-02  0.37431E-02  0.37431E-02  0.24978E-01  0.24978E-01  0.24978E-01
   119 -0.19132E-01 -0.19132E-01 -0.19132E-01  0.14543E-01  0.14543E-01  0.14543E-01
   120 -0.10979E-01 -0.10979E-01 -0.10979E-01  0.49960E-01  0.49960E-01  0.49960E-01
   121  0.29257E-01  0.29257E-01  0.29257E-01 -0.33629E-02 -0.33629E-02 -0.33629E-02
   122  0.19075E-02  0.19075E-02  0.19075E-02  0.12283E-01  0.12283E-01  0.12283E-01
   123  0.25421E-01  0.25421E-01  0.25421E-01  0.23433E-01  0.23433E-01  0.23433E-01
   124 -0.21435E-01 -0.21435E-01 -0.21435E-01 -0.38852E-01 -0.38852E-01 -0.38852E-01
   125 -0.17644E-01 -0.17644E-01 -0.17644E-01 -0.26055E-02 -0.26055E-02 -0.26055E-02
   126  0.48761E-02  0.48761E-02  0.48761E-02  0.59545E-02  0.59545E-02  0.59545E-02
   127  0.19347E-01  0.19347E-01  0.19347E-01 -0.22963E-02 -0.22963E-02 -0.22963E-02
   128 -0.19468E-01 -0.19468E-01 -0.19468E-01 -0.10379E-02 -0.10379E-02 -0.10379E-02
 Initial pavg=  -8.3359266682349886E-002  -8.3359266682349886E-002  -8.3359266682349886E-002
 sum of velocity components after subtraction=   1.4398204850607499E-016
 END TIME , ensemble number =    10.3624        2
 TOTAL RUN TIME =       10.3572
