 # om(i),i,integrated_dos,total_dos,(dos(la,i),la=1,n))
0.96994E-04  ,  0.8643E-04  ,  0.5130E-04
0.33409E-02  ,  0.1659E-03  ,  0.4716E-04
0.65849E-02  ,  0.2270E-03  ,  0.3626E-04
0.98288E-02  ,  0.2662E-03  ,  0.2332E-04
0.13073E-01  ,  0.2874E-03  ,  0.1254E-04
0.16317E-01  ,  0.2969E-03  ,  0.5643E-05
0.19561E-01  ,  0.3005E-03  ,  0.2124E-05
0.22805E-01  ,  0.3016E-03  ,  0.6741E-06
0.26049E-01  ,  0.3020E-03  ,  0.2124E-06
0.29293E-01  ,  0.3024E-03  ,  0.2371E-06
0.32536E-01  ,  0.3039E-03  ,  0.9117E-06
0.35780E-01  ,  0.3097E-03  ,  0.3454E-05
0.39024E-01  ,  0.3283E-03  ,  0.1103E-04
0.42268E-01  ,  0.3780E-03  ,  0.2948E-04
0.45512E-01  ,  0.4892E-03  ,  0.6601E-04
0.48756E-01  ,  0.6982E-03  ,  0.1241E-03
0.52000E-01  ,  0.1029E-02  ,  0.1966E-03
0.55244E-01  ,  0.1476E-02  ,  0.2648E-03
0.58488E-01  ,  0.1996E-02  ,  0.3087E-03
0.61732E-01  ,  0.2537E-02  ,  0.3213E-03
0.64976E-01  ,  0.3063E-02  ,  0.3125E-03
0.68220E-01  ,  0.3563E-02  ,  0.2966E-03
0.71464E-01  ,  0.4034E-02  ,  0.2795E-03
0.74708E-01  ,  0.4473E-02  ,  0.2607E-03
0.77952E-01  ,  0.4885E-02  ,  0.2445E-03
0.81196E-01  ,  0.5294E-02  ,  0.2427E-03
0.84440E-01  ,  0.5742E-02  ,  0.2660E-03
0.87684E-01  ,  0.6274E-02  ,  0.3157E-03
0.90927E-01  ,  0.6929E-02  ,  0.3889E-03
0.94171E-01  ,  0.7752E-02  ,  0.4881E-03
0.97415E-01  ,  0.8803E-02  ,  0.6240E-03
0.10066      ,  0.1016E-01  ,  0.8042E-03
0.10390      ,  0.1187E-01  ,  0.1015E-02
0.10715      ,  0.1390E-01  ,  0.1208E-02
0.11039      ,  0.1611E-01  ,  0.1310E-02
0.11364      ,  0.1824E-01  ,  0.1265E-02
0.11688      ,  0.2007E-01  ,  0.1085E-02
0.12012      ,  0.2152E-01  ,  0.8585E-03
0.12337      ,  0.2269E-01  ,  0.6968E-03
0.12661      ,  0.2382E-01  ,  0.6694E-03
0.12985      ,  0.2512E-01  ,  0.7754E-03
0.13310      ,  0.2675E-01  ,  0.9671E-03
0.13634      ,  0.2876E-01  ,  0.1194E-02
0.13959      ,  0.3117E-01  ,  0.1431E-02
0.14283      ,  0.3400E-01  ,  0.1678E-02
0.14607      ,  0.3725E-01  ,  0.1931E-02
0.14932      ,  0.4089E-01  ,  0.2156E-02
0.15256      ,  0.4476E-01  ,  0.2301E-02
0.15581      ,  0.4871E-01  ,  0.2345E-02
0.15905      ,  0.5265E-01  ,  0.2336E-02
0.16229      ,  0.5662E-01  ,  0.2360E-02
0.16554      ,  0.6078E-01  ,  0.2464E-02
0.16878      ,  0.6520E-01  ,  0.2624E-02
0.17203      ,  0.6992E-01  ,  0.2801E-02
0.17527      ,  0.7500E-01  ,  0.3019E-02
0.17851      ,  0.8067E-01  ,  0.3364E-02
0.18176      ,  0.8721E-01  ,  0.3885E-02
0.18500      ,  0.9483E-01  ,  0.4521E-02
0.18825      ,  0.1035      ,  0.5137E-02
0.19149      ,  0.1130      ,  0.5640E-02
0.19473      ,  0.1232      ,  0.6069E-02
0.19798      ,  0.1343      ,  0.6577E-02
0.20122      ,  0.1467      ,  0.7368E-02
0.20447      ,  0.1612      ,  0.8605E-02
0.20771      ,  0.1786      ,  0.1032E-01
0.21095      ,  0.1995      ,  0.1240E-01
0.21420      ,  0.2241      ,  0.1461E-01
0.21744      ,  0.2522      ,  0.1666E-01
0.22069      ,  0.2830      ,  0.1829E-01
0.22393      ,  0.3155      ,  0.1927E-01
0.22717      ,  0.3484      ,  0.1956E-01
0.23042      ,  0.3812      ,  0.1946E-01
0.23366      ,  0.4139      ,  0.1941E-01
0.23691      ,  0.4471      ,  0.1969E-01
0.24015      ,  0.4812      ,  0.2026E-01
0.24339      ,  0.5165      ,  0.2093E-01
0.24664      ,  0.5531      ,  0.2173E-01
0.24988      ,  0.5916      ,  0.2285E-01
0.25312      ,  0.6327      ,  0.2441E-01
0.25637      ,  0.6768      ,  0.2614E-01
0.25961      ,  0.7232      ,  0.2754E-01
0.26286      ,  0.7708      ,  0.2825E-01
0.26610      ,  0.8185      ,  0.2834E-01
0.26934      ,  0.8660      ,  0.2821E-01
0.27259      ,  0.9137      ,  0.2828E-01
0.27583      ,  0.9619      ,  0.2864E-01
0.27908      ,   1.011      ,  0.2897E-01
0.28232      ,   1.059      ,  0.2882E-01
0.28556      ,   1.106      ,  0.2790E-01
0.28881      ,   1.151      ,  0.2628E-01
0.29205      ,   1.192      ,  0.2433E-01
0.29530      ,   1.229      ,  0.2250E-01
0.29854      ,   1.265      ,  0.2119E-01
0.30178      ,   1.300      ,  0.2052E-01
0.30503      ,   1.334      ,  0.2035E-01
0.30827      ,   1.368      ,  0.2029E-01
0.31152      ,   1.402      ,  0.1987E-01
0.31476      ,   1.433      ,  0.1880E-01
0.31800      ,   1.462      ,  0.1709E-01
0.32125      ,   1.488      ,  0.1511E-01
0.32449      ,   1.510      ,  0.1338E-01
0.32774      ,   1.531      ,  0.1226E-01
0.33098      ,   1.551      ,  0.1183E-01
0.33422      ,   1.571      ,  0.1195E-01
0.33747      ,   1.592      ,  0.1247E-01
0.34071      ,   1.614      ,  0.1323E-01
0.34396      ,   1.638      ,  0.1401E-01
0.34720      ,   1.662      ,  0.1448E-01
0.35044      ,   1.686      ,  0.1432E-01
0.35369      ,   1.709      ,  0.1343E-01
0.35693      ,   1.729      ,  0.1205E-01
0.36017      ,   1.747      ,  0.1061E-01
0.36342      ,   1.763      ,  0.9520E-02
0.36666      ,   1.778      ,  0.9014E-02
0.36991      ,   1.794      ,  0.9108E-02
0.37315      ,   1.810      ,  0.9707E-02
0.37639      ,   1.828      ,  0.1064E-01
0.37964      ,   1.848      ,  0.1165E-01
0.38288      ,   1.868      ,  0.1237E-01
0.38613      ,   1.890      ,  0.1253E-01
0.38937      ,   1.910      ,  0.1214E-01
0.39261      ,   1.929      ,  0.1144E-01
0.39586      ,   1.947      ,  0.1076E-01
0.39910      ,   1.965      ,  0.1029E-01
0.40235      ,   1.982      ,  0.1003E-01
0.40559      ,   1.998      ,  0.9920E-02
0.40883      ,   2.015      ,  0.9860E-02
0.41208      ,   2.031      ,  0.9708E-02
0.41532      ,   2.047      ,  0.9342E-02
0.41857      ,   2.062      ,  0.8730E-02
0.42181      ,   2.075      ,  0.7920E-02
0.42505      ,   2.087      ,  0.6974E-02
0.42830      ,   2.097      ,  0.5926E-02
0.43154      ,   2.105      ,  0.4818E-02
0.43479      ,   2.111      ,  0.3750E-02
0.43803      ,   2.116      ,  0.2871E-02
0.44127      ,   2.120      ,  0.2307E-02
0.44452      ,   2.124      ,  0.2095E-02
0.44776      ,   2.127      ,  0.2165E-02
0.45101      ,   2.131      ,  0.2384E-02
0.45425      ,   2.136      ,  0.2624E-02
0.45749      ,   2.140      ,  0.2791E-02
0.46074      ,   2.145      ,  0.2836E-02
0.46398      ,   2.150      ,  0.2762E-02
0.46723      ,   2.154      ,  0.2640E-02
0.47047      ,   2.159      ,  0.2592E-02
0.47371      ,   2.163      ,  0.2698E-02
0.47696      ,   2.168      ,  0.2902E-02
0.48020      ,   2.173      ,  0.3030E-02
0.48344      ,   2.178      ,  0.2941E-02
0.48669      ,   2.183      ,  0.2682E-02
0.48993      ,   2.187      ,  0.2482E-02
0.49318      ,   2.191      ,  0.2581E-02
0.49642      ,   2.196      ,  0.3038E-02
0.49966      ,   2.202      ,  0.3689E-02
0.50291      ,   2.210      ,  0.4245E-02
0.50615      ,   2.217      ,  0.4467E-02
0.50940      ,   2.224      ,  0.4280E-02
0.51264      ,   2.231      ,  0.3808E-02
0.51588      ,   2.236      ,  0.3310E-02
0.51913      ,   2.241      ,  0.3042E-02
0.52237      ,   2.247      ,  0.3143E-02
0.52562      ,   2.253      ,  0.3584E-02
0.52886      ,   2.260      ,  0.4213E-02
0.53210      ,   2.268      ,  0.4834E-02
0.53535      ,   2.277      ,  0.5272E-02
0.53859      ,   2.286      ,  0.5436E-02
0.54184      ,   2.295      ,  0.5350E-02
0.54508      ,   2.304      ,  0.5127E-02
0.54832      ,   2.312      ,  0.4896E-02
0.55157      ,   2.320      ,  0.4745E-02
0.55481      ,   2.328      ,  0.4739E-02
0.55806      ,   2.336      ,  0.4952E-02
0.56130      ,   2.345      ,  0.5435E-02
0.56454      ,   2.356      ,  0.6123E-02
0.56779      ,   2.367      ,  0.6803E-02
0.57103      ,   2.379      ,  0.7222E-02
0.57428      ,   2.392      ,  0.7269E-02
0.57752      ,   2.404      ,  0.7074E-02
0.58076      ,   2.415      ,  0.6916E-02
0.58401      ,   2.427      ,  0.7022E-02
0.58725      ,   2.440      ,  0.7426E-02
0.59050      ,   2.453      ,  0.7994E-02
0.59374      ,   2.467      ,  0.8564E-02
0.59698      ,   2.483      ,  0.9074E-02
0.60023      ,   2.499      ,  0.9578E-02
0.60347      ,   2.516      ,  0.1016E-01
0.60671      ,   2.534      ,  0.1085E-01
0.60996      ,   2.554      ,  0.1163E-01
0.61320      ,   2.575      ,  0.1249E-01
0.61645      ,   2.598      ,  0.1347E-01
0.61969      ,   2.622      ,  0.1449E-01
0.62293      ,   2.648      ,  0.1537E-01
0.62618      ,   2.675      ,  0.1588E-01
0.62942      ,   2.701      ,  0.1588E-01
0.63267      ,   2.727      ,  0.1537E-01
0.63591      ,   2.752      ,  0.1443E-01
0.63915      ,   2.774      ,  0.1315E-01
0.64240      ,   2.793      ,  0.1165E-01
0.64564      ,   2.810      ,  0.1014E-01
0.64889      ,   2.825      ,  0.8855E-02
0.65213      ,   2.839      ,  0.7960E-02
0.65537      ,   2.851      ,  0.7473E-02
0.65862      ,   2.864      ,  0.7282E-02
0.66186      ,   2.876      ,  0.7181E-02
0.66511      ,   2.887      ,  0.6953E-02
0.66835      ,   2.898      ,  0.6474E-02
0.67159      ,   2.908      ,  0.5791E-02
0.67484      ,   2.917      ,  0.5109E-02
0.67808      ,   2.925      ,  0.4647E-02
0.68133      ,   2.932      ,  0.4487E-02
0.68457      ,   2.940      ,  0.4556E-02
0.68781      ,   2.948      ,  0.4732E-02
0.69106      ,   2.956      ,  0.4935E-02
0.69430      ,   2.965      ,  0.5136E-02
0.69755      ,   2.974      ,  0.5309E-02
0.70079      ,   2.983      ,  0.5438E-02
0.70403      ,   2.992      ,  0.5537E-02
0.70728      ,   3.002      ,  0.5644E-02
0.71052      ,   3.011      ,  0.5788E-02
0.71376      ,   3.022      ,  0.5998E-02
0.71701      ,   3.032      ,  0.6345E-02
0.72025      ,   3.044      ,  0.6979E-02
0.72350      ,   3.058      ,  0.8092E-02
0.72674      ,   3.074      ,  0.9770E-02
0.72998      ,   3.094      ,  0.1179E-01
0.73323      ,   3.117      ,  0.1355E-01
0.73647      ,   3.141      ,  0.1434E-01
0.73972      ,   3.164      ,  0.1379E-01
0.74296      ,   3.185      ,  0.1213E-01
0.74620      ,   3.202      ,  0.1016E-01
0.74945      ,   3.217      ,  0.8808E-02
0.75269      ,   3.231      ,  0.8754E-02
0.75594      ,   3.249      ,  0.1019E-01
0.75918      ,   3.270      ,  0.1267E-01
0.76242      ,   3.295      ,  0.1513E-01
0.76567      ,   3.323      ,  0.1637E-01
0.76891      ,   3.349      ,  0.1571E-01
0.77216      ,   3.372      ,  0.1339E-01
0.77540      ,   3.390      ,  0.1043E-01
0.77864      ,   3.403      ,  0.7988E-02
0.78189      ,   3.415      ,  0.6858E-02
0.78513      ,   3.427      ,  0.7258E-02
0.78838      ,   3.442      ,  0.8872E-02
0.79162      ,   3.460      ,  0.1097E-01
0.79486      ,   3.481      ,  0.1260E-01
0.79811      ,   3.503      ,  0.1302E-01
0.80135      ,   3.524      ,  0.1202E-01
0.80460      ,   3.541      ,  0.1005E-01
0.80784      ,   3.554      ,  0.7918E-02
0.81108      ,   3.565      ,  0.6372E-02
0.81433      ,   3.574      ,  0.5867E-02
0.81757      ,   3.585      ,  0.6492E-02
0.82082      ,   3.599      ,  0.7958E-02
0.82406      ,   3.615      ,  0.9638E-02
0.82730      ,   3.633      ,  0.1076E-01
0.83055      ,   3.651      ,  0.1075E-01
0.83379      ,   3.667      ,  0.9596E-02
0.83703      ,   3.681      ,  0.7848E-02
0.84028      ,   3.691      ,  0.6337E-02
0.84352      ,   3.701      ,  0.5771E-02
0.84677      ,   3.712      ,  0.6479E-02
0.85001      ,   3.726      ,  0.8370E-02
0.85325      ,   3.745      ,  0.1111E-01
0.85650      ,   3.769      ,  0.1443E-01
0.85974      ,   3.800      ,  0.1843E-01
0.86299      ,   3.840      ,  0.2355E-01
0.86623      ,   3.891      ,  0.3013E-01
0.86947      ,   3.955      ,  0.3800E-01
0.87272      ,   4.033      ,  0.4625E-01
0.87596      ,   4.123      ,  0.5359E-01
0.87921      ,   4.222      ,  0.5899E-01
0.88245      ,   4.327      ,  0.6210E-01
0.88569      ,   4.434      ,  0.6332E-01
0.88894      ,   4.541      ,  0.6349E-01
0.89218      ,   4.647      ,  0.6338E-01
0.89543      ,   4.754      ,  0.6336E-01
0.89867      ,   4.861      ,  0.6346E-01
0.90191      ,   4.968      ,  0.6352E-01
0.90516      ,   5.075      ,  0.6345E-01
0.90840      ,   5.181      ,  0.6324E-01
0.91165      ,   5.287      ,  0.6278E-01
0.91489      ,   5.391      ,  0.6160E-01
0.91813      ,   5.490      ,  0.5895E-01
0.92138      ,   5.582      ,  0.5417E-01
0.92462      ,   5.661      ,  0.4728E-01
0.92787      ,   5.727      ,  0.3913E-01
0.93111      ,   5.779      ,  0.3102E-01
0.93435      ,   5.820      ,  0.2407E-01
0.93760      ,   5.852      ,  0.1877E-01
0.94084      ,   5.877      ,  0.1501E-01
0.94409      ,   5.898      ,  0.1237E-01
0.94733      ,   5.915      ,  0.1043E-01
0.95057      ,   5.930      ,  0.8860E-02
0.95382      ,   5.943      ,  0.7500E-02
0.95706      ,   5.953      ,  0.6243E-02
0.96030      ,   5.962      ,  0.5036E-02
0.96355      ,   5.968      ,  0.3868E-02
0.96679      ,   5.973      ,  0.2777E-02
0.97004      ,   5.976      ,  0.1831E-02
