 first Unpertubed Free Energy F0= (-0.26566096951987850     ,  0.0000000000000000     )
 final translational vector =   0.0000000000000000        2.6988099999999999        2.6988099999999999        2.6988099999999999        0.0000000000000000        2.6988099999999999        2.6988099999999999        2.6988099999999999        0.0000000000000000     
 final F0 =  (-0.26535940426053017     ,  0.0000000000000000     )
 final Free Energy F=F0+<V-V0> =  (-0.26395118420528618     ,  0.0000000000000000     )
 Temperature   800.00000000000000     
 Current Volume is:   39.395531528401975     
 my calculated gruneisen:   2.9087772196006985E-005
 my calculated specific heat:   24.123102799978774     
 elastic
  -7.2965163560606801       -5.3577356830045018       -5.3577356830039733        3.2373577929776383E-008  -5.7789664649694773E-008  -5.7785016045404522E-008
  -5.3577356830094152       -7.2965163560653288       -5.3577356830078777       -5.7795065628829842E-008   3.2370974127828486E-008  -5.7785554065511760E-008
  -5.3577356830141065       -5.3577356830135585       -7.2965163560713178       -5.7794230667847894E-008  -5.7789205895372374E-008   3.2366909022202694E-008
  -5.2776119736658298E-008  -4.9945546116888916E-008  -4.9945025189465441E-008  -14.802412697574637       -1.2507895225357764E-008  -1.2513599025599562E-008
  -4.9941462009990818E-008  -5.2772825257973710E-008  -4.9941448106894010E-008  -1.2508140313650917E-008  -14.802412697569126       -1.2509646844946547E-008
  -4.9937923865505603E-008  -4.9938166173927324E-008  -5.2769197937794553E-008  -1.2510103168388979E-008  -1.2509331604989699E-008  -14.802412697563339     

 compliance
  -1.3008109665930312       0.55075569152870574       0.55075569152826376       -7.1456843069099023E-009   4.1327177538593376E-009   4.1322938655696414E-009
  0.55075569152934201       -1.3008109665921861       0.55075569152816717        4.1331023053276024E-009  -7.1450675766302829E-009   4.1323611640544566E-009
  0.55075569152917436       0.55075569152888193       -1.3008109665910519        4.1329978638389854E-009   4.1326603703506529E-009  -7.1444015064789500E-009
   9.2123189070619188E-010   5.6716827626523632E-010   5.6710311581690802E-010 -0.24251327975941217        2.0492136557385754E-010   2.0501481299573780E-010
   5.6706504312331014E-010   9.2122742857613561E-010   5.6706330404852510E-010   2.0492538094355012E-010 -0.24251327975950243        2.0495006299133419E-010
   5.6701119064207591E-010   5.6704149990367048E-010   9.2116242151195710E-010   2.0495753910284261E-010   2.0494489830134928E-010 -0.24251327975959724     

