    1     0.000    0.551    0.551    0.551  59.086      59.086      213.24      238.42      285.46      285.46    
    2     0.024    0.537    0.537    0.537  59.069      59.069      212.68      238.94      285.46      285.46    
    3     0.049    0.523    0.523    0.523  59.015      59.015      211.14      240.39      285.45      285.45    
    4     0.073    0.509    0.509    0.509  58.927      58.927      208.86      242.50      285.45      285.45    
    5     0.098    0.494    0.494    0.494  58.804      58.804      206.06      245.02      285.44      285.44    
    6     0.122    0.480    0.480    0.480  58.647      58.647      202.89      247.77      285.42      285.42    
    7     0.147    0.466    0.466    0.466  58.456      58.456      199.45      250.63      285.40      285.40    
    8     0.171    0.452    0.452    0.452  58.232      58.232      195.77      253.51      285.39      285.39    
    9     0.196    0.438    0.438    0.438  57.973      57.973      191.88      256.36      285.37      285.37    
   10     0.220    0.424    0.424    0.424  57.677      57.677      187.78      259.12      285.35      285.35    
   11     0.245    0.410    0.410    0.410  57.341      57.341      183.48      261.76      285.34      285.34    
   12     0.269    0.396    0.396    0.396  56.960      56.960      178.98      264.26      285.34      285.34    
   13     0.294    0.381    0.381    0.381  56.530      56.530      174.27      266.60      285.36      285.36    
   14     0.318    0.367    0.367    0.367  56.042      56.042      169.35      268.77      285.41      285.41    
   15     0.343    0.353    0.353    0.353  55.491      55.491      164.22      270.77      285.48      285.48    
   16     0.367    0.339    0.339    0.339  54.866      54.866      158.88      272.59      285.60      285.60    
   17     0.391    0.325    0.325    0.325  54.159      54.159      153.35      274.26      285.76      285.76    
   18     0.416    0.311    0.311    0.311  53.357      53.357      147.63      275.78      285.98      285.98    
   19     0.440    0.297    0.297    0.297  52.451      52.451      141.73      277.18      286.25      286.25    
   20     0.465    0.283    0.283    0.283  51.427      51.427      135.67      278.47      286.59      286.59    
   21     0.489    0.268    0.268    0.268  50.275      50.275      129.46      279.68      286.99      286.99    
   22     0.514    0.254    0.254    0.254  48.983      48.983      123.12      280.83      287.45      287.45    
   23     0.538    0.240    0.240    0.240  47.541      47.541      116.66      281.95      287.98      287.98    
   24     0.563    0.226    0.226    0.226  45.938      45.938      110.11      283.04      288.57      288.57    
   25     0.587    0.212    0.212    0.212  44.168      44.168      103.47      284.13      289.20      289.20    
   26     0.612    0.198    0.198    0.198  42.226      42.226      96.762      285.23      289.87      289.87    
   27     0.636    0.184    0.184    0.184  40.109      40.109      89.999      286.34      290.58      290.58    
   28     0.661    0.170    0.170    0.170  37.817      37.817      83.191      287.47      291.30      291.30    
   29     0.685    0.155    0.155    0.155  35.354      35.354      76.347      288.60      292.02      292.02    
   30     0.710    0.141    0.141    0.141  32.724      32.724      69.475      289.74      292.74      292.74    
   31     0.734    0.127    0.127    0.127  29.937      29.937      62.580      290.85      293.43      293.43    
   32     0.759    0.113    0.113    0.113  27.002      27.002      55.668      291.94      294.08      294.08    
   33     0.783    0.099    0.099    0.099  23.933      23.933      48.740      292.96      294.69      294.69    
   34     0.807    0.085    0.085    0.085  20.744      20.744      41.801      293.91      295.24      295.24    
   35     0.832    0.071    0.071    0.071  17.450      17.450      34.850      294.76      295.72      295.72    
   36     0.856    0.057    0.057    0.057  14.067      14.067      27.891      295.49      296.13      296.13    
   37     0.881    0.042    0.042    0.042  10.613      10.613      20.925      296.08      296.45      296.45    
   38     0.905    0.028    0.028    0.028  7.1052      7.1052      13.953      296.51      296.68      296.68    
   39     0.930    0.014    0.014    0.014  3.5610      3.5612      6.9772      296.78      296.82      296.82    
   40     0.954    0.000    0.000    0.000 0.58352E-01 0.70234E-01 0.70234E-01  296.87      296.87      296.87    
   41     0.954    0.000    0.000    0.000 0.58352E-01 0.70234E-01 0.70234E-01  296.87      296.87      296.87    
   42     0.984    0.021    0.021    0.000  3.9342      5.1179      8.3288      296.73      296.77      296.83    
   43     1.014    0.042    0.042    0.000  7.8571      10.242      16.623      296.34      296.46      296.71    
   44     1.044    0.064    0.064    0.000  11.756      15.375      24.846      295.72      295.95      296.51    
   45     1.074    0.085    0.085    0.000  15.618      20.514      32.965      294.90      295.23      296.23    
   46     1.104    0.106    0.106    0.000  19.434      25.651      40.948      293.94      294.31      295.85    
   47     1.134    0.127    0.127    0.000  23.192      30.767      48.767      292.89      293.18      295.39    
   48     1.164    0.148    0.148    0.000  26.884      35.840      56.396      291.82      291.84      294.83    
   49     1.194    0.170    0.170    0.000  30.499      40.840      63.814      290.30      290.79      294.18    
   50     1.224    0.191    0.191    0.000  34.031      45.732      71.004      288.56      289.84      293.43    
   51     1.254    0.212    0.212    0.000  37.470      50.485      77.955      286.61      289.01      292.58    
   52     1.284    0.233    0.233    0.000  40.808      55.065      84.661      284.47      288.32      291.65    
   53     1.314    0.254    0.254    0.000  44.037      59.448      91.119      282.15      287.78      290.63    
   54     1.344    0.275    0.275    0.000  47.148      63.614      97.333      279.64      287.39      289.53    
   55     1.374    0.297    0.297    0.000  50.133      67.555      103.31      276.97      287.12      288.38    
   56     1.404    0.318    0.318    0.000  52.981      71.273      109.06      274.14      286.94      287.18    
   57     1.434    0.339    0.339    0.000  55.685      74.779      114.59      271.18      285.94      286.83    
   58     1.464    0.360    0.360    0.000  58.233      78.092      119.91      268.10      284.69      286.75    
   59     1.494    0.381    0.381    0.000  60.618      81.239      125.04      264.94      283.44      286.67    
   60     1.524    0.403    0.403    0.000  62.831      84.247      130.00      261.70      282.21      286.56    
   61     1.554    0.424    0.424    0.000  64.866      87.141      134.79      258.42      281.02      286.41    
   62     1.584    0.445    0.445    0.000  66.719      89.940      139.43      255.13      279.87      286.22    
   63     1.614    0.466    0.466    0.000  68.387      92.653      143.93      251.85      278.78      285.99    
   64     1.643    0.487    0.487    0.000  69.870      95.279      148.32      248.61      277.76      285.71    
   65     1.673    0.509    0.509    0.000  71.173      97.802      152.60      245.43      276.81      285.41    
   66     1.703    0.530    0.530    0.000  72.301      100.20      156.79      242.34      275.95      285.09    
   67     1.733    0.551    0.551    0.000  73.264      102.44      160.91      239.34      275.16      284.77    
   68     1.763    0.572    0.572    0.000  74.072      104.49      164.97      236.46      274.46      284.46    
   69     1.793    0.593    0.593    0.000  74.741      106.32      168.98      233.68      273.85      284.15    
   70     1.823    0.615    0.615    0.000  75.283      107.91      172.95      231.01      273.30      283.84    
   71     1.853    0.636    0.636    0.000  75.715      109.23      176.88      228.46      272.83      283.54    
   72     1.883    0.657    0.657    0.000  76.049      110.27      180.77      226.01      272.43      283.21    
   73     1.913    0.678    0.678    0.000  76.299      111.03      184.63      223.68      272.08      282.86    
   74     1.943    0.699    0.699    0.000  76.476      111.52      188.43      221.49      271.78      282.47    
   75     1.973    0.720    0.720    0.000  76.587      111.73      192.18      219.45      271.53      282.02    
   76     2.003    0.742    0.742    0.000  76.638      111.64      195.87      217.63      271.31      281.52    
   77     2.033    0.763    0.763    0.000  76.631      111.24      199.48      216.09      271.13      280.94    
   78     2.063    0.784    0.784    0.000  76.568      110.50      203.01      214.92      270.97      280.29    
   79     2.093    0.805    0.805    0.000  76.448      109.36      206.44      214.20      270.82      279.57    
   80     2.123    0.826    0.826    0.000  76.269      107.79      209.77      214.00      270.69      278.79    
   81     2.123    0.826    0.826    0.000  76.269      107.79      209.77      214.00      270.69      278.79    
   82     2.133    0.833    0.833    0.000  76.196      107.16      210.86      214.06      270.65      278.51    
   83     2.143    0.841    0.841    0.000  76.117      106.48      211.93      214.19      270.61      278.24    
   84     2.153    0.848    0.848    0.000  76.031      105.75      212.99      214.39      270.57      277.95    
   85     2.163    0.855    0.855    0.000  75.939      104.96      214.04      214.65      270.53      277.67    
   86     2.173    0.862    0.862    0.000  75.841      104.12      214.98      215.07      270.49      277.37    
   87     2.183    0.869    0.869    0.000  75.736      103.23      215.38      216.09      270.45      277.08    
   88     2.193    0.876    0.876    0.000  75.626      102.29      215.84      217.10      270.42      276.78    
   89     2.203    0.883    0.883    0.000  75.510      101.31      216.36      218.09      270.38      276.48    
   90     2.213    0.890    0.890    0.000  75.388      100.27      216.94      219.06      270.34      276.18    
   91     2.223    0.897    0.897    0.000  75.262      99.199      217.57      220.02      270.31      275.88    
   92     2.233    0.904    0.904    0.000  75.130      98.084      218.26      220.96      270.27      275.57    
   93     2.243    0.911    0.911    0.000  74.994      96.933      218.99      221.89      270.24      275.27    
   94     2.253    0.918    0.918    0.000  74.855      95.751      219.76      222.80      270.20      274.97    
   95     2.263    0.925    0.925    0.000  74.712      94.541      220.57      223.69      270.17      274.66    
   96     2.273    0.932    0.932    0.000  74.566      93.308      221.41      224.56      270.14      274.36    
   97     2.283    0.939    0.939    0.000  74.417      92.058      222.28      225.41      270.10      274.06    
   98     2.293    0.946    0.946    0.000  74.268      90.795      223.16      226.24      270.07      273.77    
   99     2.303    0.954    0.954    0.000  74.117      89.526      224.06      227.05      270.04      273.47    
  100     2.313    0.961    0.961    0.000  73.966      88.256      224.97      227.84      270.01      273.18    
  101     2.323    0.968    0.968    0.000  73.816      86.990      225.88      228.60      269.98      272.90    
  102     2.333    0.975    0.975    0.000  73.667      85.736      226.78      229.34      269.95      272.62    
  103     2.343    0.982    0.982    0.000  73.520      84.499      227.68      230.05      269.92      272.35    
  104     2.353    0.989    0.989    0.000  73.376      83.285      228.55      230.74      269.89      272.08    
  105     2.363    0.996    0.996    0.000  73.235      82.102      229.41      231.39      269.86      271.83    
  106     2.373    1.003    1.003    0.000  73.099      80.955      230.24      232.02      269.84      271.58    
  107     2.383    1.010    1.010    0.000  72.968      79.851      231.04      232.61      269.82      271.34    
  108     2.393    1.017    1.017    0.000  72.843      78.797      231.80      233.16      269.79      271.11    
  109     2.403    1.024    1.024    0.000  72.725      77.798      232.51      233.68      269.77      270.90    
  110     2.413    1.031    1.031    0.000  72.615      76.862      233.18      234.17      269.75      270.69    
  111     2.423    1.038    1.038    0.000  72.513      75.994      233.80      234.61      269.73      270.51    
  112     2.433    1.045    1.045    0.000  72.419      75.199      234.37      235.01      269.72      270.34    
  113     2.443    1.052    1.052    0.000  72.335      74.484      234.87      235.37      269.70      270.18    
  114     2.453    1.059    1.059    0.000  72.261      73.853      235.32      235.69      269.69      270.05    
  115     2.463    1.067    1.067    0.000  72.198      73.311      235.70      235.96      269.68      269.93    
  116     2.473    1.074    1.074    0.000  72.145      72.862      236.01      236.18      269.67      269.83    
  117     2.483    1.081    1.081    0.000  72.104      72.509      236.26      236.35      269.66      269.75    
  118     2.493    1.088    1.088    0.000  72.075      72.255      236.44      236.48      269.66      269.70    
  119     2.503    1.095    1.095    0.000  72.057      72.102      236.54      236.56      269.66      269.67    
  120     2.513    1.102    1.102    0.000  72.051      72.051      236.58      236.58      269.65      269.65    
  121     2.513    1.102    1.102    0.000  72.051      72.051      236.58      236.58      269.65      269.65    
  122     2.527    1.088    1.102    0.000  72.108      72.108      236.52      236.52      269.67      269.67    
  123     2.541    1.074    1.102    0.000  72.279      72.279      236.34      236.34      269.70      269.70    
  124     2.555    1.059    1.102    0.000  72.562      72.562      236.04      236.04      269.76      269.76    
  125     2.569    1.045    1.102    0.000  72.954      72.954      235.62      235.62      269.84      269.84    
  126     2.583    1.031    1.102    0.000  73.452      73.452      235.09      235.09      269.94      269.94    
  127     2.597    1.017    1.102    0.000  74.052      74.052      234.46      234.46      270.05      270.05    
  128     2.611    1.003    1.102    0.000  74.746      74.746      233.72      233.72      270.17      270.17    
  129     2.626    0.989    1.102    0.000  75.530      75.530      232.89      232.89      270.31      270.31    
  130     2.640    0.975    1.102    0.000  76.397      76.397      231.97      231.97      270.45      270.45    
  131     2.654    0.961    1.102    0.000  77.339      77.339      230.98      230.98      270.59      270.59    
  132     2.668    0.946    1.102    0.000  78.350      78.350      229.91      229.91      270.73      270.73    
  133     2.682    0.932    1.102    0.000  79.420      79.420      228.77      228.77      270.86      270.86    
  134     2.696    0.918    1.102    0.000  80.543      80.543      227.58      227.58      270.99      270.99    
  135     2.710    0.904    1.102    0.000  81.711      81.711      226.34      226.34      271.12      271.12    
  136     2.724    0.890    1.102    0.000  82.915      82.915      225.05      225.05      271.23      271.23    
  137     2.739    0.876    1.102    0.000  84.148      84.148      223.73      223.73      271.34      271.34    
  138     2.753    0.862    1.102    0.000  85.401      85.401      222.38      222.38      271.43      271.43    
  139     2.767    0.848    1.102    0.000  86.667      86.667      221.01      221.01      271.51      271.51    
  140     2.781    0.833    1.102    0.000  87.939      87.939      219.64      219.64      271.59      271.59    
  141     2.795    0.819    1.102    0.000  89.209      89.209      218.25      218.25      271.65      271.65    
  142     2.809    0.805    1.102    0.000  90.469      90.469      216.87      216.87      271.70      271.70    
  143     2.823    0.791    1.102    0.000  91.713      91.713      215.51      215.51      271.74      271.74    
  144     2.837    0.777    1.102    0.000  92.934      92.934      214.16      214.16      271.76      271.76    
  145     2.852    0.763    1.102    0.000  94.124      94.124      212.84      212.84      271.78      271.78    
  146     2.866    0.749    1.102    0.000  95.277      95.277      211.56      211.56      271.80      271.80    
  147     2.880    0.735    1.102    0.000  96.386      96.386      210.32      210.32      271.80      271.80    
  148     2.894    0.720    1.102    0.000  97.445      97.445      209.13      209.13      271.80      271.80    
  149     2.908    0.706    1.102    0.000  98.448      98.448      208.01      208.01      271.79      271.79    
  150     2.922    0.692    1.102    0.000  99.388      99.388      206.95      206.95      271.78      271.78    
  151     2.936    0.678    1.102    0.000  100.26      100.26      205.96      205.96      271.76      271.76    
  152     2.950    0.664    1.102    0.000  101.06      101.06      205.06      205.06      271.75      271.75    
  153     2.965    0.650    1.102    0.000  101.77      101.77      204.24      204.24      271.73      271.73    
  154     2.979    0.636    1.102    0.000  102.41      102.41      203.52      203.52      271.71      271.71    
  155     2.993    0.622    1.102    0.000  102.95      102.95      202.90      202.90      271.70      271.70    
  156     3.007    0.607    1.102    0.000  103.40      103.40      202.39      202.39      271.68      271.68    
  157     3.021    0.593    1.102    0.000  103.76      103.76      201.98      201.98      271.67      271.67    
  158     3.035    0.579    1.102    0.000  104.01      104.01      201.69      201.69      271.66      271.66    
  159     3.049    0.565    1.102    0.000  104.17      104.17      201.51      201.51      271.66      271.66    
  160     3.063    0.551    1.102    0.000  104.22      104.22      201.45      201.45      271.66      271.66    
  161     3.063    0.551    1.102    0.000  104.22      104.22      201.45      201.45      271.66      271.66    
  162     3.083    0.551    1.088    0.014  103.40      104.97      200.05      202.89      271.54      271.81    
  163     3.103    0.551    1.074    0.028  102.51      105.64      198.67      204.35      271.47      272.00    
  164     3.123    0.551    1.059    0.042  101.57      106.23      197.31      205.83      271.43      272.23    
  165     3.143    0.551    1.045    0.057  100.58      106.73      195.98      207.33      271.43      272.50    
  166     3.163    0.551    1.031    0.071  99.543      107.14      194.68      208.86      271.47      272.79    
  167     3.183    0.551    1.017    0.085  98.468      107.45      193.39      210.40      271.55      273.12    
  168     3.203    0.551    1.003    0.099  97.358      107.66      192.14      211.94      271.66      273.47    
  169     3.223    0.551    0.989    0.113  96.215      107.78      190.91      213.49      271.80      273.85    
  170     3.243    0.551    0.975    0.127  95.040      107.79      189.73      215.03      271.97      274.25    
  171     3.263    0.551    0.961    0.141  93.834      107.69      188.59      216.55      272.17      274.67    
  172     3.283    0.551    0.946    0.155  92.596      107.49      187.52      218.05      272.39      275.11    
  173     3.303    0.551    0.932    0.170  91.324      107.17      186.53      219.51      272.64      275.57    
  174     3.323    0.551    0.918    0.184  90.016      106.74      185.65      220.93      272.92      276.04    
  175     3.343    0.551    0.904    0.198  88.671      106.17      184.90      222.31      273.23      276.52    
  176     3.363    0.551    0.890    0.212  87.287      105.45      184.31      223.63      273.56      277.01    
  177     3.383    0.551    0.876    0.226  85.864      104.58      183.92      224.89      273.91      277.52    
  178     3.403    0.551    0.862    0.240  84.402      103.53      183.76      226.08      274.30      278.03    
  179     3.423    0.551    0.848    0.254  82.903      102.30      183.84      227.21      274.72      278.55    
  180     3.443    0.551    0.833    0.268  81.371      100.86      184.19      228.27      275.16      279.07    
  181     3.463    0.551    0.819    0.283  79.810      99.207      184.82      229.27      275.64      279.59    
  182     3.483    0.551    0.805    0.297  78.228      97.346      185.74      230.20      276.15      280.11    
  183     3.503    0.551    0.791    0.311  76.633      95.279      186.94      231.07      276.69      280.62    
  184     3.523    0.551    0.777    0.325  75.035      93.018      188.39      231.88      277.27      281.12    
  185     3.543    0.551    0.763    0.339  73.445      90.583      190.07      232.64      277.87      281.61    
  186     3.563    0.551    0.749    0.353  71.878      87.999      191.94      233.34      278.50      282.08    
  187     3.583    0.551    0.735    0.367  70.345      85.297      193.96      234.00      279.16      282.53    
  188     3.603    0.551    0.720    0.381  68.862      82.512      196.08      234.61      279.83      282.95    
  189     3.623    0.551    0.706    0.396  67.441      79.684      198.24      235.18      280.50      283.35    
  190     3.643    0.551    0.692    0.410  66.096      76.855      200.41      235.71      281.18      283.71    
  191     3.663    0.551    0.678    0.424  64.840      74.070      202.53      236.20      281.85      284.04    
  192     3.683    0.551    0.664    0.438  63.686      71.377      204.55      236.64      282.50      284.34    
  193     3.703    0.551    0.650    0.452  62.643      68.825      206.43      237.04      283.12      284.61    
  194     3.723    0.551    0.636    0.466  61.721      66.466      208.14      237.39      283.69      284.83    
  195     3.743    0.551    0.622    0.480  60.929      64.352      209.64      237.70      284.19      285.03    
  196     3.763    0.551    0.607    0.494  60.272      62.535      210.91      237.96      284.63      285.18    
  197     3.783    0.551    0.593    0.509  59.756      61.063      211.91      238.16      284.99      285.30    
  198     3.803    0.551    0.579    0.523  59.385      59.977      212.64      238.30      285.25      285.39    
  199     3.823    0.551    0.565    0.537  59.161      59.311      213.09      238.39      285.41      285.44    
  200     3.843    0.551    0.551    0.551  59.086      59.086      213.24      238.42      285.46      285.46    
  201     3.843    0.551    0.551    0.551  59.086      59.086      213.24      238.42      285.46      285.46    
  202     3.860    0.558    0.558    0.537  59.143      59.255      213.12      238.40      285.42      285.45    
  203     3.877    0.565    0.565    0.523  59.309      59.757      212.79      238.33      285.30      285.41    
  204     3.895    0.572    0.572    0.509  59.584      60.583      212.24      238.22      285.10      285.35    
  205     3.912    0.579    0.579    0.494  59.961      61.716      211.48      238.07      284.83      285.26    
  206     3.929    0.586    0.586    0.480  60.434      63.137      210.52      237.88      284.48      285.15    
  207     3.946    0.593    0.593    0.466  60.994      64.821      209.36      237.65      284.07      285.03    
  208     3.964    0.600    0.600    0.452  61.631      66.740      208.04      237.38      283.59      284.88    
  209     3.981    0.607    0.607    0.438  62.335      68.866      206.56      237.07      283.06      284.72    
  210     3.998    0.615    0.615    0.424  63.094      71.168      204.94      236.73      282.49      284.55    
  211     4.016    0.622    0.622    0.410  63.897      73.617      203.21      236.36      281.87      284.37    
  212     4.033    0.629    0.629    0.396  64.731      76.182      201.40      235.97      281.22      284.19    
  213     4.050    0.636    0.636    0.381  65.585      78.831      199.54      235.54      280.55      283.99    
  214     4.068    0.643    0.643    0.367  66.449      81.533      197.65      235.09      279.86      283.80    
  215     4.085    0.650    0.650    0.353  67.311      84.259      195.77      234.61      279.16      283.60    
  216     4.102    0.657    0.657    0.339  68.162      86.975      193.94      234.10      278.47      283.41    
  217     4.119    0.664    0.664    0.325  68.992      89.652      192.20      233.57      277.78      283.21    
  218     4.137    0.671    0.671    0.311  69.795      92.257      190.58      233.02      277.11      283.02    
  219     4.154    0.678    0.678    0.297  70.563      94.760      189.12      232.43      276.46      282.83    
  220     4.171    0.685    0.685    0.283  71.290      97.132      187.85      231.81      275.84      282.64    
  221     4.189    0.692    0.692    0.268  71.972      99.343      186.82      231.17      275.25      282.46    
  222     4.206    0.699    0.699    0.254  72.605      101.37      186.05      230.49      274.69      282.28    
  223     4.223    0.706    0.706    0.240  73.187      103.20      185.56      229.78      274.18      282.11    
  224     4.241    0.713    0.713    0.226  73.716      104.80      185.36      229.03      273.71      281.94    
  225     4.258    0.720    0.720    0.212  74.192      106.18      185.48      228.25      273.27      281.77    
  226     4.275    0.728    0.728    0.198  74.614      107.34      185.90      227.42      272.89      281.61    
  227     4.292    0.735    0.735    0.184  74.985      108.28      186.61      226.56      272.54      281.44    
  228     4.310    0.742    0.742    0.170  75.305      109.01      187.59      225.67      272.23      281.28    
  229     4.327    0.749    0.749    0.155  75.578      109.56      188.82      224.74      271.96      281.12    
  230     4.344    0.756    0.756    0.141  75.805      109.94      190.27      223.77      271.73      280.95    
  231     4.362    0.763    0.763    0.127  75.991      110.17      191.91      222.77      271.53      280.77    
  232     4.379    0.770    0.770    0.113  76.137      110.27      193.71      221.75      271.36      280.59    
  233     4.396    0.777    0.777    0.099  76.248      110.25      195.63      220.69      271.22      280.41    
  234     4.414    0.784    0.784    0.085  76.326      110.14      197.66      219.62      271.10      280.21    
  235     4.431    0.791    0.791    0.071  76.375      109.93      199.75      218.54      271.00      280.00    
  236     4.448    0.798    0.798    0.057  76.398      109.65      201.89      217.45      270.92      279.78    
  237     4.465    0.805    0.805    0.042  76.396      109.29      204.06      216.38      270.85      279.55    
  238     4.483    0.812    0.812    0.028  76.373      108.85      206.19      215.34      270.79      279.30    
  239     4.500    0.819    0.819    0.014  76.330      108.35      208.21      214.45      270.74      279.05    
  240     4.517    0.826    0.826    0.000  76.269      107.79      209.77      214.00      270.69      278.79    
  241     4.517    0.826    0.826    0.000  76.269      107.79      209.77      214.00      270.69      278.79    
  242     4.527    0.819    0.833    0.000  76.312      107.78      209.75      213.99      270.69      278.77    
  243     4.537    0.812    0.841    0.000  76.439      107.78      209.69      213.96      270.69      278.73    
  244     4.547    0.805    0.848    0.000  76.651      107.78      209.59      213.90      270.69      278.67    
  245     4.557    0.798    0.855    0.000  76.946      107.77      209.45      213.83      270.69      278.58    
  246     4.567    0.791    0.862    0.000  77.321      107.77      209.27      213.73      270.70      278.47    
  247     4.577    0.784    0.869    0.000  77.774      107.76      209.05      213.61      270.70      278.33    
  248     4.587    0.777    0.876    0.000  78.301      107.74      208.80      213.47      270.70      278.17    
  249     4.597    0.770    0.883    0.000  78.900      107.73      208.51      213.30      270.71      277.99    
  250     4.607    0.763    0.890    0.000  79.566      107.72      208.19      213.12      270.71      277.80    
  251     4.617    0.756    0.897    0.000  80.294      107.70      207.83      212.92      270.72      277.58    
  252     4.627    0.749    0.904    0.000  81.080      107.67      207.45      212.70      270.73      277.36    
  253     4.637    0.742    0.911    0.000  81.919      107.65      207.04      212.47      270.74      277.11    
  254     4.647    0.735    0.918    0.000  82.805      107.62      206.60      212.21      270.75      276.86    
  255     4.657    0.728    0.925    0.000  83.732      107.59      206.15      211.94      270.76      276.60    
  256     4.667    0.720    0.932    0.000  84.695      107.55      205.68      211.65      270.77      276.33    
  257     4.677    0.713    0.939    0.000  85.689      107.51      205.19      211.35      270.79      276.06    
  258     4.687    0.706    0.946    0.000  86.706      107.46      204.70      211.03      270.81      275.78    
  259     4.697    0.699    0.954    0.000  87.741      107.41      204.21      210.69      270.82      275.50    
  260     4.707    0.692    0.961    0.000  88.788      107.35      203.71      210.35      270.85      275.22    
  261     4.717    0.685    0.968    0.000  89.841      107.28      203.22      209.98      270.87      274.95    
  262     4.727    0.678    0.975    0.000  90.893      107.21      202.74      209.61      270.89      274.68    
  263     4.737    0.671    0.982    0.000  91.939      107.13      202.27      209.23      270.92      274.41    
  264     4.747    0.664    0.989    0.000  92.973      107.04      201.83      208.83      270.95      274.15    
  265     4.757    0.657    0.996    0.000  93.989      106.95      201.41      208.43      270.98      273.91    
  266     4.767    0.650    1.003    0.000  94.982      106.84      201.03      208.01      271.02      273.67    
  267     4.777    0.643    1.010    0.000  95.946      106.73      200.68      207.59      271.05      273.44    
  268     4.787    0.636    1.017    0.000  96.877      106.61      200.38      207.15      271.09      273.22    
  269     4.797    0.629    1.024    0.000  97.769      106.47      200.12      206.71      271.13      273.01    
  270     4.807    0.622    1.031    0.000  98.619      106.33      199.92      206.26      271.18      272.82    
  271     4.817    0.615    1.038    0.000  99.423      106.17      199.77      205.81      271.22      272.64    
  272     4.827    0.607    1.045    0.000  100.18      106.01      199.69      205.34      271.27      272.47    
  273     4.837    0.600    1.052    0.000  100.88      105.83      199.67      204.88      271.31      272.32    
  274     4.847    0.593    1.059    0.000  101.53      105.64      199.71      204.40      271.36      272.19    
  275     4.857    0.586    1.067    0.000  102.12      105.43      199.82      203.92      271.41      272.06    
  276     4.867    0.579    1.074    0.000  102.65      105.22      200.01      203.44      271.46      271.95    
  277     4.877    0.572    1.081    0.000  103.13      104.99      200.26      202.95      271.51      271.86    
  278     4.887    0.565    1.088    0.000  103.55      104.75      200.59      202.45      271.56      271.78    
  279     4.897    0.558    1.095    0.000  103.91      104.49      200.99      201.96      271.61      271.71    
  280     4.907    0.551    1.102    0.000  104.22      104.22      201.45      201.45      271.66      271.66    
  281     4.907    0.551    1.102    0.000  104.22      104.22      201.45      201.45      271.66      271.66    
  282     4.921    0.537    1.102    0.000  104.17      104.17      201.51      201.51      271.66      271.66    
  283     4.935    0.523    1.102    0.000  104.01      104.01      201.69      201.69      271.66      271.66    
  284     4.949    0.509    1.102    0.000  103.76      103.76      201.98      201.98      271.67      271.67    
  285     4.963    0.494    1.102    0.000  103.40      103.40      202.39      202.39      271.68      271.68    
  286     4.978    0.480    1.102    0.000  102.95      102.95      202.90      202.90      271.70      271.70    
  287     4.992    0.466    1.102    0.000  102.41      102.41      203.52      203.52      271.71      271.71    
  288     5.006    0.452    1.102    0.000  101.77      101.77      204.24      204.24      271.73      271.73    
  289     5.020    0.438    1.102    0.000  101.06      101.06      205.06      205.06      271.75      271.75    
  290     5.034    0.424    1.102    0.000  100.26      100.26      205.96      205.96      271.76      271.76    
  291     5.048    0.410    1.102    0.000  99.388      99.388      206.95      206.95      271.78      271.78    
  292     5.062    0.396    1.102    0.000  98.448      98.448      208.01      208.01      271.79      271.79    
  293     5.076    0.381    1.102    0.000  97.445      97.445      209.13      209.13      271.80      271.80    
  294     5.091    0.367    1.102    0.000  96.386      96.386      210.32      210.32      271.80      271.80    
  295     5.105    0.353    1.102    0.000  95.277      95.277      211.56      211.56      271.80      271.80    
  296     5.119    0.339    1.102    0.000  94.124      94.124      212.84      212.84      271.78      271.78    
  297     5.133    0.325    1.102    0.000  92.934      92.934      214.16      214.16      271.76      271.76    
  298     5.147    0.311    1.102    0.000  91.713      91.713      215.51      215.51      271.74      271.74    
  299     5.161    0.297    1.102    0.000  90.469      90.469      216.87      216.87      271.70      271.70    
  300     5.175    0.283    1.102    0.000  89.209      89.209      218.25      218.25      271.65      271.65    
  301     5.189    0.268    1.102    0.000  87.939      87.939      219.64      219.64      271.59      271.59    
  302     5.204    0.254    1.102    0.000  86.667      86.667      221.01      221.01      271.51      271.51    
  303     5.218    0.240    1.102    0.000  85.401      85.401      222.38      222.38      271.43      271.43    
  304     5.232    0.226    1.102    0.000  84.148      84.148      223.73      223.73      271.34      271.34    
  305     5.246    0.212    1.102    0.000  82.915      82.915      225.05      225.05      271.23      271.23    
  306     5.260    0.198    1.102    0.000  81.711      81.711      226.34      226.34      271.12      271.12    
  307     5.274    0.184    1.102    0.000  80.543      80.543      227.58      227.58      270.99      270.99    
  308     5.288    0.170    1.102    0.000  79.420      79.420      228.77      228.77      270.86      270.86    
  309     5.303    0.155    1.102    0.000  78.350      78.350      229.91      229.91      270.73      270.73    
  310     5.317    0.141    1.102    0.000  77.339      77.339      230.98      230.98      270.59      270.59    
  311     5.331    0.127    1.102    0.000  76.397      76.397      231.97      231.97      270.45      270.45    
  312     5.345    0.113    1.102    0.000  75.530      75.530      232.89      232.89      270.31      270.31    
  313     5.359    0.099    1.102    0.000  74.746      74.746      233.72      233.72      270.17      270.17    
  314     5.373    0.085    1.102    0.000  74.052      74.052      234.46      234.46      270.05      270.05    
  315     5.387    0.071    1.102    0.000  73.452      73.452      235.09      235.09      269.94      269.94    
  316     5.401    0.057    1.102    0.000  72.954      72.954      235.62      235.62      269.84      269.84    
  317     5.416    0.042    1.102    0.000  72.562      72.562      236.04      236.04      269.76      269.76    
  318     5.430    0.028    1.102    0.000  72.279      72.279      236.34      236.34      269.70      269.70    
  319     5.444    0.014    1.102    0.000  72.108      72.108      236.52      236.52      269.67      269.67    
  320     5.458    0.000    1.102    0.000  72.051      72.051      236.58      236.58      269.65      269.65    
  321     5.458    0.000    1.102    0.000  72.051      72.051      236.58      236.58      269.65      269.65    
  322     5.486    0.000    1.074    0.000  72.054      72.054      232.70      240.32      269.66      269.66    
  323     5.514    0.000    1.045    0.000  72.066      72.066      228.68      243.93      269.69      269.69    
  324     5.543    0.000    1.017    0.000  72.086      72.086      224.53      247.42      269.73      269.73    
  325     5.571    0.000    0.989    0.000  72.116      72.116      220.22      250.77      269.78      269.78    
  326     5.599    0.000    0.961    0.000  72.156      72.156      215.78      254.00      269.85      269.85    
  327     5.627    0.000    0.932    0.000  72.207      72.207      211.18      257.12      269.92      269.92    
  328     5.656    0.000    0.904    0.000  72.266      72.266      206.44      260.11      270.00      270.00    
  329     5.684    0.000    0.876    0.000  72.331      72.331      201.55      262.99      270.09      270.09    
  330     5.712    0.000    0.848    0.000  72.394      72.394      196.51      265.75      270.19      270.19    
  331     5.740    0.000    0.819    0.000  72.445      72.445      191.34      268.39      270.31      270.31    
  332     5.769    0.000    0.791    0.000  72.471      72.471      186.01      270.44      270.44      270.92    
  333     5.797    0.000    0.763    0.000  72.455      72.455      180.56      270.60      270.60      273.33    
  334     5.825    0.000    0.735    0.000  72.377      72.377      174.96      270.79      270.79      275.63    
  335     5.853    0.000    0.706    0.000  72.212      72.212      169.24      271.04      271.04      277.80    
  336     5.882    0.000    0.678    0.000  71.937      71.937      163.39      271.35      271.35      279.85    
  337     5.910    0.000    0.650    0.000  71.524      71.524      157.42      271.74      271.74      281.78    
  338     5.938    0.000    0.622    0.000  70.946      70.946      151.34      272.22      272.22      283.58    
  339     5.966    0.000    0.593    0.000  70.175      70.175      145.15      272.81      272.81      285.25    
  340     5.995    0.000    0.565    0.000  69.188      69.188      138.85      273.51      273.51      286.80    
  341     6.023    0.000    0.537    0.000  67.961      67.961      132.47      274.35      274.35      288.21    
  342     6.051    0.000    0.509    0.000  66.477      66.477      125.99      275.32      275.32      289.50    
  343     6.079    0.000    0.480    0.000  64.722      64.722      119.42      276.43      276.43      290.66    
  344     6.108    0.000    0.452    0.000  62.686      62.686      112.78      277.66      277.66      291.70    
  345     6.136    0.000    0.424    0.000  60.366      60.366      106.07      279.01      279.01      292.62    
  346     6.164    0.000    0.396    0.000  57.762      57.762      99.286      280.47      280.47      293.42    
  347     6.192    0.000    0.367    0.000  54.880      54.880      92.443      282.02      282.02      294.11    
  348     6.221    0.000    0.339    0.000  51.732      51.732      85.544      283.62      283.62      294.70    
  349     6.249    0.000    0.311    0.000  48.331      48.331      78.593      285.26      285.26      295.20    
  350     6.277    0.000    0.283    0.000  44.693      44.693      71.595      286.90      286.90      295.61    
  351     6.305    0.000    0.254    0.000  40.839      40.839      64.554      288.51      288.51      295.94    
  352     6.334    0.000    0.226    0.000  36.789      36.789      57.476      290.05      290.05      296.20    
  353     6.362    0.000    0.198    0.000  32.566      32.566      50.364      291.51      291.51      296.40    
  354     6.390    0.000    0.170    0.000  28.190      28.190      43.223      292.83      292.83      296.56    
  355     6.419    0.000    0.141    0.000  23.686      23.686      36.057      294.01      294.01      296.67    
  356     6.447    0.000    0.113    0.000  19.075      19.075      28.871      295.01      295.01      296.75    
  357     6.475    0.000    0.085    0.000  14.380      14.380      21.668      295.81      295.81      296.81    
  358     6.503    0.000    0.057    0.000  9.6211      9.6212      14.452      296.39      296.39      296.84    
  359     6.532    0.000    0.028    0.000  4.8205      4.8207      7.2280      296.75      296.75      296.86    
  360     6.560    0.000    0.000    0.000 0.58352E-01 0.70234E-01 0.70234E-01  296.87      296.87      296.87    
