 0.3500E-01          1  0.000      0.000      0.000      0.000      0.000      0.000      0.000      0.000    
  1.206              2 0.9080E-06 0.7783E-06  0.000      0.000      0.000     0.5597E-07 0.3241E-06 0.3982E-06
  2.376              3 0.4634E-05 0.3193E-05  0.000      0.000      0.000     0.2309E-06 0.1337E-05 0.1625E-05
  3.547              4 0.1309E-04 0.7246E-05  0.000      0.000      0.000     0.5248E-06 0.3039E-05 0.3682E-05
  4.717              5 0.2818E-04 0.1294E-04  0.000      0.000      0.000     0.9376E-06 0.5430E-05 0.6567E-05
  5.888              6 0.5182E-04 0.2026E-04  0.000      0.000      0.000     0.1470E-05 0.8511E-05 0.1028E-04
  7.058              7 0.8592E-04 0.2923E-04  0.000      0.000      0.000     0.2120E-05 0.1228E-04 0.1483E-04
  8.229              8 0.1324E-03 0.3983E-04  0.000      0.000      0.000     0.2890E-05 0.1674E-04 0.2020E-04
  9.400              9 0.2077E-03 0.6457E-04  0.000      0.000      0.000     0.3779E-05 0.2746E-04 0.3334E-04
  10.57             10 0.3697E-03 0.1388E-03  0.000      0.000      0.000     0.4787E-05 0.5858E-04 0.7547E-04
  11.74             11 0.5817E-03 0.1817E-03  0.000      0.000      0.000     0.5914E-05 0.7290E-04 0.1029E-03
  12.91             12 0.8234E-03 0.2072E-03  0.000      0.000      0.000     0.7159E-05 0.7810E-04 0.1219E-03
  14.08             13 0.1112E-02 0.2477E-03  0.000      0.000      0.000     0.8524E-05 0.9229E-04 0.1469E-03
  15.25             14 0.1453E-02 0.2916E-03  0.000      0.000      0.000     0.1001E-04 0.1079E-03 0.1737E-03
  16.42             15 0.1849E-02 0.3401E-03  0.000      0.000      0.000     0.1161E-04 0.1250E-03 0.2035E-03
  17.59             16 0.2308E-02 0.3932E-03  0.000      0.000      0.000     0.1333E-04 0.1436E-03 0.2363E-03
  18.76             17 0.2952E-02 0.5519E-03  0.000      0.000      0.000     0.4554E-04 0.2285E-03 0.2779E-03
  19.93             18 0.3638E-02 0.5880E-03  0.000      0.000      0.000     0.3834E-04 0.2180E-03 0.3317E-03
  21.11             19 0.4422E-02 0.6719E-03  0.000      0.000      0.000     0.4355E-04 0.2417E-03 0.3867E-03
  22.28             20 0.5280E-02 0.7357E-03  0.000      0.000      0.000     0.4904E-04 0.2672E-03 0.4195E-03
  23.45             21 0.6220E-02 0.8052E-03  0.000      0.000      0.000     0.5479E-04 0.2946E-03 0.4558E-03
  24.62             22 0.7258E-02 0.8902E-03  0.000      0.000      0.000     0.6080E-04 0.3238E-03 0.5056E-03
  25.79             23 0.8409E-02 0.9863E-03  0.000      0.000      0.000     0.6708E-04 0.3563E-03 0.5629E-03
  26.96             24 0.9824E-02 0.1213E-02  0.000      0.000      0.000     0.7363E-04 0.4905E-03 0.6488E-03
  28.13             25 0.1133E-01 0.1295E-02  0.000      0.000      0.000     0.8044E-04 0.4807E-03 0.7337E-03
  29.30             26 0.1297E-01 0.1401E-02  0.000      0.000      0.000     0.9289E-04 0.5214E-03 0.7865E-03
  30.47             27 0.1474E-01 0.1521E-02  0.000      0.000      0.000     0.1073E-03 0.5622E-03 0.8513E-03
  31.64             28 0.1667E-01 0.1656E-02  0.000      0.000      0.000     0.1186E-03 0.6060E-03 0.9309E-03
  32.81             29 0.1877E-01 0.1799E-02  0.000      0.000      0.000     0.1268E-03 0.6541E-03 0.1018E-02
  33.98             30 0.2124E-01 0.2115E-02  0.000      0.000      0.000     0.1310E-03 0.8406E-03 0.1144E-02
  35.15             31 0.2384E-01 0.2230E-02  0.000      0.000      0.000     0.1374E-03 0.8247E-03 0.1268E-02
  36.32             32 0.2664E-01 0.2395E-02  0.000      0.000      0.000     0.1463E-03 0.8993E-03 0.1349E-02
  37.49             33 0.2966E-01 0.2590E-02  0.000      0.000      0.000     0.1572E-03 0.9684E-03 0.1464E-02
  38.66             34 0.3293E-01 0.2805E-02  0.000      0.000      0.000     0.1690E-03 0.1041E-02 0.1595E-02
  39.83             35 0.3649E-01 0.3052E-02  0.000      0.000      0.000     0.1813E-03 0.1115E-02 0.1756E-02
  41.00             36 0.4047E-01 0.3412E-02  0.000      0.000      0.000     0.1941E-03 0.1261E-02 0.1957E-02
  42.18             37 0.4478E-01 0.3691E-02  0.000      0.000      0.000     0.2074E-03 0.1361E-02 0.2122E-02
  43.35             38 0.4943E-01 0.3987E-02  0.000      0.000      0.000     0.2212E-03 0.1459E-02 0.2307E-02
  44.52             39 0.5449E-01 0.4339E-02  0.000      0.000      0.000     0.2373E-03 0.1579E-02 0.2523E-02
  45.69             40 0.6014E-01 0.4838E-02  0.000      0.000      0.000     0.2506E-03 0.1763E-02 0.2825E-02
  46.86             41 0.6633E-01 0.5305E-02  0.000      0.000      0.000     0.2633E-03 0.1904E-02 0.3137E-02
  48.03             42 0.7302E-01 0.5738E-02  0.000      0.000      0.000     0.2754E-03 0.2053E-02 0.3410E-02
  49.20             43 0.8031E-01 0.6250E-02  0.000      0.000      0.000     0.2869E-03 0.2204E-02 0.3758E-02
  50.37             44 0.8852E-01 0.7033E-02  0.000      0.000      0.000     0.3011E-03 0.2468E-02 0.4265E-02
  51.54             45 0.9763E-01 0.7809E-02  0.000      0.000      0.000     0.3171E-03 0.2700E-02 0.4793E-02
  52.71             46 0.1078     0.8733E-02  0.000      0.000      0.000     0.3345E-03 0.3024E-02 0.5374E-02
  53.88             47 0.1193     0.9853E-02  0.000      0.000      0.000     0.3533E-03 0.3351E-02 0.6149E-02
  55.05             48 0.1325     0.1128E-01  0.000      0.000      0.000     0.3734E-03 0.3759E-02 0.7147E-02
  56.22             49 0.1478     0.1313E-01  0.000      0.000      0.000     0.3945E-03 0.4224E-02 0.8512E-02
  57.39             50 0.1661     0.1569E-01  0.000      0.000      0.000     0.4118E-03 0.4882E-02 0.1040E-01
  58.56             51 0.1883     0.1900E-01  0.000      0.000      0.000     0.4246E-03 0.5738E-02 0.1283E-01
  59.73             52 0.2211     0.2816E-01  0.000      0.000      0.000     0.4444E-03 0.7103E-02 0.2061E-01
  60.90             53 0.2527     0.2703E-01  0.000      0.000      0.000     0.4656E-03 0.8362E-02 0.1821E-01
  62.08             54 0.2843     0.2713E-01  0.000      0.000      0.000     0.4854E-03 0.8065E-02 0.1858E-01
  63.25             55 0.3175     0.2844E-01  0.000      0.000      0.000     0.5050E-03 0.8425E-02 0.1951E-01
  64.42             56 0.3517     0.2931E-01  0.000      0.000      0.000     0.5248E-03 0.8726E-02 0.2006E-01
  65.59             57 0.3874     0.3061E-01  0.000      0.000      0.000     0.5458E-03 0.8887E-02 0.2117E-01
  66.76             58 0.4248     0.3209E-01  0.000      0.000      0.000     0.5708E-03 0.9230E-02 0.2229E-01
  67.93             59 0.4641     0.3366E-01  0.000      0.000      0.000     0.5986E-03 0.9571E-02 0.2349E-01
  69.10             60 0.5058     0.3576E-01  0.000      0.000      0.000     0.6278E-03 0.9931E-02 0.2520E-01
  70.27             61 0.5504     0.3819E-01  0.000      0.000      0.000     0.6493E-03 0.1038E-01 0.2716E-01
  71.44             62 0.5992     0.4184E-01  0.000      0.000      0.000     0.6724E-03 0.1096E-01 0.3021E-01
  72.61             63 0.6680     0.5899E-01  0.000      0.000      0.000     0.6942E-03 0.1240E-01 0.4590E-01
  73.78             64 0.7485     0.6902E-01  0.000      0.000      0.000     0.7186E-03 0.1696E-01 0.5134E-01
  74.95             65 0.8255     0.6593E-01  0.000      0.000      0.000     0.7475E-03 0.1561E-01 0.4957E-01
  76.12             66 0.9065     0.6947E-01  0.000      0.000      0.000     0.7762E-03 0.1629E-01 0.5241E-01
  77.29             67 0.9797     0.6273E-01  0.000      0.000      0.000     0.8063E-03 0.1690E-01 0.4502E-01
  78.46             68  1.040     0.5188E-01  0.000      0.000      0.000     0.8368E-03 0.1650E-01 0.3454E-01
  79.63             69  1.095     0.4729E-01  0.000      0.000      0.000     0.8682E-03 0.1684E-01 0.2958E-01
  80.80             70  1.146     0.4358E-01  0.000      0.000      0.000     0.9018E-03 0.1721E-01 0.2547E-01
  81.97             71  1.195     0.4181E-01  0.000      0.000      0.000     0.9353E-03 0.1758E-01 0.2329E-01
  83.15             72  1.242     0.3988E-01  0.000      0.000      0.000     0.9643E-03 0.1796E-01 0.2095E-01
  84.32             73  1.285     0.3766E-01  0.000      0.000      0.000     0.9971E-03 0.1790E-01 0.1876E-01
  85.49             74  1.327     0.3584E-01  0.000      0.000      0.000     0.1031E-02 0.1814E-01 0.1666E-01
  86.66             75  1.368     0.3464E-01  0.000      0.000      0.000     0.1064E-02 0.1840E-01 0.1517E-01
  87.83             76  1.407     0.3338E-01  0.000      0.000      0.000     0.1097E-02 0.1866E-01 0.1362E-01
  89.00             77  1.445     0.3259E-01  0.000      0.000      0.000     0.1138E-02 0.1901E-01 0.1245E-01
  90.17             78  1.482     0.3167E-01  0.000      0.000      0.000     0.1180E-02 0.1949E-01 0.1101E-01
  91.34             79  1.517     0.3033E-01  0.000      0.000      0.000     0.1223E-02 0.1952E-01 0.9596E-02
  92.51             80  1.551     0.2939E-01  0.000      0.000      0.000     0.1268E-02 0.1981E-01 0.8315E-02
  93.68             81  1.585     0.2885E-01  0.000      0.000      0.000     0.1304E-02 0.2025E-01 0.7289E-02
  94.85             82  1.618     0.2799E-01  0.000      0.000      0.000     0.1343E-02 0.2053E-01 0.6113E-02
  96.02             83  1.650     0.2781E-01  0.000      0.000      0.000     0.1384E-02 0.2114E-01 0.5286E-02
  97.19             84  1.682     0.2724E-01  0.000      0.000      0.000     0.1430E-02 0.2179E-01 0.4024E-02
  98.36             85  1.713     0.2692E-01  0.000      0.000      0.000     0.1476E-02 0.2227E-01 0.3173E-02
  99.53             86  1.744     0.2664E-01  0.000      0.000      0.000     0.1524E-02 0.2282E-01 0.2301E-02
  100.7             87  1.776     0.2689E-01  0.000      0.000      0.000     0.1574E-02 0.2367E-01 0.1648E-02
  101.9             88  1.808     0.2774E-01  0.000      0.000      0.000     0.1627E-02 0.2549E-01 0.6285E-03
  103.0             89  1.841     0.2831E-01  0.000      0.000      0.000     0.1684E-02 0.2649E-01 0.1313E-03
  104.2             90  1.876     0.2953E-01  0.000      0.000      0.000     0.1736E-02 0.2780E-01  0.000    
  105.4             91  1.914     0.3314E-01  0.000      0.000      0.000     0.1785E-02 0.3136E-01  0.000    
  106.6             92  1.957     0.3631E-01  0.000      0.000      0.000     0.1839E-02 0.3447E-01  0.000    
  107.7             93  2.000     0.3764E-01  0.000      0.000      0.000     0.1893E-02 0.3575E-01  0.000    
  108.9             94  2.032     0.2744E-01  0.000      0.000      0.000     0.1950E-02 0.2549E-01  0.000    
  110.1             95  2.056     0.2048E-01  0.000      0.000      0.000     0.2015E-02 0.1846E-01  0.000    
  111.2             96  2.069     0.1042E-01  0.000      0.000      0.000     0.2083E-02 0.8336E-02  0.000    
  112.4             97  2.071     0.2153E-02  0.000      0.000      0.000     0.2153E-02  0.000      0.000    
  113.6             98  2.074     0.2220E-02  0.000      0.000      0.000     0.2220E-02  0.000      0.000    
  114.8             99  2.076     0.2281E-02  0.000      0.000      0.000     0.2281E-02  0.000      0.000    
  115.9            100  2.079     0.2347E-02  0.000      0.000      0.000     0.2347E-02  0.000      0.000    
  117.1            101  2.082     0.2419E-02  0.000      0.000      0.000     0.2419E-02  0.000      0.000    
  118.3            102  2.085     0.2495E-02  0.000      0.000      0.000     0.2495E-02  0.000      0.000    
  119.4            103  2.088     0.2573E-02  0.000      0.000      0.000     0.2573E-02  0.000      0.000    
  120.6            104  2.091     0.2655E-02  0.000      0.000      0.000     0.2655E-02  0.000      0.000    
  121.8            105  2.094     0.2744E-02  0.000      0.000      0.000     0.2744E-02  0.000      0.000    
  122.9            106  2.097     0.2832E-02  0.000      0.000      0.000     0.2832E-02  0.000      0.000    
  124.1            107  2.101     0.2911E-02  0.000      0.000      0.000     0.2911E-02  0.000      0.000    
  125.3            108  2.104     0.2997E-02  0.000      0.000      0.000     0.2997E-02  0.000      0.000    
  126.5            109  2.108     0.3084E-02  0.000      0.000      0.000     0.3084E-02  0.000      0.000    
  127.6            110  2.112     0.3182E-02  0.000      0.000      0.000     0.3182E-02  0.000      0.000    
  128.8            111  2.115     0.3287E-02  0.000      0.000      0.000     0.3287E-02  0.000      0.000    
  130.0            112  2.119     0.3398E-02  0.000      0.000      0.000     0.3398E-02  0.000      0.000    
  131.1            113  2.123     0.3511E-02  0.000      0.000      0.000     0.3511E-02  0.000      0.000    
  132.3            114  2.128     0.3609E-02  0.000      0.000      0.000     0.3609E-02  0.000      0.000    
  133.5            115  2.132     0.3717E-02  0.000      0.000      0.000     0.3717E-02  0.000      0.000    
  134.7            116  2.136     0.3834E-02  0.000      0.000      0.000     0.3834E-02  0.000      0.000    
  135.8            117  2.141     0.3957E-02  0.000      0.000      0.000     0.3957E-02  0.000      0.000    
  137.0            118  2.146     0.4084E-02  0.000      0.000      0.000     0.4084E-02  0.000      0.000    
  138.2            119  2.151     0.4226E-02  0.000      0.000      0.000     0.4226E-02  0.000      0.000    
  139.3            120  2.156     0.4374E-02  0.000      0.000      0.000     0.4374E-02  0.000      0.000    
  140.5            121  2.161     0.4505E-02  0.000      0.000      0.000     0.4505E-02  0.000      0.000    
  141.7            122  2.167     0.4641E-02  0.000      0.000      0.000     0.4641E-02  0.000      0.000    
  142.8            123  2.172     0.4789E-02  0.000      0.000      0.000     0.4789E-02  0.000      0.000    
  144.0            124  2.178     0.4956E-02  0.000      0.000      0.000     0.4956E-02  0.000      0.000    
  145.2            125  2.184     0.5128E-02  0.000      0.000      0.000     0.5128E-02  0.000      0.000    
  146.4            126  2.190     0.5311E-02  0.000      0.000      0.000     0.5311E-02  0.000      0.000    
  147.5            127  2.197     0.5489E-02  0.000      0.000      0.000     0.5489E-02  0.000      0.000    
  148.7            128  2.203     0.5669E-02  0.000      0.000      0.000     0.5669E-02  0.000      0.000    
  149.9            129  2.210     0.5858E-02  0.000      0.000      0.000     0.5858E-02  0.000      0.000    
  151.0            130  2.217     0.6056E-02  0.000      0.000      0.000     0.6056E-02  0.000      0.000    
  152.2            131  2.224     0.6288E-02  0.000      0.000      0.000     0.6288E-02  0.000      0.000    
  153.4            132  2.232     0.6522E-02  0.000      0.000      0.000     0.6522E-02  0.000      0.000    
  154.6            133  2.240     0.6764E-02  0.000      0.000      0.000     0.6764E-02  0.000      0.000    
  155.7            134  2.248     0.6989E-02  0.000      0.000      0.000     0.6989E-02  0.000      0.000    
  156.9            135  2.256     0.7249E-02  0.000      0.000      0.000     0.7249E-02  0.000      0.000    
  158.1            136  2.265     0.7521E-02  0.000      0.000      0.000     0.7521E-02  0.000      0.000    
  159.2            137  2.274     0.7804E-02  0.000      0.000      0.000     0.7804E-02  0.000      0.000    
  160.4            138  2.284     0.8126E-02  0.000      0.000      0.000     0.8126E-02  0.000      0.000    
  161.6            139  2.294     0.8460E-02  0.000      0.000      0.000     0.8460E-02  0.000      0.000    
  162.7            140  2.304     0.8770E-02  0.000      0.000      0.000     0.8770E-02  0.000      0.000    
  163.9            141  2.315     0.9135E-02  0.000      0.000      0.000     0.9135E-02  0.000      0.000    
  165.1            142  2.326     0.9504E-02  0.000      0.000      0.000     0.9504E-02  0.000      0.000    
  166.3            143  2.337     0.9903E-02  0.000      0.000      0.000     0.9903E-02  0.000      0.000    
  167.4            144  2.349     0.1039E-01  0.000      0.000      0.000     0.1039E-01  0.000      0.000    
  168.6            145  2.362     0.1083E-01  0.000      0.000      0.000     0.1083E-01  0.000      0.000    
  169.8            146  2.375     0.1129E-01  0.000      0.000      0.000     0.1129E-01  0.000      0.000    
  170.9            147  2.389     0.1184E-01  0.000      0.000      0.000     0.1184E-01  0.000      0.000    
  172.1            148  2.403     0.1241E-01  0.000      0.000      0.000     0.1241E-01  0.000      0.000    
  173.3            149  2.419     0.1306E-01  0.000      0.000      0.000     0.1306E-01  0.000      0.000    
  174.4            150  2.435     0.1377E-01  0.000      0.000      0.000     0.1377E-01  0.000      0.000    
  175.6            151  2.452     0.1450E-01  0.000      0.000      0.000     0.1450E-01  0.000      0.000    
  176.8            152  2.470     0.1538E-01  0.000      0.000      0.000     0.1538E-01  0.000      0.000    
  178.0            153  2.489     0.1634E-01  0.000      0.000      0.000     0.1634E-01  0.000      0.000    
  179.1            154  2.509     0.1750E-01  0.000      0.000      0.000     0.1750E-01  0.000      0.000    
  180.3            155  2.531     0.1893E-01  0.000      0.000      0.000     0.1893E-01  0.000      0.000    
  181.5            156  2.556     0.2085E-01  0.000      0.000      0.000     0.2085E-01  0.000      0.000    
  182.6            157  2.583     0.2357E-01  0.000      0.000      0.000     0.2357E-01  0.000      0.000    
  183.8            158  2.618     0.3025E-01  0.000      0.000      0.000     0.3025E-01  0.000      0.000    
  185.0            159  2.656     0.3201E-01  0.000      0.000      0.000     0.3201E-01  0.000      0.000    
  186.2            160  2.686     0.2574E-01  0.000      0.000      0.000     0.2574E-01  0.000      0.000    
  187.3            161  2.711     0.2204E-01  0.000      0.000      0.000     0.2204E-01  0.000      0.000    
  188.5            162  2.735     0.1992E-01  0.000      0.000      0.000     0.1992E-01  0.000      0.000    
  189.7            163  2.756     0.1840E-01  0.000      0.000      0.000     0.1840E-01  0.000      0.000    
  190.8            164  2.776     0.1719E-01  0.000      0.000      0.000     0.1719E-01  0.000      0.000    
  192.0            165  2.795     0.1606E-01  0.000      0.000      0.000     0.1606E-01  0.000      0.000    
  193.2            166  2.813     0.1515E-01  0.000      0.000      0.000     0.1515E-01  0.000      0.000    
  194.3            167  2.829     0.1426E-01  0.000      0.000      0.000     0.1426E-01  0.000      0.000    
  195.5            168  2.845     0.1329E-01  0.000      0.000      0.000     0.1329E-01  0.000      0.000    
  196.7            169  2.859     0.1243E-01  0.000      0.000      0.000     0.1243E-01  0.000      0.000    
  197.9            170  2.873     0.1168E-01  0.000      0.000      0.000     0.1168E-01  0.000      0.000    
  199.0            171  2.885     0.1076E-01  0.000      0.000      0.000     0.1076E-01  0.000      0.000    
  200.2            172  2.897     0.9802E-02  0.000      0.000      0.000     0.9802E-02  0.000      0.000    
  201.4            173  2.907     0.8933E-02  0.000      0.000      0.000     0.8933E-02  0.000      0.000    
  202.5            174  2.917     0.8268E-02  0.000      0.000     0.2966E-04 0.8239E-02  0.000      0.000    
  203.7            175  2.926     0.7609E-02  0.000      0.000     0.1597E-03 0.7449E-02  0.000      0.000    
  204.9            176  2.934     0.7269E-02  0.000      0.000     0.3901E-03 0.6879E-02  0.000      0.000    
  206.1            177  2.943     0.7233E-02  0.000      0.000     0.9173E-03 0.6316E-02  0.000      0.000    
  207.2            178  2.951     0.7318E-02  0.000      0.000     0.1459E-02 0.5860E-02  0.000      0.000    
  208.4            179  2.960     0.7284E-02  0.000      0.000     0.1954E-02 0.5329E-02  0.000      0.000    
  209.6            180  2.968     0.7370E-02  0.000      0.000     0.2617E-02 0.4753E-02  0.000      0.000    
  210.7            181  2.977     0.7744E-02  0.000      0.000     0.3476E-02 0.4268E-02  0.000      0.000    
  211.9            182  2.987     0.8031E-02  0.000      0.000     0.4472E-02 0.3559E-02  0.000      0.000    
  213.1            183  2.997     0.8537E-02  0.000      0.000     0.5376E-02 0.3161E-02  0.000      0.000    
  214.2            184  3.008     0.9797E-02  0.000      0.000     0.6833E-02 0.2965E-02  0.000      0.000    
  215.4            185  3.022     0.1171E-01  0.000      0.000     0.8963E-02 0.2745E-02  0.000      0.000    
  216.6            186  3.037     0.1282E-01  0.000      0.000     0.1043E-01 0.2391E-02  0.000      0.000    
  217.8            187  3.052     0.1347E-01  0.000      0.000     0.1131E-01 0.2157E-02  0.000      0.000    
  218.9            188  3.069     0.1380E-01  0.000      0.000     0.1183E-01 0.1970E-02  0.000      0.000    
  220.1            189  3.085     0.1440E-01  0.000      0.000     0.1263E-01 0.1776E-02  0.000      0.000    
  221.3            190  3.103     0.1520E-01  0.000      0.000     0.1355E-01 0.1642E-02  0.000      0.000    
  222.4            191  3.121     0.1576E-01  0.000      0.000     0.1423E-01 0.1526E-02  0.000      0.000    
  223.6            192  3.141     0.1640E-01  0.000      0.000     0.1515E-01 0.1253E-02  0.000      0.000    
  224.8            193  3.161     0.1743E-01  0.000      0.000     0.1633E-01 0.1098E-02  0.000      0.000    
  226.0            194  3.182     0.1792E-01  0.000      0.000     0.1693E-01 0.9921E-03  0.000      0.000    
  227.1            195  3.204     0.1859E-01  0.000      0.000     0.1770E-01 0.8888E-03  0.000      0.000    
  228.3            196  3.226     0.1922E-01  0.000      0.000     0.1849E-01 0.7259E-03  0.000      0.000    
  229.5            197  3.249     0.1998E-01  0.000      0.000     0.1941E-01 0.5711E-03  0.000      0.000    
  230.6            198  3.273     0.2075E-01  0.000      0.000     0.2029E-01 0.4596E-03  0.000      0.000    
  231.8            199  3.298     0.2124E-01  0.000      0.000     0.2093E-01 0.3065E-03  0.000      0.000    
  233.0            200  3.323     0.2153E-01  0.000      0.000     0.2135E-01 0.1740E-03  0.000      0.000    
  234.1            201  3.349     0.2193E-01  0.000      0.000     0.2186E-01 0.7131E-04  0.000      0.000    
  235.3            202  3.375     0.2196E-01  0.000      0.000     0.2195E-01 0.1245E-04  0.000      0.000    
  236.5            203  3.400     0.2205E-01  0.000      0.000     0.2205E-01 0.6395E-07  0.000      0.000    
  237.7            204  3.426     0.2204E-01  0.000      0.000     0.2204E-01  0.000      0.000      0.000    
  238.8            205  3.450     0.2069E-01  0.000      0.000     0.2069E-01  0.000      0.000      0.000    
  240.0            206  3.472     0.1916E-01  0.000      0.000     0.1916E-01  0.000      0.000      0.000    
  241.2            207  3.493     0.1788E-01  0.000      0.000     0.1788E-01  0.000      0.000      0.000    
  242.3            208  3.513     0.1694E-01  0.000      0.000     0.1694E-01  0.000      0.000      0.000    
  243.5            209  3.532     0.1622E-01  0.000      0.000     0.1622E-01  0.000      0.000      0.000    
  244.7            210  3.550     0.1573E-01  0.000      0.000     0.1573E-01  0.000      0.000      0.000    
  245.9            211  3.568     0.1527E-01  0.000      0.000     0.1527E-01  0.000      0.000      0.000    
  247.0            212  3.585     0.1479E-01  0.000      0.000     0.1479E-01  0.000      0.000      0.000    
  248.2            213  3.602     0.1445E-01  0.000      0.000     0.1445E-01  0.000      0.000      0.000    
  249.4            214  3.619     0.1404E-01  0.000      0.000     0.1404E-01  0.000      0.000      0.000    
  250.5            215  3.635     0.1367E-01  0.000      0.000     0.1367E-01  0.000      0.000      0.000    
  251.7            216  3.650     0.1339E-01  0.000      0.000     0.1339E-01  0.000      0.000      0.000    
  252.9            217  3.666     0.1310E-01  0.000      0.000     0.1310E-01  0.000      0.000      0.000    
  254.0            218  3.681     0.1294E-01  0.000      0.000     0.1294E-01  0.000      0.000      0.000    
  255.2            219  3.695     0.1269E-01  0.000      0.000     0.1269E-01  0.000      0.000      0.000    
  256.4            220  3.710     0.1235E-01  0.000      0.000     0.1235E-01  0.000      0.000      0.000    
  257.6            221  3.724     0.1211E-01  0.000      0.000     0.1211E-01  0.000      0.000      0.000    
  258.7            222  3.738     0.1199E-01  0.000      0.000     0.1199E-01  0.000      0.000      0.000    
  259.9            223  3.752     0.1193E-01  0.000      0.000     0.1193E-01  0.000      0.000      0.000    
  261.1            224  3.766     0.1175E-01  0.000      0.000     0.1175E-01  0.000      0.000      0.000    
  262.2            225  3.779     0.1146E-01  0.000      0.000     0.1146E-01  0.000      0.000      0.000    
  263.4            226  3.792     0.1131E-01  0.000      0.000     0.1131E-01  0.000      0.000      0.000    
  264.6            227  3.805     0.1142E-01  0.000      0.000     0.1142E-01  0.000      0.000      0.000    
  265.8            228  3.819     0.1130E-01  0.000      0.000     0.1130E-01  0.000      0.000      0.000    
  266.9            229  3.832     0.1112E-01  0.000      0.000     0.1112E-01  0.000      0.000      0.000    
  268.1            230  3.844     0.1098E-01  0.000      0.000     0.1098E-01  0.000      0.000      0.000    
  269.3            231  3.857     0.1113E-01  0.000      0.000     0.1113E-01  0.000      0.000      0.000    
  270.4            232  4.023     0.1422     0.7543E-02 0.1234     0.1120E-01  0.000      0.000      0.000    
  271.6            233  4.219     0.1675     0.1311E-01 0.1444     0.9990E-02  0.000      0.000      0.000    
  272.8            234  4.386     0.1434     0.4272E-01 0.9122E-01 0.9477E-02  0.000      0.000      0.000    
  273.9            235  4.539     0.1307     0.4957E-01 0.7229E-01 0.8842E-02  0.000      0.000      0.000    
  275.1            236  4.679     0.1208     0.5195E-01 0.6051E-01 0.8360E-02  0.000      0.000      0.000    
  276.3            237  4.812     0.1137     0.5355E-01 0.5248E-01 0.7704E-02  0.000      0.000      0.000    
  277.5            238  4.940     0.1095     0.5563E-01 0.4665E-01 0.7227E-02  0.000      0.000      0.000    
  278.6            239  5.065     0.1074     0.5828E-01 0.4219E-01 0.6914E-02  0.000      0.000      0.000    
  279.8            240  5.190     0.1068     0.6120E-01 0.3940E-01 0.6244E-02  0.000      0.000      0.000    
  281.0            241  5.316     0.1079     0.6516E-01 0.3696E-01 0.5787E-02  0.000      0.000      0.000    
  282.1            242  5.446     0.1117     0.7143E-01 0.3483E-01 0.5463E-02  0.000      0.000      0.000    
  283.3            243  5.580     0.1150     0.7693E-01 0.3323E-01 0.4863E-02  0.000      0.000      0.000    
  284.5            244  5.723     0.1223     0.8511E-01 0.3273E-01 0.4484E-02  0.000      0.000      0.000    
  285.7            245  5.805     0.6985E-01 0.4910E-01 0.1662E-01 0.4126E-02  0.000      0.000      0.000    
  286.8            246  5.850     0.3935E-01 0.2300E-01 0.1275E-01 0.3591E-02  0.000      0.000      0.000    
  288.0            247  5.882     0.2708E-01 0.1621E-01 0.7638E-02 0.3229E-02  0.000      0.000      0.000    
  289.2            248  5.907     0.2157E-01 0.1348E-01 0.5199E-02 0.2890E-02  0.000      0.000      0.000    
  290.3            249  5.928     0.1778E-01 0.1143E-01 0.3880E-02 0.2466E-02  0.000      0.000      0.000    
  291.5            250  5.946     0.1522E-01 0.1007E-01 0.2996E-02 0.2159E-02  0.000      0.000      0.000    
  292.7            251  5.961     0.1290E-01 0.8900E-02 0.2259E-02 0.1745E-02  0.000      0.000      0.000    
  293.8            252  5.974     0.1094E-01 0.7756E-02 0.1835E-02 0.1354E-02  0.000      0.000      0.000    
  295.0            253  5.984     0.8729E-02 0.6541E-02 0.1208E-02 0.9802E-03  0.000      0.000      0.000    
  296.2            254  5.991     0.5863E-02 0.4585E-02 0.6247E-03 0.6530E-03  0.000      0.000      0.000    
  297.4            255  5.991      0.000      0.000      0.000      0.000      0.000      0.000      0.000    
  298.5            256  5.991      0.000      0.000      0.000      0.000      0.000      0.000      0.000    
  299.7            257  5.991      0.000      0.000      0.000      0.000      0.000      0.000      0.000    
  300.9            258  5.991      0.000      0.000      0.000      0.000      0.000      0.000      0.000    
  302.0            259  5.991      0.000      0.000      0.000      0.000      0.000      0.000      0.000    
  303.2            260  5.991      0.000      0.000      0.000      0.000      0.000      0.000      0.000    
  304.4            261  5.991      0.000      0.000      0.000      0.000      0.000      0.000      0.000    
  305.6            262  5.991      0.000      0.000      0.000      0.000      0.000      0.000      0.000    
  306.7            263  5.991      0.000      0.000      0.000      0.000      0.000      0.000      0.000    
  307.9            264  5.991      0.000      0.000      0.000      0.000      0.000      0.000      0.000    
  309.1            265  5.991      0.000      0.000      0.000      0.000      0.000      0.000      0.000    
  310.2            266  5.991      0.000      0.000      0.000      0.000      0.000      0.000      0.000    
  311.4            267  5.991      0.000      0.000      0.000      0.000      0.000      0.000      0.000    
  312.6            268  5.991      0.000      0.000      0.000      0.000      0.000      0.000      0.000    
  313.7            269  5.991      0.000      0.000      0.000      0.000      0.000      0.000      0.000    
  314.9            270  5.991      0.000      0.000      0.000      0.000      0.000      0.000      0.000    
  316.1            271  5.991      0.000      0.000      0.000      0.000      0.000      0.000      0.000    
  317.3            272  5.991      0.000      0.000      0.000      0.000      0.000      0.000      0.000    
  318.4            273  5.991      0.000      0.000      0.000      0.000      0.000      0.000      0.000    
  319.6            274  5.991      0.000      0.000      0.000      0.000      0.000      0.000      0.000    
  320.8            275  5.991      0.000      0.000      0.000      0.000      0.000      0.000      0.000    
  321.9            276  5.991      0.000      0.000      0.000      0.000      0.000      0.000      0.000    
  323.1            277  5.991      0.000      0.000      0.000      0.000      0.000      0.000      0.000    
  324.3            278  5.991      0.000      0.000      0.000      0.000      0.000      0.000      0.000    
  325.5            279  5.991      0.000      0.000      0.000      0.000      0.000      0.000      0.000    
  326.6            280  5.991      0.000      0.000      0.000      0.000      0.000      0.000      0.000    
  327.8            281  5.991      0.000      0.000      0.000      0.000      0.000      0.000      0.000    
  329.0            282  5.991      0.000      0.000      0.000      0.000      0.000      0.000      0.000    
  330.1            283  5.991      0.000      0.000      0.000      0.000      0.000      0.000      0.000    
  331.3            284  5.991      0.000      0.000      0.000      0.000      0.000      0.000      0.000    
  332.5            285  5.991      0.000      0.000      0.000      0.000      0.000      0.000      0.000    
  333.6            286  5.991      0.000      0.000      0.000      0.000      0.000      0.000      0.000    
  334.8            287  5.991      0.000      0.000      0.000      0.000      0.000      0.000      0.000    
  336.0            288  5.991      0.000      0.000      0.000      0.000      0.000      0.000      0.000    
  337.2            289  5.991      0.000      0.000      0.000      0.000      0.000      0.000      0.000    
  338.3            290  5.991      0.000      0.000      0.000      0.000      0.000      0.000      0.000    
  339.5            291  5.991      0.000      0.000      0.000      0.000      0.000      0.000      0.000    
  340.7            292  5.991      0.000      0.000      0.000      0.000      0.000      0.000      0.000    
  341.8            293  5.991      0.000      0.000      0.000      0.000      0.000      0.000      0.000    
  343.0            294  5.991      0.000      0.000      0.000      0.000      0.000      0.000      0.000    
  344.2            295  5.991      0.000      0.000      0.000      0.000      0.000      0.000      0.000    
  345.4            296  5.991      0.000      0.000      0.000      0.000      0.000      0.000      0.000    
  346.5            297  5.991      0.000      0.000      0.000      0.000      0.000      0.000      0.000    
  347.7            298  5.991      0.000      0.000      0.000      0.000      0.000      0.000      0.000    
  348.9            299  5.991      0.000      0.000      0.000      0.000      0.000      0.000      0.000    
  350.0            300  5.991      0.000      0.000      0.000      0.000      0.000      0.000      0.000    
