 # la,nk,dk(nk),kp(:,nk),om(la,nk),gruneisen(la,nk))
     1    1  0.000      0.000      0.000      0.000     0.7393E-01 -.4597E-09
     2    1  0.000      0.000      0.000      0.000     0.7393E-01 -.4597E-09
     3    1  0.000      0.000      0.000      0.000     0.6509E-01 -.5930E-09
     4    1  0.000      0.000      0.000      0.000      277.9      1.937    
     5    1  0.000      0.000      0.000      0.000      277.9      1.937    
     6    1  0.000      0.000      0.000      0.000      277.9      1.937    
     1    2 0.2816E-01 0.1880E-01 -.1880E-01  0.000      6.489      158.1    
     2    2 0.2816E-01 0.1880E-01 -.1880E-01  0.000      9.241      104.3    
     3    2 0.2816E-01 0.1880E-01 -.1880E-01  0.000      13.94      12.80    
     4    2 0.2816E-01 0.1880E-01 -.1880E-01  0.000      277.6      1.908    
     5    2 0.2816E-01 0.1880E-01 -.1880E-01  0.000      277.7      1.824    
     6    2 0.2816E-01 0.1880E-01 -.1880E-01  0.000      277.8      1.851    
     1    3 0.5631E-01 0.3760E-01 -.3760E-01  0.000      13.00      157.1    
     2    3 0.5631E-01 0.3760E-01 -.3760E-01  0.000      18.34      105.5    
     3    3 0.5631E-01 0.3760E-01 -.3760E-01  0.000      27.76      13.07    
     4    3 0.5631E-01 0.3760E-01 -.3760E-01  0.000      276.9      1.822    
     5    3 0.5631E-01 0.3760E-01 -.3760E-01  0.000      277.1      1.482    
     6    3 0.5631E-01 0.3760E-01 -.3760E-01  0.000      277.7      1.594    
     1    4 0.8447E-01 0.5639E-01 -.5639E-01  0.000      19.56      155.4    
     2    4 0.8447E-01 0.5639E-01 -.5639E-01  0.000      27.18      107.5    
     3    4 0.8447E-01 0.5639E-01 -.5639E-01  0.000      41.35      13.53    
     4    4 0.8447E-01 0.5639E-01 -.5639E-01  0.000      275.7      1.679    
     5    4 0.8447E-01 0.5639E-01 -.5639E-01  0.000      276.2     0.9038    
     6    4 0.8447E-01 0.5639E-01 -.5639E-01  0.000      277.6      1.169    
     1    5 0.1126     0.7519E-01 -.7519E-01  0.000      26.16      153.4    
     2    5 0.1126     0.7519E-01 -.7519E-01  0.000      35.63      110.2    
     3    5 0.1126     0.7519E-01 -.7519E-01  0.000      54.60      14.16    
     4    5 0.1126     0.7519E-01 -.7519E-01  0.000      274.0      1.481    
     5    5 0.1126     0.7519E-01 -.7519E-01  0.000      274.9     0.7705E-01
     6    5 0.1126     0.7519E-01 -.7519E-01  0.000      277.3     0.5799    
     1    6 0.1408     0.9399E-01 -.9399E-01  0.000      32.80      151.1    
     2    6 0.1408     0.9399E-01 -.9399E-01  0.000      43.62      113.6    
     3    6 0.1408     0.9399E-01 -.9399E-01  0.000      67.40      14.95    
     4    6 0.1408     0.9399E-01 -.9399E-01  0.000      271.9      1.227    
     5    6 0.1408     0.9399E-01 -.9399E-01  0.000      273.5     -1.011    
     6    6 0.1408     0.9399E-01 -.9399E-01  0.000      276.8     -.1701    
     1    7 0.1689     0.1128     -.1128      0.000      39.44      148.9    
     2    7 0.1689     0.1128     -.1128      0.000      51.08      117.6    
     3    7 0.1689     0.1128     -.1128      0.000      79.67      15.89    
     4    7 0.1689     0.1128     -.1128      0.000      269.2     0.9210    
     5    7 0.1689     0.1128     -.1128      0.000      271.9     -2.371    
     6    7 0.1689     0.1128     -.1128      0.000      276.1     -1.076    
     1    8 0.1971     0.1316     -.1316      0.000      46.04      146.8    
     2    8 0.1971     0.1316     -.1316      0.000      58.00      122.1    
     3    8 0.1971     0.1316     -.1316      0.000      91.33      16.94    
     4    8 0.1971     0.1316     -.1316      0.000      265.9     0.5625    
     5    8 0.1971     0.1316     -.1316      0.000      270.3     -4.007    
     6    8 0.1971     0.1316     -.1316      0.000      275.2     -2.135    
     1    9 0.2252     0.1504     -.1504      0.000      52.53      145.1    
     2    9 0.2252     0.1504     -.1504      0.000      64.39      127.0    
     3    9 0.2252     0.1504     -.1504      0.000      102.3      18.06    
     4    9 0.2252     0.1504     -.1504      0.000      262.2     0.1514    
     5    9 0.2252     0.1504     -.1504      0.000      268.7     -5.911    
     6    9 0.2252     0.1504     -.1504      0.000      274.0     -3.344    
     1   10 0.2534     0.1692     -.1692      0.000      58.83      144.0    
     2   10 0.2534     0.1692     -.1692      0.000      70.30      132.0    
     3   10 0.2534     0.1692     -.1692      0.000      112.6      19.18    
     4   10 0.2534     0.1692     -.1692      0.000      257.9     -.3157    
     5   10 0.2534     0.1692     -.1692      0.000      267.3     -8.056    
     6   10 0.2534     0.1692     -.1692      0.000      272.5     -4.699    
     1   11 0.2816     0.1880     -.1880      0.000      64.84      143.6    
     2   11 0.2816     0.1880     -.1880      0.000      75.82      137.1    
     3   11 0.2816     0.1880     -.1880      0.000      122.1      20.23    
     4   11 0.2816     0.1880     -.1880      0.000      253.1     -.8485    
     5   11 0.2816     0.1880     -.1880      0.000      266.1     -10.40    
     6   11 0.2816     0.1880     -.1880      0.000      270.7     -6.201    
     1   12 0.3097     0.2068     -.2068      0.000      70.47      144.1    
     2   12 0.3097     0.2068     -.2068      0.000      81.05      141.8    
     3   12 0.3097     0.2068     -.2068      0.000      130.9      21.10    
     4   12 0.3097     0.2068     -.2068      0.000      247.8     -1.466    
     5   12 0.3097     0.2068     -.2068      0.000      265.1     -12.87    
     6   12 0.3097     0.2068     -.2068      0.000      268.6     -7.844    
     1   13 0.3379     0.2256     -.2256      0.000      75.59      145.6    
     2   13 0.3379     0.2256     -.2256      0.000      86.08      146.2    
     3   13 0.3379     0.2256     -.2256      0.000      139.0      21.71    
     4   13 0.3379     0.2256     -.2256      0.000      242.1     -2.200    
     5   13 0.3379     0.2256     -.2256      0.000      264.3     -15.38    
     6   13 0.3379     0.2256     -.2256      0.000      266.3     -9.624    
     1   14 0.3660     0.2444     -.2444      0.000      80.13      148.3    
     2   14 0.3660     0.2444     -.2444      0.000      91.01      150.1    
     3   14 0.3660     0.2444     -.2444      0.000      146.4      21.96    
     4   14 0.3660     0.2444     -.2444      0.000      236.0     -3.104    
     5   14 0.3660     0.2444     -.2444      0.000      263.8     -17.85    
     6   14 0.3660     0.2444     -.2444      0.000      263.8     -11.53    
     1   15 0.3942     0.2632     -.2632      0.000      83.96      152.4    
     2   15 0.3942     0.2632     -.2632      0.000      95.85      153.7    
     3   15 0.3942     0.2632     -.2632      0.000      153.3      21.78    
     4   15 0.3942     0.2632     -.2632      0.000      229.6     -4.250    
     5   15 0.3942     0.2632     -.2632      0.000      261.2     -13.55    
     6   15 0.3942     0.2632     -.2632      0.000      263.5     -20.19    
     1   16 0.4223     0.2820     -.2820      0.000      87.03      158.1    
     2   16 0.4223     0.2820     -.2820      0.000      100.6      157.5    
     3   16 0.4223     0.2820     -.2820      0.000      159.6      21.14    
     4   16 0.4223     0.2820     -.2820      0.000      223.1     -5.726    
     5   16 0.4223     0.2820     -.2820      0.000      258.6     -15.67    
     6   16 0.4223     0.2820     -.2820      0.000      263.2     -22.33    
     1   17 0.4505     0.3008     -.3008      0.000      89.25      165.7    
     2   17 0.4505     0.3008     -.3008      0.000      105.0      161.8    
     3   17 0.4505     0.3008     -.3008      0.000      165.6      20.03    
     4   17 0.4505     0.3008     -.3008      0.000      216.8     -7.605    
     5   17 0.4505     0.3008     -.3008      0.000      256.1     -17.84    
     6   17 0.4505     0.3008     -.3008      0.000      263.0     -24.22    
     1   18 0.4786     0.3196     -.3196      0.000      90.59      175.4    
     2   18 0.4786     0.3196     -.3196      0.000      108.8      167.3    
     3   18 0.4786     0.3196     -.3196      0.000      171.2      18.49    
     4   18 0.4786     0.3196     -.3196      0.000      210.9     -9.853    
     5   18 0.4786     0.3196     -.3196      0.000      253.7     -20.04    
     6   18 0.4786     0.3196     -.3196      0.000      262.8     -25.84    
     1   19 0.5068     0.3384     -.3384      0.000      91.02      187.8    
     2   19 0.5068     0.3384     -.3384      0.000      111.6      174.4    
     3   19 0.5068     0.3384     -.3384      0.000      176.5      16.59    
     4   19 0.5068     0.3384     -.3384      0.000      205.9     -12.18    
     5   19 0.5068     0.3384     -.3384      0.000      251.6     -22.22    
     6   19 0.5068     0.3384     -.3384      0.000      262.4     -27.19    
     1   20 0.5349     0.3572     -.3572      0.000      90.56      203.4    
     2   20 0.5349     0.3572     -.3572      0.000      112.8      183.4    
     3   20 0.5349     0.3572     -.3572      0.000      181.6      14.43    
     4   20 0.5349     0.3572     -.3572      0.000      202.4     -13.90    
     5   20 0.5349     0.3572     -.3572      0.000      249.8     -24.34    
     6   20 0.5349     0.3572     -.3572      0.000      261.8     -28.29    
     1   21 0.5631     0.3760     -.3760      0.000      89.26      222.6    
     2   21 0.5631     0.3760     -.3760      0.000      111.9      194.4    
     3   21 0.5631     0.3760     -.3760      0.000      186.6      12.10    
     4   21 0.5631     0.3760     -.3760      0.000      200.7     -14.19    
     5   21 0.5631     0.3760     -.3760      0.000      248.3     -26.34    
     6   21 0.5631     0.3760     -.3760      0.000      260.9     -29.18    
     1   22 0.5913     0.3948     -.3948      0.000      87.18      246.2    
     2   22 0.5913     0.3948     -.3948      0.000      109.0      208.2    
     3   22 0.5913     0.3948     -.3948      0.000      191.5      9.712    
     4   22 0.5913     0.3948     -.3948      0.000      200.8     -12.71    
     5   22 0.5913     0.3948     -.3948      0.000      247.1     -28.19    
     6   22 0.5913     0.3948     -.3948      0.000      259.8     -29.88    
     1   23 0.6194     0.4136     -.4136      0.000      84.47      274.8    
     2   23 0.6194     0.4136     -.4136      0.000      104.1      226.9    
     3   23 0.6194     0.4136     -.4136      0.000      196.2      7.390    
     4   23 0.6194     0.4136     -.4136      0.000      202.6     -10.01    
     5   23 0.6194     0.4136     -.4136      0.000      246.3     -29.84    
     6   23 0.6194     0.4136     -.4136      0.000      258.3     -30.44    
     1   24 0.6476     0.4324     -.4324      0.000      81.28      308.8    
     2   24 0.6476     0.4324     -.4324      0.000      97.75      252.8    
     3   24 0.6476     0.4324     -.4324      0.000      200.8      5.250    
     4   24 0.6476     0.4324     -.4324      0.000      205.4     -6.947    
     5   24 0.6476     0.4324     -.4324      0.000      245.8     -31.28    
     6   24 0.6476     0.4324     -.4324      0.000      256.5     -30.94    
     1   25 0.6757     0.4512     -.4512      0.000      77.83      348.2    
     2   25 0.6757     0.4512     -.4512      0.000      90.67      288.4    
     3   25 0.6757     0.4512     -.4512      0.000      205.3      3.416    
     4   25 0.6757     0.4512     -.4512      0.000      208.7     -4.175    
     5   25 0.6757     0.4512     -.4512      0.000      245.6     -32.49    
     6   25 0.6757     0.4512     -.4512      0.000      254.4     -31.43    
     1   26 0.7039     0.4700     -.4700      0.000      74.38      391.6    
     2   26 0.7039     0.4700     -.4700      0.000      83.47      334.9    
     3   26 0.7039     0.4700     -.4700      0.000      209.4      2.025    
     4   26 0.7039     0.4700     -.4700      0.000      212.1     -1.961    
     5   26 0.7039     0.4700     -.4700      0.000      245.5     -33.47    
     6   26 0.7039     0.4700     -.4700      0.000      252.2     -32.00    
     1   27 0.7320     0.4888     -.4888      0.000      71.22      436.1    
     2   27 0.7320     0.4888     -.4888      0.000      76.80      390.8    
     3   27 0.7320     0.4888     -.4888      0.000      213.2      1.209    
     4   27 0.7320     0.4888     -.4888      0.000      215.0     -.3419    
     5   27 0.7320     0.4888     -.4888      0.000      245.5     -34.22    
     6   27 0.7320     0.4888     -.4888      0.000      249.9     -32.75    
     1   28 0.7602     0.5075     -.5075      0.000      68.67      476.1    
     2   28 0.7602     0.5075     -.5075      0.000      71.32      449.3    
     3   28 0.7602     0.5075     -.5075      0.000      216.3      1.035    
     4   28 0.7602     0.5075     -.5075      0.000      217.3     0.7401    
     5   28 0.7602     0.5075     -.5075      0.000      245.6     -34.75    
     6   28 0.7602     0.5075     -.5075      0.000      247.8     -33.72    
     1   29 0.7883     0.5263     -.5263      0.000      67.00      504.6    
     2   29 0.7883     0.5263     -.5263      0.000      67.69      496.5    
     3   29 0.7883     0.5263     -.5263      0.000      218.5      1.330    
     4   29 0.7883     0.5263     -.5263      0.000      218.8      1.356    
     5   29 0.7883     0.5263     -.5263      0.000      245.6     -35.06    
     6   29 0.7883     0.5263     -.5263      0.000      246.3     -34.70    
     1   30 0.8165     0.5451     -.5451      0.000      66.42      515.0    
     2   30 0.8165     0.5451     -.5451      0.000      66.42      515.0    
     3   30 0.8165     0.5451     -.5451      0.000      219.3      1.555    
     4   30 0.8165     0.5451     -.5451      0.000      219.3      1.555    
     5   30 0.8165     0.5451     -.5451      0.000      245.7     -35.16    
     6   30 0.8165     0.5451     -.5451      0.000      245.7     -35.16    
     1   31 0.8165     0.5451      0.000      0.000      66.42      515.0    
     2   31 0.8165     0.5451      0.000      0.000      66.42      515.0    
     3   31 0.8165     0.5451      0.000      0.000      219.3      1.555    
     4   31 0.8165     0.5451      0.000      0.000      219.3      1.555    
     5   31 0.8165     0.5451      0.000      0.000      245.7     -35.16    
     6   31 0.8165     0.5451      0.000      0.000      245.7     -35.16    
     1   32 0.8364     0.5263      0.000      0.000      66.87      506.6    
     2   32 0.8364     0.5263      0.000      0.000      66.87      506.6    
     3   32 0.8364     0.5263      0.000      0.000      214.3      1.540    
     4   32 0.8364     0.5263      0.000      0.000      224.1      1.570    
     5   32 0.8364     0.5263      0.000      0.000      245.7     -35.05    
     6   32 0.8364     0.5263      0.000      0.000      245.7     -35.05    
     1   33 0.8563     0.5075      0.000      0.000      68.17      483.2    
     2   33 0.8563     0.5075      0.000      0.000      68.17      483.2    
     3   33 0.8563     0.5075      0.000      0.000      209.0      1.526    
     4   33 0.8563     0.5075      0.000      0.000      228.6      1.586    
     5   33 0.8563     0.5075      0.000      0.000      245.7     -34.73    
     6   33 0.8563     0.5075      0.000      0.000      245.7     -34.73    
     1   34 0.8762     0.4888      0.000      0.000      70.18      449.2    
     2   34 0.8762     0.4888      0.000      0.000      70.18      449.2    
     3   34 0.8762     0.4888      0.000      0.000      203.6      1.513    
     4   34 0.8762     0.4888      0.000      0.000      232.9      1.601    
     5   34 0.8762     0.4888      0.000      0.000      245.7     -34.17    
     6   34 0.8762     0.4888      0.000      0.000      245.7     -34.17    
     1   35 0.8961     0.4700      0.000      0.000      72.70      409.7    
     2   35 0.8961     0.4700      0.000      0.000      72.70      409.7    
     3   35 0.8961     0.4700      0.000      0.000      197.8      1.500    
     4   35 0.8961     0.4700      0.000      0.000      237.0      1.617    
     5   35 0.8961     0.4700      0.000      0.000      245.8     -33.36    
     6   35 0.8961     0.4700      0.000      0.000      245.8     -33.36    
     1   36 0.9160     0.4512      0.000      0.000      75.48      369.1    
     2   36 0.9160     0.4512      0.000      0.000      75.48      369.1    
     3   36 0.9160     0.4512      0.000      0.000      191.9      1.488    
     4   36 0.9160     0.4512      0.000      0.000      240.9      1.633    
     5   36 0.9160     0.4512      0.000      0.000      246.0     -32.29    
     6   36 0.9160     0.4512      0.000      0.000      246.0     -32.29    
     1   37 0.9359     0.4324      0.000      0.000      78.30      330.5    
     2   37 0.9359     0.4324      0.000      0.000      78.30      330.5    
     3   37 0.9359     0.4324      0.000      0.000      185.7      1.476    
     4   37 0.9359     0.4324      0.000      0.000      244.6      1.650    
     5   37 0.9359     0.4324      0.000      0.000      246.3     -30.94    
     6   37 0.9359     0.4324      0.000      0.000      246.3     -30.94    
     1   38 0.9559     0.4136      0.000      0.000      80.91      295.3    
     2   38 0.9559     0.4136      0.000      0.000      80.91      295.3    
     3   38 0.9559     0.4136      0.000      0.000      179.2      1.466    
     4   38 0.9559     0.4136      0.000      0.000      246.8     -29.30    
     5   38 0.9559     0.4136      0.000      0.000      246.8     -29.30    
     6   38 0.9559     0.4136      0.000      0.000      248.0      1.666    
     1   39 0.9758     0.3948      0.000      0.000      83.14      264.2    
     2   39 0.9758     0.3948      0.000      0.000      83.14      264.2    
     3   39 0.9758     0.3948      0.000      0.000      172.5      1.457    
     4   39 0.9758     0.3948      0.000      0.000      247.5     -27.39    
     5   39 0.9758     0.3948      0.000      0.000      247.5     -27.39    
     6   39 0.9758     0.3948      0.000      0.000      251.3      1.682    
     1   40 0.9957     0.3760      0.000      0.000      84.82      237.2    
     2   40 0.9957     0.3760      0.000      0.000      84.82      237.2    
     3   40 0.9957     0.3760      0.000      0.000      165.6      1.449    
     4   40 0.9957     0.3760      0.000      0.000      248.4     -25.23    
     5   40 0.9957     0.3760      0.000      0.000      248.4     -25.23    
     6   40 0.9957     0.3760      0.000      0.000      254.3      1.698    
     1   41  1.016     0.3572      0.000      0.000      85.82      213.9    
     2   41  1.016     0.3572      0.000      0.000      85.82      213.9    
     3   41  1.016     0.3572      0.000      0.000      158.5      1.442    
     4   41  1.016     0.3572      0.000      0.000      249.6     -22.89    
     5   41  1.016     0.3572      0.000      0.000      249.6     -22.89    
     6   41  1.016     0.3572      0.000      0.000      257.1      1.714    
     1   42  1.035     0.3384      0.000      0.000      86.08      194.0    
     2   42  1.035     0.3384      0.000      0.000      86.08      194.0    
     3   42  1.035     0.3384      0.000      0.000      151.1      1.437    
     4   42  1.035     0.3384      0.000      0.000      251.1     -20.43    
     5   42  1.035     0.3384      0.000      0.000      251.1     -20.43    
     6   42  1.035     0.3384      0.000      0.000      259.7      1.731    
     1   43  1.055     0.3196      0.000      0.000      85.54      177.1    
     2   43  1.055     0.3196      0.000      0.000      85.54      177.1    
     3   43  1.055     0.3196      0.000      0.000      143.6      1.432    
     4   43  1.055     0.3196      0.000      0.000      252.8     -17.93    
     5   43  1.055     0.3196      0.000      0.000      252.8     -17.93    
     6   43  1.055     0.3196      0.000      0.000      262.1      1.747    
     1   44  1.075     0.3008      0.000      0.000      84.20      162.7    
     2   44  1.075     0.3008      0.000      0.000      84.20      162.7    
     3   44  1.075     0.3008      0.000      0.000      135.9      1.429    
     4   44  1.075     0.3008      0.000      0.000      254.7     -15.48    
     5   44  1.075     0.3008      0.000      0.000      254.7     -15.48    
     6   44  1.075     0.3008      0.000      0.000      264.4      1.763    
     1   45  1.095     0.2820      0.000      0.000      82.10      150.7    
     2   45  1.095     0.2820      0.000      0.000      82.10      150.7    
     3   45  1.095     0.2820      0.000      0.000      127.9      1.427    
     4   45  1.095     0.2820      0.000      0.000      256.8     -13.13    
     5   45  1.095     0.2820      0.000      0.000      256.8     -13.13    
     6   45  1.095     0.2820      0.000      0.000      266.4      1.779    
     1   46  1.115     0.2632      0.000      0.000      79.26      140.6    
     2   46  1.115     0.2632      0.000      0.000      79.26      140.6    
     3   46  1.115     0.2632      0.000      0.000      119.9      1.425    
     4   46  1.115     0.2632      0.000      0.000      259.0     -10.94    
     5   46  1.115     0.2632      0.000      0.000      259.0     -10.94    
     6   46  1.115     0.2632      0.000      0.000      268.2      1.795    
     1   47  1.135     0.2444      0.000      0.000      75.76      132.3    
     2   47  1.135     0.2444      0.000      0.000      75.76      132.3    
     3   47  1.135     0.2444      0.000      0.000      111.7      1.425    
     4   47  1.135     0.2444      0.000      0.000      261.2     -8.935    
     5   47  1.135     0.2444      0.000      0.000      261.2     -8.935    
     6   47  1.135     0.2444      0.000      0.000      269.8      1.810    
     1   48  1.155     0.2256      0.000      0.000      71.67      125.5    
     2   48  1.155     0.2256      0.000      0.000      71.67      125.5    
     3   48  1.155     0.2256      0.000      0.000      103.4      1.426    
     4   48  1.155     0.2256      0.000      0.000      263.5     -7.131    
     5   48  1.155     0.2256      0.000      0.000      263.5     -7.131    
     6   48  1.155     0.2256      0.000      0.000      271.2      1.826    
     1   49  1.175     0.2068      0.000      0.000      67.06      120.0    
     2   49  1.175     0.2068      0.000      0.000      67.06      120.0    
     3   49  1.175     0.2068      0.000      0.000      95.01      1.428    
     4   49  1.175     0.2068      0.000      0.000      265.6     -5.527    
     5   49  1.175     0.2068      0.000      0.000      265.6     -5.527    
     6   49  1.175     0.2068      0.000      0.000      272.5      1.840    
     1   50  1.195     0.1880      0.000      0.000      62.00      115.6    
     2   50  1.195     0.1880      0.000      0.000      62.00      115.6    
     3   50  1.195     0.1880      0.000      0.000      86.53      1.430    
     4   50  1.195     0.1880      0.000      0.000      267.7     -4.116    
     5   50  1.195     0.1880      0.000      0.000      267.7     -4.116    
     6   50  1.195     0.1880      0.000      0.000      273.6      1.855    
     1   51  1.215     0.1692      0.000      0.000      56.58      112.2    
     2   51  1.215     0.1692      0.000      0.000      56.58      112.2    
     3   51  1.215     0.1692      0.000      0.000      77.99      1.432    
     4   51  1.215     0.1692      0.000      0.000      269.6     -2.885    
     5   51  1.215     0.1692      0.000      0.000      269.6     -2.885    
     6   51  1.215     0.1692      0.000      0.000      274.5      1.869    
     1   52  1.235     0.1504      0.000      0.000      50.85      109.6    
     2   52  1.235     0.1504      0.000      0.000      50.85      109.6    
     3   52  1.235     0.1504      0.000      0.000      69.39      1.435    
     4   52  1.235     0.1504      0.000      0.000      271.3     -1.820    
     5   52  1.235     0.1504      0.000      0.000      271.3     -1.820    
     6   52  1.235     0.1504      0.000      0.000      275.3      1.882    
     1   53  1.254     0.1316      0.000      0.000      44.89      107.7    
     2   53  1.254     0.1316      0.000      0.000      44.89      107.7    
     3   53  1.254     0.1316      0.000      0.000      60.76      1.438    
     4   53  1.254     0.1316      0.000      0.000      272.9     -.9060    
     5   53  1.254     0.1316      0.000      0.000      272.9     -.9060    
     6   53  1.254     0.1316      0.000      0.000      276.0      1.894    
     1   54  1.274     0.1128      0.000      0.000      38.74      106.3    
     2   54  1.274     0.1128      0.000      0.000      38.74      106.3    
     3   54  1.274     0.1128      0.000      0.000      52.11      1.442    
     4   54  1.274     0.1128      0.000      0.000      274.2     -.1327    
     5   54  1.274     0.1128      0.000      0.000      274.2     -.1327    
     6   54  1.274     0.1128      0.000      0.000      276.5      1.904    
     1   55  1.294     0.9399E-01  0.000      0.000      32.45      105.4    
     2   55  1.294     0.9399E-01  0.000      0.000      32.45      105.3    
     3   55  1.294     0.9399E-01  0.000      0.000      43.44      1.445    
     4   55  1.294     0.9399E-01  0.000      0.000      275.3     0.5097    
     5   55  1.294     0.9399E-01  0.000      0.000      275.3     0.5097    
     6   55  1.294     0.9399E-01  0.000      0.000      277.0      1.914    
     1   56  1.314     0.7519E-01  0.000      0.000      26.06      104.7    
     2   56  1.314     0.7519E-01  0.000      0.000      26.06      104.7    
     3   56  1.314     0.7519E-01  0.000      0.000      34.76      1.447    
     4   56  1.314     0.7519E-01  0.000      0.000      276.3      1.028    
     5   56  1.314     0.7519E-01  0.000      0.000      276.3      1.028    
     6   56  1.314     0.7519E-01  0.000      0.000      277.3      1.922    
     1   57  1.334     0.5639E-01  0.000      0.000      19.59      104.3    
     2   57  1.334     0.5639E-01  0.000      0.000      19.59      104.3    
     3   57  1.334     0.5639E-01  0.000      0.000      26.07      1.449    
     4   57  1.334     0.5639E-01  0.000      0.000      277.0      1.428    
     5   57  1.334     0.5639E-01  0.000      0.000      277.0      1.428    
     6   57  1.334     0.5639E-01  0.000      0.000      277.6      1.928    
     1   58  1.354     0.3760E-01  0.000      0.000      13.08      104.1    
     2   58  1.354     0.3760E-01  0.000      0.000      13.08      104.1    
     3   58  1.354     0.3760E-01  0.000      0.000      17.38      1.451    
     4   58  1.354     0.3760E-01  0.000      0.000      277.5      1.711    
     5   58  1.354     0.3760E-01  0.000      0.000      277.5      1.711    
     6   58  1.354     0.3760E-01  0.000      0.000      277.7      1.933    
     1   59  1.374     0.1880E-01  0.000      0.000      6.548      104.0    
     2   59  1.374     0.1880E-01  0.000      0.000      6.548      104.0    
     3   59  1.374     0.1880E-01  0.000      0.000      8.690      1.452    
     4   59  1.374     0.1880E-01  0.000      0.000      277.8      1.880    
     5   59  1.374     0.1880E-01  0.000      0.000      277.8      1.880    
     6   59  1.374     0.1880E-01  0.000      0.000      277.8      1.936    
     1   60  1.394     0.1880E-09  0.000      0.000     0.7393E-01 -3.615    
     2   60  1.394     0.1880E-09  0.000      0.000     0.7393E-01  3.615    
     3   60  1.394     0.1880E-09  0.000      0.000     0.6509E-01 -.5408E-09
     4   60  1.394     0.1880E-09  0.000      0.000      277.9      1.937    
     5   60  1.394     0.1880E-09  0.000      0.000      277.9      1.937    
     6   60  1.394     0.1880E-09  0.000      0.000      277.9      1.937    
     1   61  1.394      0.000      0.000      0.000     0.7393E-01 -.4597E-09
     2   61  1.394      0.000      0.000      0.000     0.7393E-01 -.4597E-09
     3   61  1.394      0.000      0.000      0.000     0.6509E-01 -.5930E-09
     4   61  1.394      0.000      0.000      0.000      277.9      1.937    
     5   61  1.394      0.000      0.000      0.000      277.9      1.937    
     6   61  1.394      0.000      0.000      0.000      277.9      1.937    
     1   62  1.411     0.9399E-02 0.9399E-02 -.9399E-02  4.602      131.3    
     2   62  1.411     0.9399E-02 0.9399E-02 -.9399E-02  4.603      131.3    
     3   62  1.411     0.9399E-02 0.9399E-02 -.9399E-02  8.858      15.42    
     4   62  1.411     0.9399E-02 0.9399E-02 -.9399E-02  277.8      1.923    
     5   62  1.411     0.9399E-02 0.9399E-02 -.9399E-02  277.8      1.901    
     6   62  1.411     0.9399E-02 0.9399E-02 -.9399E-02  277.8      1.901    
     1   63  1.428     0.1880E-01 0.1880E-01 -.1880E-01  9.169      132.3    
     2   63  1.428     0.1880E-01 0.1880E-01 -.1880E-01  9.169      132.3    
     3   63  1.428     0.1880E-01 0.1880E-01 -.1880E-01  17.70      15.45    
     4   63  1.428     0.1880E-01 0.1880E-01 -.1880E-01  277.4      1.880    
     5   63  1.428     0.1880E-01 0.1880E-01 -.1880E-01  277.7      1.795    
     6   63  1.428     0.1880E-01 0.1880E-01 -.1880E-01  277.7      1.795    
     1   64  1.446     0.2820E-01 0.2820E-01 -.2820E-01  13.66      134.0    
     2   64  1.446     0.2820E-01 0.2820E-01 -.2820E-01  13.66      134.0    
     3   64  1.446     0.2820E-01 0.2820E-01 -.2820E-01  26.51      15.49    
     4   64  1.446     0.2820E-01 0.2820E-01 -.2820E-01  276.9      1.809    
     5   64  1.446     0.2820E-01 0.2820E-01 -.2820E-01  277.6      1.616    
     6   64  1.446     0.2820E-01 0.2820E-01 -.2820E-01  277.6      1.616    
     1   65  1.463     0.3760E-01 0.3760E-01 -.3760E-01  18.04      136.4    
     2   65  1.463     0.3760E-01 0.3760E-01 -.3760E-01  18.04      136.4    
     3   65  1.463     0.3760E-01 0.3760E-01 -.3760E-01  35.27      15.54    
     4   65  1.463     0.3760E-01 0.3760E-01 -.3760E-01  276.1      1.708    
     5   65  1.463     0.3760E-01 0.3760E-01 -.3760E-01  277.4      1.367    
     6   65  1.463     0.3760E-01 0.3760E-01 -.3760E-01  277.4      1.367    
     1   66  1.480     0.4700E-01 0.4700E-01 -.4700E-01  22.28      139.5    
     2   66  1.480     0.4700E-01 0.4700E-01 -.4700E-01  22.28      139.5    
     3   66  1.480     0.4700E-01 0.4700E-01 -.4700E-01  43.96      15.60    
     4   66  1.480     0.4700E-01 0.4700E-01 -.4700E-01  275.2      1.577    
     5   66  1.480     0.4700E-01 0.4700E-01 -.4700E-01  277.1      1.046    
     6   66  1.480     0.4700E-01 0.4700E-01 -.4700E-01  277.1      1.046    
     1   67  1.497     0.5639E-01 0.5639E-01 -.5639E-01  26.34      143.4    
     2   67  1.497     0.5639E-01 0.5639E-01 -.5639E-01  26.34      143.4    
     3   67  1.497     0.5639E-01 0.5639E-01 -.5639E-01  52.58      15.67    
     4   67  1.497     0.5639E-01 0.5639E-01 -.5639E-01  274.1      1.414    
     5   67  1.497     0.5639E-01 0.5639E-01 -.5639E-01  276.7     0.6541    
     6   67  1.497     0.5639E-01 0.5639E-01 -.5639E-01  276.7     0.6541    
     1   68  1.515     0.6579E-01 0.6579E-01 -.6579E-01  30.19      148.1    
     2   68  1.515     0.6579E-01 0.6579E-01 -.6579E-01  30.19      148.1    
     3   68  1.515     0.6579E-01 0.6579E-01 -.6579E-01  61.11      15.74    
     4   68  1.515     0.6579E-01 0.6579E-01 -.6579E-01  272.8      1.220    
     5   68  1.515     0.6579E-01 0.6579E-01 -.6579E-01  276.3     0.1914    
     6   68  1.515     0.6579E-01 0.6579E-01 -.6579E-01  276.3     0.1914    
     1   69  1.532     0.7519E-01 0.7519E-01 -.7519E-01  33.80      153.6    
     2   69  1.532     0.7519E-01 0.7519E-01 -.7519E-01  33.80      153.6    
     3   69  1.532     0.7519E-01 0.7519E-01 -.7519E-01  69.53      15.80    
     4   69  1.532     0.7519E-01 0.7519E-01 -.7519E-01  271.3     0.9938    
     5   69  1.532     0.7519E-01 0.7519E-01 -.7519E-01  275.8     -.3406    
     6   69  1.532     0.7519E-01 0.7519E-01 -.7519E-01  275.8     -.3406    
     1   70  1.549     0.8459E-01 0.8459E-01 -.8459E-01  37.13      160.1    
     2   70  1.549     0.8459E-01 0.8459E-01 -.8459E-01  37.13      160.1    
     3   70  1.549     0.8459E-01 0.8459E-01 -.8459E-01  77.85      15.86    
     4   70  1.549     0.8459E-01 0.8459E-01 -.8459E-01  269.7     0.7349    
     5   70  1.549     0.8459E-01 0.8459E-01 -.8459E-01  275.2     -.9401    
     6   70  1.549     0.8459E-01 0.8459E-01 -.8459E-01  275.2     -.9401    
     1   71  1.566     0.9399E-01 0.9399E-01 -.9399E-01  40.17      167.6    
     2   71  1.566     0.9399E-01 0.9399E-01 -.9399E-01  40.17      167.6    
     3   71  1.566     0.9399E-01 0.9399E-01 -.9399E-01  86.04      15.90    
     4   71  1.566     0.9399E-01 0.9399E-01 -.9399E-01  268.0     0.4437    
     5   71  1.566     0.9399E-01 0.9399E-01 -.9399E-01  274.5     -1.604    
     6   71  1.566     0.9399E-01 0.9399E-01 -.9399E-01  274.5     -1.604    
     1   72  1.584     0.1034     0.1034     -.1034      42.90      176.1    
     2   72  1.584     0.1034     0.1034     -.1034      42.90      176.1    
     3   72  1.584     0.1034     0.1034     -.1034      94.11      15.92    
     4   72  1.584     0.1034     0.1034     -.1034      266.1     0.1208    
     5   72  1.584     0.1034     0.1034     -.1034      273.8     -2.328    
     6   72  1.584     0.1034     0.1034     -.1034      273.8     -2.328    
     1   73  1.601     0.1128     0.1128     -.1128      45.30      185.8    
     2   73  1.601     0.1128     0.1128     -.1128      45.30      185.8    
     3   73  1.601     0.1128     0.1128     -.1128      102.0      15.92    
     4   73  1.601     0.1128     0.1128     -.1128      264.2     -.2329    
     5   73  1.601     0.1128     0.1128     -.1128      273.1     -3.108    
     6   73  1.601     0.1128     0.1128     -.1128      273.1     -3.108    
     1   74  1.618     0.1222     0.1222     -.1222      47.35      196.8    
     2   74  1.618     0.1222     0.1222     -.1222      47.35      196.8    
     3   74  1.618     0.1222     0.1222     -.1222      109.8      15.90    
     4   74  1.618     0.1222     0.1222     -.1222      262.1     -.6162    
     5   74  1.618     0.1222     0.1222     -.1222      272.2     -3.935    
     6   74  1.618     0.1222     0.1222     -.1222      272.2     -3.935    
     1   75  1.635     0.1316     0.1316     -.1316      49.05      209.1    
     2   75  1.635     0.1316     0.1316     -.1316      49.05      209.1    
     3   75  1.635     0.1316     0.1316     -.1316      117.5      15.86    
     4   75  1.635     0.1316     0.1316     -.1316      259.9     -1.028    
     5   75  1.635     0.1316     0.1316     -.1316      271.4     -4.801    
     6   75  1.635     0.1316     0.1316     -.1316      271.4     -4.801    
     1   76  1.652     0.1410     0.1410     -.1410      50.41      222.9    
     2   76  1.652     0.1410     0.1410     -.1410      50.41      222.9    
     3   76  1.652     0.1410     0.1410     -.1410      125.0      15.81    
     4   76  1.652     0.1410     0.1410     -.1410      257.7     -1.468    
     5   76  1.652     0.1410     0.1410     -.1410      270.5     -5.698    
     6   76  1.652     0.1410     0.1410     -.1410      270.5     -5.698    
     1   77  1.670     0.1504     0.1504     -.1504      51.43      238.2    
     2   77  1.670     0.1504     0.1504     -.1504      51.43      238.2    
     3   77  1.670     0.1504     0.1504     -.1504      132.3      15.75    
     4   77  1.670     0.1504     0.1504     -.1504      255.3     -1.937    
     5   77  1.670     0.1504     0.1504     -.1504      269.6     -6.612    
     6   77  1.670     0.1504     0.1504     -.1504      269.6     -6.612    
     1   78  1.687     0.1598     0.1598     -.1598      52.12      255.2    
     2   78  1.687     0.1598     0.1598     -.1598      52.12      255.2    
     3   78  1.687     0.1598     0.1598     -.1598      139.5      15.69    
     4   78  1.687     0.1598     0.1598     -.1598      252.9     -2.438    
     5   78  1.687     0.1598     0.1598     -.1598      268.7     -7.532    
     6   78  1.687     0.1598     0.1598     -.1598      268.7     -7.532    
     1   79  1.704     0.1692     0.1692     -.1692      52.51      273.8    
     2   79  1.704     0.1692     0.1692     -.1692      52.51      273.8    
     3   79  1.704     0.1692     0.1692     -.1692      146.5      15.65    
     4   79  1.704     0.1692     0.1692     -.1692      250.3     -2.978    
     5   79  1.704     0.1692     0.1692     -.1692      267.7     -8.446    
     6   79  1.704     0.1692     0.1692     -.1692      267.7     -8.446    
     1   80  1.721     0.1786     0.1786     -.1786      52.62      294.1    
     2   80  1.721     0.1786     0.1786     -.1786      52.62      294.1    
     3   80  1.721     0.1786     0.1786     -.1786      153.4      15.66    
     4   80  1.721     0.1786     0.1786     -.1786      247.6     -3.569    
     5   80  1.721     0.1786     0.1786     -.1786      266.8     -9.338    
     6   80  1.721     0.1786     0.1786     -.1786      266.8     -9.338    
     1   81  1.739     0.1880     0.1880     -.1880      52.49      316.0    
     2   81  1.739     0.1880     0.1880     -.1880      52.49      316.0    
     3   81  1.739     0.1880     0.1880     -.1880      160.0      15.74    
     4   81  1.739     0.1880     0.1880     -.1880      244.8     -4.231    
     5   81  1.739     0.1880     0.1880     -.1880      266.0     -10.19    
     6   81  1.739     0.1880     0.1880     -.1880      266.0     -10.19    
     1   82  1.756     0.1974     0.1974     -.1974      52.17      339.1    
     2   82  1.756     0.1974     0.1974     -.1974      52.17      339.1    
     3   82  1.756     0.1974     0.1974     -.1974      166.5      15.95    
     4   82  1.756     0.1974     0.1974     -.1974      241.9     -5.000    
     5   82  1.756     0.1974     0.1974     -.1974      265.1     -11.00    
     6   82  1.756     0.1974     0.1974     -.1974      265.1     -11.00    
     1   83  1.773     0.2068     0.2068     -.2068      51.70      363.2    
     2   83  1.773     0.2068     0.2068     -.2068      51.70      363.2    
     3   83  1.773     0.2068     0.2068     -.2068      172.7      16.36    
     4   83  1.773     0.2068     0.2068     -.2068      238.8     -5.934    
     5   83  1.773     0.2068     0.2068     -.2068      264.3     -11.75    
     6   83  1.773     0.2068     0.2068     -.2068      264.3     -11.75    
     1   84  1.790     0.2162     0.2162     -.2162      51.13      387.5    
     2   84  1.790     0.2162     0.2162     -.2162      51.13      387.5    
     3   84  1.790     0.2162     0.2162     -.2162      178.7      17.07    
     4   84  1.790     0.2162     0.2162     -.2162      235.6     -7.130    
     5   84  1.790     0.2162     0.2162     -.2162      263.6     -12.42    
     6   84  1.790     0.2162     0.2162     -.2162      263.6     -12.42    
     1   85  1.808     0.2256     0.2256     -.2256      50.53      411.2    
     2   85  1.808     0.2256     0.2256     -.2256      50.53      411.2    
     3   85  1.808     0.2256     0.2256     -.2256      184.5      18.27    
     4   85  1.808     0.2256     0.2256     -.2256      232.2     -8.761    
     5   85  1.808     0.2256     0.2256     -.2256      263.0     -13.01    
     6   85  1.808     0.2256     0.2256     -.2256      263.0     -13.01    
     1   86  1.825     0.2350     0.2350     -.2350      49.94      433.2    
     2   86  1.825     0.2350     0.2350     -.2350      49.94      433.2    
     3   86  1.825     0.2350     0.2350     -.2350      190.0      20.29    
     4   86  1.825     0.2350     0.2350     -.2350      228.7     -11.15    
     5   86  1.825     0.2350     0.2350     -.2350      262.5     -13.51    
     6   86  1.825     0.2350     0.2350     -.2350      262.5     -13.51    
     1   87  1.842     0.2444     0.2444     -.2444      49.42      452.3    
     2   87  1.842     0.2444     0.2444     -.2444      49.42      452.3    
     3   87  1.842     0.2444     0.2444     -.2444      195.2      23.81    
     4   87  1.842     0.2444     0.2444     -.2444      225.1     -14.96    
     5   87  1.842     0.2444     0.2444     -.2444      262.1     -13.90    
     6   87  1.842     0.2444     0.2444     -.2444      262.1     -13.90    
     1   88  1.859     0.2538     0.2538     -.2538      49.01      467.2    
     2   88  1.859     0.2538     0.2538     -.2538      49.01      467.2    
     3   88  1.859     0.2538     0.2538     -.2538      200.0      30.30    
     4   88  1.859     0.2538     0.2538     -.2538      221.4     -21.67    
     5   88  1.859     0.2538     0.2538     -.2538      261.8     -14.19    
     6   88  1.859     0.2538     0.2538     -.2538      261.8     -14.19    
     1   89  1.877     0.2632     0.2632     -.2632      48.74      476.6    
     2   89  1.877     0.2632     0.2632     -.2632      48.74      476.6    
     3   89  1.877     0.2632     0.2632     -.2632      204.0      42.59    
     4   89  1.877     0.2632     0.2632     -.2632      218.2     -34.09    
     5   89  1.877     0.2632     0.2632     -.2632      261.6     -14.36    
     6   89  1.877     0.2632     0.2632     -.2632      261.6     -14.36    
     1   90  1.894     0.2726     0.2726     -.2726      48.65      479.8    
     2   90  1.894     0.2726     0.2726     -.2726      48.65      479.8    
     3   90  1.894     0.2726     0.2726     -.2726      205.8      54.51    
     4   90  1.894     0.2726     0.2726     -.2726      216.5     -46.05    
     5   90  1.894     0.2726     0.2726     -.2726      261.5     -14.42    
     6   90  1.894     0.2726     0.2726     -.2726      261.5     -14.42    
     1   91  1.894     0.2726     0.2726     0.2726      48.65      479.8    
     2   91  1.894     0.2726     0.2726     0.2726      48.65      479.8    
     3   91  1.894     0.2726     0.2726     0.2726      205.8      54.51    
     4   91  1.894     0.2726     0.2726     0.2726      216.5     -46.05    
     5   91  1.894     0.2726     0.2726     0.2726      261.5     -14.42    
     6   91  1.894     0.2726     0.2726     0.2726      261.5     -14.42    
     1   92  1.911     0.2820     0.2632     0.2632      49.10      472.1    
     2   92  1.911     0.2820     0.2632     0.2632      49.32      467.3    
     3   92  1.911     0.2820     0.2632     0.2632      205.4      52.64    
     4   92  1.911     0.2820     0.2632     0.2632      216.7     -44.01    
     5   92  1.911     0.2820     0.2632     0.2632      261.5     -14.46    
     6   92  1.911     0.2820     0.2632     0.2632      261.6     -14.50    
     1   93  1.928     0.2914     0.2538     0.2538      50.40      451.0    
     2   93  1.928     0.2914     0.2538     0.2538      51.26      433.6    
     3   93  1.928     0.2914     0.2538     0.2538      204.3      48.50    
     4   93  1.928     0.2914     0.2538     0.2538      217.1     -39.35    
     5   93  1.928     0.2914     0.2538     0.2538      261.2     -14.60    
     6   93  1.928     0.2914     0.2538     0.2538      261.7     -14.73    
     1   94  1.946     0.3008     0.2444     0.2444      52.44      421.0    
     2   94  1.946     0.3008     0.2444     0.2444      54.31      387.9    
     3   94  1.946     0.3008     0.2444     0.2444      202.5      44.32    
     4   94  1.946     0.3008     0.2444     0.2444      217.7     -34.36    
     5   94  1.946     0.3008     0.2444     0.2444      260.7     -14.83    
     6   94  1.946     0.3008     0.2444     0.2444      261.8     -15.10    
     1   95  1.963     0.3102     0.2350     0.2350      55.07      387.5    
     2   95  1.963     0.3102     0.2350     0.2350      58.26      339.4    
     3   95  1.963     0.3102     0.2350     0.2350      200.3      41.14    
     4   95  1.963     0.3102     0.2350     0.2350      218.2     -30.10    
     5   95  1.963     0.3102     0.2350     0.2350      260.1     -15.16    
     6   95  1.963     0.3102     0.2350     0.2350      261.9     -15.59    
     1   96  1.980     0.3196     0.2256     0.2256      58.12      354.6    
     2   96  1.980     0.3196     0.2256     0.2256      62.86      294.2    
     3   96  1.980     0.3196     0.2256     0.2256      197.7      39.03    
     4   96  1.980     0.3196     0.2256     0.2256      218.8     -26.71    
     5   96  1.980     0.3196     0.2256     0.2256      259.4     -15.58    
     6   96  1.980     0.3196     0.2256     0.2256      262.1     -16.17    
     1   97  1.997     0.3290     0.2162     0.2162      61.40      325.0    
     2   97  1.997     0.3290     0.2162     0.2162      67.92      255.5    
     3   97  1.997     0.3290     0.2162     0.2162      194.8      37.74    
     4   97  1.997     0.3290     0.2162     0.2162      219.3     -24.03    
     5   97  1.997     0.3290     0.2162     0.2162      258.5     -16.10    
     6   97  1.997     0.3290     0.2162     0.2162      262.2     -16.81    
     1   98  2.015     0.3384     0.2068     0.2068      64.78      299.9    
     2   98  2.015     0.3384     0.2068     0.2068      73.23      223.8    
     3   98  2.015     0.3384     0.2068     0.2068      191.7      36.97    
     4   98  2.015     0.3384     0.2068     0.2068      219.8     -21.87    
     5   98  2.015     0.3384     0.2068     0.2068      257.5     -16.72    
     6   98  2.015     0.3384     0.2068     0.2068      262.3     -17.49    
     1   99  2.032     0.3478     0.1974     0.1974      68.11      279.5    
     2   99  2.032     0.3478     0.1974     0.1974      78.63      199.1    
     3   99  2.032     0.3478     0.1974     0.1974      188.5      36.44    
     4   99  2.032     0.3478     0.1974     0.1974      220.3     -20.08    
     5   99  2.032     0.3478     0.1974     0.1974      256.4     -17.44    
     6   99  2.032     0.3478     0.1974     0.1974      262.3     -18.19    
     1  100  2.049     0.3572     0.1880     0.1880      71.28      263.8    
     2  100  2.049     0.3572     0.1880     0.1880      83.94      180.6    
     3  100  2.049     0.3572     0.1880     0.1880      185.2      35.86    
     4  100  2.049     0.3572     0.1880     0.1880      220.8     -18.54    
     5  100  2.049     0.3572     0.1880     0.1880      255.3     -18.27    
     6  100  2.049     0.3572     0.1880     0.1880      262.3     -18.89    
     1  101  2.066     0.3666     0.1786     0.1786      74.19      252.4    
     2  101  2.066     0.3666     0.1786     0.1786      88.99      167.7    
     3  101  2.066     0.3666     0.1786     0.1786      182.1      34.94    
     4  101  2.066     0.3666     0.1786     0.1786      221.3     -17.17    
     5  101  2.066     0.3666     0.1786     0.1786      254.2     -19.19    
     6  101  2.066     0.3666     0.1786     0.1786      262.1     -19.59    
     1  102  2.084     0.3760     0.1692     0.1692      76.77      244.8    
     2  102  2.084     0.3760     0.1692     0.1692      93.59      159.9    
     3  102  2.084     0.3760     0.1692     0.1692      179.2      33.41    
     4  102  2.084     0.3760     0.1692     0.1692      221.8     -15.91    
     5  102  2.084     0.3760     0.1692     0.1692      253.0     -20.21    
     6  102  2.084     0.3760     0.1692     0.1692      261.9     -20.28    
     1  103  2.101     0.3854     0.1598     0.1598      78.95      240.8    
     2  103  2.101     0.3854     0.1598     0.1598      97.54      156.9    
     3  103  2.101     0.3854     0.1598     0.1598      176.7      31.03    
     4  103  2.101     0.3854     0.1598     0.1598      222.3     -14.74    
     5  103  2.101     0.3854     0.1598     0.1598      251.9     -21.31    
     6  103  2.101     0.3854     0.1598     0.1598      261.5     -20.97    
     1  104  2.118     0.3948     0.1504     0.1504      80.69      240.1    
     2  104  2.118     0.3948     0.1504     0.1504      100.6      158.4    
     3  104  2.118     0.3948     0.1504     0.1504      174.9      27.69    
     4  104  2.118     0.3948     0.1504     0.1504      222.9     -13.63    
     5  104  2.118     0.3948     0.1504     0.1504      250.8     -22.47    
     6  104  2.118     0.3948     0.1504     0.1504      261.0     -21.65    
     1  105  2.135     0.4042     0.1410     0.1410      81.95      242.4    
     2  105  2.135     0.4042     0.1410     0.1410      102.6      164.0    
     3  105  2.135     0.4042     0.1410     0.1410      174.0      23.58    
     4  105  2.135     0.4042     0.1410     0.1410      223.4     -12.55    
     5  105  2.135     0.4042     0.1410     0.1410      249.8     -23.69    
     6  105  2.135     0.4042     0.1410     0.1410      260.4     -22.33    
     1  106  2.152     0.4136     0.1316     0.1316      82.71      247.6    
     2  106  2.152     0.4136     0.1316     0.1316      103.3      173.0    
     3  106  2.152     0.4136     0.1316     0.1316      174.1      19.13    
     4  106  2.152     0.4136     0.1316     0.1316      224.0     -11.50    
     5  106  2.152     0.4136     0.1316     0.1316      248.9     -24.93    
     6  106  2.152     0.4136     0.1316     0.1316      259.7     -23.01    
     1  107  2.170     0.4230     0.1222     0.1222      82.98      255.8    
     2  107  2.170     0.4230     0.1222     0.1222      102.9      184.9    
     3  107  2.170     0.4230     0.1222     0.1222      175.2      14.93    
     4  107  2.170     0.4230     0.1222     0.1222      224.6     -10.45    
     5  107  2.170     0.4230     0.1222     0.1222      248.1     -26.18    
     6  107  2.170     0.4230     0.1222     0.1222      258.8     -23.72    
     1  108  2.187     0.4324     0.1128     0.1128      82.76      266.8    
     2  108  2.187     0.4324     0.1128     0.1128      101.2      199.4    
     3  108  2.187     0.4324     0.1128     0.1128      177.2      11.37    
     4  108  2.187     0.4324     0.1128     0.1128      225.1     -9.409    
     5  108  2.187     0.4324     0.1128     0.1128      247.4     -27.41    
     6  108  2.187     0.4324     0.1128     0.1128      257.8     -24.45    
     1  109  2.204     0.4418     0.1034     0.1034      82.08      280.8    
     2  109  2.204     0.4418     0.1034     0.1034      98.69      216.5    
     3  109  2.204     0.4418     0.1034     0.1034      180.1      8.582    
     4  109  2.204     0.4418     0.1034     0.1034      225.7     -8.352    
     5  109  2.204     0.4418     0.1034     0.1034      246.9     -28.59    
     6  109  2.204     0.4418     0.1034     0.1034      256.7     -25.23    
     1  110  2.221     0.4512     0.9399E-01 0.9399E-01  81.00      297.8    
     2  110  2.221     0.4512     0.9399E-01 0.9399E-01  95.45      236.6    
     3  110  2.221     0.4512     0.9399E-01 0.9399E-01  183.4      6.479    
     4  110  2.221     0.4512     0.9399E-01 0.9399E-01  226.1     -7.271    
     5  110  2.221     0.4512     0.9399E-01 0.9399E-01  246.4     -29.71    
     6  110  2.221     0.4512     0.9399E-01 0.9399E-01  255.5     -26.07    
     1  111  2.239     0.4606     0.8459E-01 0.8459E-01  79.56      317.8    
     2  111  2.239     0.4606     0.8459E-01 0.8459E-01  91.75      259.9    
     3  111  2.239     0.4606     0.8459E-01 0.8459E-01  187.2      4.913    
     4  111  2.239     0.4606     0.8459E-01 0.8459E-01  226.5     -6.152    
     5  111  2.239     0.4606     0.8459E-01 0.8459E-01  246.1     -30.74    
     6  111  2.239     0.4606     0.8459E-01 0.8459E-01  254.3     -27.00    
     1  112  2.256     0.4700     0.7519E-01 0.7519E-01  77.85      340.7    
     2  112  2.256     0.4700     0.7519E-01 0.7519E-01  87.80      286.9    
     3  112  2.256     0.4700     0.7519E-01 0.7519E-01  191.1      3.746    
     4  112  2.256     0.4700     0.7519E-01 0.7519E-01  226.8     -4.988    
     5  112  2.256     0.4700     0.7519E-01 0.7519E-01  245.9     -31.68    
     6  112  2.256     0.4700     0.7519E-01 0.7519E-01  253.0     -28.02    
     1  113  2.273     0.4794     0.6579E-01 0.6579E-01  75.95      366.2    
     2  113  2.273     0.4794     0.6579E-01 0.6579E-01  83.78      317.5    
     3  113  2.273     0.4794     0.6579E-01 0.6579E-01  195.2      2.880    
     4  113  2.273     0.4794     0.6579E-01 0.6579E-01  226.9     -3.780    
     5  113  2.273     0.4794     0.6579E-01 0.6579E-01  245.7     -32.51    
     6  113  2.273     0.4794     0.6579E-01 0.6579E-01  251.6     -29.14    
     1  114  2.290     0.4888     0.5639E-01 0.5639E-01  73.97      393.7    
     2  114  2.290     0.4888     0.5639E-01 0.5639E-01  79.86      351.5    
     3  114  2.290     0.4888     0.5639E-01 0.5639E-01  199.2      2.251    
     4  114  2.290     0.4888     0.5639E-01 0.5639E-01  226.8     -2.551    
     5  114  2.290     0.4888     0.5639E-01 0.5639E-01  245.6     -33.22    
     6  114  2.290     0.4888     0.5639E-01 0.5639E-01  250.3     -30.34    
     1  115  2.308     0.4981     0.4700E-01 0.4700E-01  72.01      422.3    
     2  115  2.308     0.4981     0.4700E-01 0.4700E-01  76.18      387.9    
     3  115  2.308     0.4981     0.4700E-01 0.4700E-01  203.1      1.820    
     4  115  2.308     0.4981     0.4700E-01 0.4700E-01  226.4     -1.351    
     5  115  2.308     0.4981     0.4700E-01 0.4700E-01  245.6     -33.82    
     6  115  2.308     0.4981     0.4700E-01 0.4700E-01  249.1     -31.57    
     1  116  2.325     0.5075     0.3760E-01 0.3760E-01  70.20      450.4    
     2  116  2.325     0.5075     0.3760E-01 0.3760E-01  72.92      424.9    
     3  116  2.325     0.5075     0.3760E-01 0.3760E-01  206.9      1.560    
     4  116  2.325     0.5075     0.3760E-01 0.3760E-01  225.8     -.2644    
     5  116  2.325     0.5075     0.3760E-01 0.3760E-01  245.6     -34.31    
     6  116  2.325     0.5075     0.3760E-01 0.3760E-01  247.9     -32.75    
     1  117  2.342     0.5169     0.2820E-01 0.2820E-01  68.64      476.0    
     2  117  2.342     0.5169     0.2820E-01 0.2820E-01  70.19      459.7    
     3  117  2.342     0.5169     0.2820E-01 0.2820E-01  210.4      1.446    
     4  117  2.342     0.5169     0.2820E-01 0.2820E-01  224.8     0.6075    
     5  117  2.342     0.5169     0.2820E-01 0.2820E-01  245.6     -34.68    
     6  117  2.342     0.5169     0.2820E-01 0.2820E-01  247.0     -33.78    
     1  118  2.359     0.5263     0.1880E-01 0.1880E-01  67.43      496.7    
     2  118  2.359     0.5263     0.1880E-01 0.1880E-01  68.13      488.7    
     3  118  2.359     0.5263     0.1880E-01 0.1880E-01  213.7      1.445    
     4  118  2.359     0.5263     0.1880E-01 0.1880E-01  223.4      1.192    
     5  118  2.359     0.5263     0.1880E-01 0.1880E-01  245.6     -34.95    
     6  118  2.359     0.5263     0.1880E-01 0.1880E-01  246.3     -34.54    
     1  119  2.377     0.5357     0.9399E-02 0.9399E-02  66.67      510.3    
     2  119  2.377     0.5357     0.9399E-02 0.9399E-02  66.85      508.1    
     3  119  2.377     0.5357     0.9399E-02 0.9399E-02  216.7      1.508    
     4  119  2.377     0.5357     0.9399E-02 0.9399E-02  221.5      1.485    
     5  119  2.377     0.5357     0.9399E-02 0.9399E-02  245.7     -35.11    
     6  119  2.377     0.5357     0.9399E-02 0.9399E-02  245.8     -35.01    
     1  120  2.394     0.5451     0.9399E-10 0.9399E-10  66.42      515.0    
     2  120  2.394     0.5451     0.9399E-10 0.9399E-10  66.42      515.0    
     3  120  2.394     0.5451     0.9399E-10 0.9399E-10  219.3      1.555    
     4  120  2.394     0.5451     0.9399E-10 0.9399E-10  219.3      1.555    
     5  120  2.394     0.5451     0.9399E-10 0.9399E-10  245.7     -35.16    
     6  120  2.394     0.5451     0.9399E-10 0.9399E-10  245.7     -35.16    
     1  121  2.394     0.5451      0.000      0.000      66.42      515.0    
     2  121  2.394     0.5451      0.000      0.000      66.42      515.0    
     3  121  2.394     0.5451      0.000      0.000      219.3      1.555    
     4  121  2.394     0.5451      0.000      0.000      219.3      1.555    
     5  121  2.394     0.5451      0.000      0.000      245.7     -35.16    
     6  121  2.394     0.5451      0.000      0.000      245.7     -35.16    
     1  122  2.404     0.5451     0.9399E-02  0.000      66.53      513.1    
     2  122  2.404     0.5451     0.9399E-02  0.000      66.53      513.1    
     3  122  2.404     0.5451     0.9399E-02  0.000      219.2      1.526    
     4  122  2.404     0.5451     0.9399E-02  0.000      219.2      1.526    
     5  122  2.404     0.5451     0.9399E-02  0.000      245.7     -35.12    
     6  122  2.404     0.5451     0.9399E-02  0.000      245.7     -35.12    
     1  123  2.414     0.5451     0.1880E-01  0.000      66.88      507.6    
     2  123  2.414     0.5451     0.1880E-01  0.000      66.88      507.6    
     3  123  2.414     0.5451     0.1880E-01  0.000      219.0      1.444    
     4  123  2.414     0.5451     0.1880E-01  0.000      219.0      1.444    
     5  123  2.414     0.5451     0.1880E-01  0.000      245.8     -35.02    
     6  123  2.414     0.5451     0.1880E-01  0.000      245.8     -35.02    
     1  124  2.424     0.5451     0.2820E-01  0.000      67.46      498.8    
     2  124  2.424     0.5451     0.2820E-01  0.000      67.46      498.8    
     3  124  2.424     0.5451     0.2820E-01  0.000      218.6      1.318    
     4  124  2.424     0.5451     0.2820E-01  0.000      218.6      1.318    
     5  124  2.424     0.5451     0.2820E-01  0.000      246.0     -34.85    
     6  124  2.424     0.5451     0.2820E-01  0.000      246.0     -34.85    
     1  125  2.434     0.5451     0.3760E-01  0.000      68.25      487.0    
     2  125  2.434     0.5451     0.3760E-01  0.000      68.25      487.0    
     3  125  2.434     0.5451     0.3760E-01  0.000      218.0      1.166    
     4  125  2.434     0.5451     0.3760E-01  0.000      218.0      1.166    
     5  125  2.434     0.5451     0.3760E-01  0.000      246.2     -34.64    
     6  125  2.434     0.5451     0.3760E-01  0.000      246.2     -34.64    
     1  126  2.444     0.5451     0.4700E-01  0.000      69.25      472.7    
     2  126  2.444     0.5451     0.4700E-01  0.000      69.25      472.7    
     3  126  2.444     0.5451     0.4700E-01  0.000      217.3      1.003    
     4  126  2.444     0.5451     0.4700E-01  0.000      217.3      1.003    
     5  126  2.444     0.5451     0.4700E-01  0.000      246.5     -34.40    
     6  126  2.444     0.5451     0.4700E-01  0.000      246.5     -34.40    
     1  127  2.454     0.5451     0.5639E-01  0.000      70.44      456.5    
     2  127  2.454     0.5451     0.5639E-01  0.000      70.44      456.5    
     3  127  2.454     0.5451     0.5639E-01  0.000      216.5     0.8469    
     4  127  2.454     0.5451     0.5639E-01  0.000      216.5     0.8469    
     5  127  2.454     0.5451     0.5639E-01  0.000      246.8     -34.15    
     6  127  2.454     0.5451     0.5639E-01  0.000      246.8     -34.15    
     1  128  2.464     0.5451     0.6579E-01  0.000      71.79      439.0    
     2  128  2.464     0.5451     0.6579E-01  0.000      71.79      439.0    
     3  128  2.464     0.5451     0.6579E-01  0.000      215.6     0.7093    
     4  128  2.464     0.5451     0.6579E-01  0.000      215.6     0.7093    
     5  128  2.464     0.5451     0.6579E-01  0.000      247.1     -33.91    
     6  128  2.464     0.5451     0.6579E-01  0.000      247.1     -33.91    
     1  129  2.473     0.5451     0.7519E-01  0.000      73.29      420.7    
     2  129  2.473     0.5451     0.7519E-01  0.000      73.29      420.7    
     3  129  2.473     0.5451     0.7519E-01  0.000      214.6     0.6002    
     4  129  2.473     0.5451     0.7519E-01  0.000      214.6     0.6002    
     5  129  2.473     0.5451     0.7519E-01  0.000      247.5     -33.68    
     6  129  2.473     0.5451     0.7519E-01  0.000      247.5     -33.68    
     1  130  2.483     0.5451     0.8459E-01  0.000      74.93      402.1    
     2  130  2.483     0.5451     0.8459E-01  0.000      74.93      402.1    
     3  130  2.483     0.5451     0.8459E-01  0.000      213.5     0.5252    
     4  130  2.483     0.5451     0.8459E-01  0.000      213.5     0.5252    
     5  130  2.483     0.5451     0.8459E-01  0.000      247.9     -33.47    
     6  130  2.483     0.5451     0.8459E-01  0.000      247.9     -33.47    
     1  131  2.493     0.5451     0.9399E-01  0.000      76.67      383.5    
     2  131  2.493     0.5451     0.9399E-01  0.000      76.67      383.5    
     3  131  2.493     0.5451     0.9399E-01  0.000      212.4     0.4868    
     4  131  2.493     0.5451     0.9399E-01  0.000      212.4     0.4868    
     5  131  2.493     0.5451     0.9399E-01  0.000      248.3     -33.29    
     6  131  2.493     0.5451     0.9399E-01  0.000      248.3     -33.29    
     1  132  2.503     0.5451     0.1034      0.000      78.50      365.4    
     2  132  2.503     0.5451     0.1034      0.000      78.50      365.4    
     3  132  2.503     0.5451     0.1034      0.000      211.2     0.4848    
     4  132  2.503     0.5451     0.1034      0.000      211.2     0.4848    
     5  132  2.503     0.5451     0.1034      0.000      248.6     -33.14    
     6  132  2.503     0.5451     0.1034      0.000      248.6     -33.14    
     1  133  2.513     0.5451     0.1128      0.000      80.39      347.9    
     2  133  2.513     0.5451     0.1128      0.000      80.39      347.9    
     3  133  2.513     0.5451     0.1128      0.000      209.9     0.5170    
     4  133  2.513     0.5451     0.1128      0.000      209.9     0.5170    
     5  133  2.513     0.5451     0.1128      0.000      249.0     -33.02    
     6  133  2.513     0.5451     0.1128      0.000      249.0     -33.02    
     1  134  2.523     0.5451     0.1222      0.000      82.33      331.3    
     2  134  2.523     0.5451     0.1222      0.000      82.33      331.3    
     3  134  2.523     0.5451     0.1222      0.000      208.6     0.5798    
     4  134  2.523     0.5451     0.1222      0.000      208.6     0.5798    
     5  134  2.523     0.5451     0.1222      0.000      249.4     -32.92    
     6  134  2.523     0.5451     0.1222      0.000      249.4     -32.92    
     1  135  2.533     0.5451     0.1316      0.000      84.29      315.7    
     2  135  2.533     0.5451     0.1316      0.000      84.29      315.7    
     3  135  2.533     0.5451     0.1316      0.000      207.3     0.6684    
     4  135  2.533     0.5451     0.1316      0.000      207.3     0.6684    
     5  135  2.533     0.5451     0.1316      0.000      249.7     -32.84    
     6  135  2.533     0.5451     0.1316      0.000      249.7     -32.84    
     1  136  2.543     0.5451     0.1410      0.000      86.25      301.2    
     2  136  2.543     0.5451     0.1410      0.000      86.25      301.2    
     3  136  2.543     0.5451     0.1410      0.000      206.0     0.7777    
     4  136  2.543     0.5451     0.1410      0.000      206.0     0.7777    
     5  136  2.543     0.5451     0.1410      0.000      250.0     -32.79    
     6  136  2.543     0.5451     0.1410      0.000      250.0     -32.79    
     1  137  2.553     0.5451     0.1504      0.000      88.20      287.8    
     2  137  2.553     0.5451     0.1504      0.000      88.20      287.8    
     3  137  2.553     0.5451     0.1504      0.000      204.7     0.9019    
     4  137  2.553     0.5451     0.1504      0.000      204.7     0.9019    
     5  137  2.553     0.5451     0.1504      0.000      250.3     -32.75    
     6  137  2.553     0.5451     0.1504      0.000      250.3     -32.75    
     1  138  2.563     0.5451     0.1598      0.000      90.11      275.5    
     2  138  2.563     0.5451     0.1598      0.000      90.11      275.5    
     3  138  2.563     0.5451     0.1598      0.000      203.4      1.035    
     4  138  2.563     0.5451     0.1598      0.000      203.4      1.035    
     5  138  2.563     0.5451     0.1598      0.000      250.6     -32.73    
     6  138  2.563     0.5451     0.1598      0.000      250.6     -32.73    
     1  139  2.573     0.5451     0.1692      0.000      91.96      264.3    
     2  139  2.573     0.5451     0.1692      0.000      91.96      264.3    
     3  139  2.573     0.5451     0.1692      0.000      202.1      1.173    
     4  139  2.573     0.5451     0.1692      0.000      202.1      1.173    
     5  139  2.573     0.5451     0.1692      0.000      250.8     -32.72    
     6  139  2.573     0.5451     0.1692      0.000      250.8     -32.72    
     1  140  2.583     0.5451     0.1786      0.000      93.74      254.3    
     2  140  2.583     0.5451     0.1786      0.000      93.74      254.3    
     3  140  2.583     0.5451     0.1786      0.000      200.9      1.308    
     4  140  2.583     0.5451     0.1786      0.000      200.9      1.308    
     5  140  2.583     0.5451     0.1786      0.000      251.1     -32.72    
     6  140  2.583     0.5451     0.1786      0.000      251.1     -32.72    
     1  141  2.593     0.5451     0.1880      0.000      95.42      245.3    
     2  141  2.593     0.5451     0.1880      0.000      95.42      245.3    
     3  141  2.593     0.5451     0.1880      0.000      199.7      1.438    
     4  141  2.593     0.5451     0.1880      0.000      199.7      1.438    
     5  141  2.593     0.5451     0.1880      0.000      251.3     -32.73    
     6  141  2.593     0.5451     0.1880      0.000      251.3     -32.73    
     1  142  2.603     0.5451     0.1974      0.000      97.00      237.4    
     2  142  2.603     0.5451     0.1974      0.000      97.00      237.4    
     3  142  2.603     0.5451     0.1974      0.000      198.7      1.557    
     4  142  2.603     0.5451     0.1974      0.000      198.7      1.557    
     5  142  2.603     0.5451     0.1974      0.000      251.5     -32.74    
     6  142  2.603     0.5451     0.1974      0.000      251.5     -32.74    
     1  143  2.613     0.5451     0.2068      0.000      98.43      230.6    
     2  143  2.613     0.5451     0.2068      0.000      98.43      230.6    
     3  143  2.613     0.5451     0.2068      0.000      197.6      1.663    
     4  143  2.613     0.5451     0.2068      0.000      197.6      1.663    
     5  143  2.613     0.5451     0.2068      0.000      251.6     -32.76    
     6  143  2.613     0.5451     0.2068      0.000      251.6     -32.76    
     1  144  2.623     0.5451     0.2162      0.000      99.72      224.7    
     2  144  2.623     0.5451     0.2162      0.000      99.72      224.7    
     3  144  2.623     0.5451     0.2162      0.000      196.7      1.755    
     4  144  2.623     0.5451     0.2162      0.000      196.7      1.755    
     5  144  2.623     0.5451     0.2162      0.000      251.8     -32.78    
     6  144  2.623     0.5451     0.2162      0.000      251.8     -32.78    
     1  145  2.633     0.5451     0.2256      0.000      100.8      219.8    
     2  145  2.633     0.5451     0.2256      0.000      100.8      219.8    
     3  145  2.633     0.5451     0.2256      0.000      195.9      1.830    
     4  145  2.633     0.5451     0.2256      0.000      195.9      1.830    
     5  145  2.633     0.5451     0.2256      0.000      251.9     -32.80    
     6  145  2.633     0.5451     0.2256      0.000      251.9     -32.80    
     1  146  2.643     0.5451     0.2350      0.000      101.8      215.8    
     2  146  2.643     0.5451     0.2350      0.000      101.8      215.8    
     3  146  2.643     0.5451     0.2350      0.000      195.3      1.889    
     4  146  2.643     0.5451     0.2350      0.000      195.3      1.889    
     5  146  2.643     0.5451     0.2350      0.000      252.0     -32.82    
     6  146  2.643     0.5451     0.2350      0.000      252.0     -32.82    
     1  147  2.653     0.5451     0.2444      0.000      102.5      212.8    
     2  147  2.653     0.5451     0.2444      0.000      102.5      212.8    
     3  147  2.653     0.5451     0.2444      0.000      194.7      1.933    
     4  147  2.653     0.5451     0.2444      0.000      194.7      1.933    
     5  147  2.653     0.5451     0.2444      0.000      252.1     -32.83    
     6  147  2.653     0.5451     0.2444      0.000      252.1     -32.83    
     1  148  2.663     0.5451     0.2538      0.000      103.1      210.6    
     2  148  2.663     0.5451     0.2538      0.000      103.1      210.6    
     3  148  2.663     0.5451     0.2538      0.000      194.3      1.963    
     4  148  2.663     0.5451     0.2538      0.000      194.3      1.963    
     5  148  2.663     0.5451     0.2538      0.000      252.1     -32.84    
     6  148  2.663     0.5451     0.2538      0.000      252.1     -32.84    
     1  149  2.673     0.5451     0.2632      0.000      103.4      209.3    
     2  149  2.673     0.5451     0.2632      0.000      103.4      209.3    
     3  149  2.673     0.5451     0.2632      0.000      194.1      1.981    
     4  149  2.673     0.5451     0.2632      0.000      194.1      1.981    
     5  149  2.673     0.5451     0.2632      0.000      252.2     -32.85    
     6  149  2.673     0.5451     0.2632      0.000      252.2     -32.85    
     1  150  2.683     0.5451     0.2726      0.000      103.5      208.9    
     2  150  2.683     0.5451     0.2726      0.000      103.5      208.9    
     3  150  2.683     0.5451     0.2726      0.000      194.0      1.986    
     4  150  2.683     0.5451     0.2726      0.000      194.0      1.986    
     5  150  2.683     0.5451     0.2726      0.000      252.2     -32.85    
     6  150  2.683     0.5451     0.2726      0.000      252.2     -32.85    
     1  151  2.683     0.5451     0.2726      0.000      103.5      208.9    
     2  151  2.683     0.5451     0.2726      0.000      103.5      208.9    
     3  151  2.683     0.5451     0.2726      0.000      194.0      1.986    
     4  151  2.683     0.5451     0.2726      0.000      194.0      1.986    
     5  151  2.683     0.5451     0.2726      0.000      252.2     -32.85    
     6  151  2.683     0.5451     0.2726      0.000      252.2     -32.85    
     1  152  2.697     0.5357     0.2726     0.9399E-02  102.9      207.7    
     2  152  2.697     0.5357     0.2726     0.9399E-02  104.2      209.4    
     3  152  2.697     0.5357     0.2726     0.9399E-02  192.6      3.589    
     4  152  2.697     0.5357     0.2726     0.9399E-02  195.4     0.3596    
     5  152  2.697     0.5357     0.2726     0.9399E-02  251.6     -32.56    
     6  152  2.697     0.5357     0.2726     0.9399E-02  252.8     -33.00    
     1  153  2.711     0.5263     0.2726     0.1880E-01  102.3      206.1    
     2  153  2.711     0.5263     0.2726     0.1880E-01  104.8      209.3    
     3  153  2.711     0.5263     0.2726     0.1880E-01  191.0      5.204    
     4  153  2.711     0.5263     0.2726     0.1880E-01  196.8     -1.314    
     5  153  2.711     0.5263     0.2726     0.1880E-01  251.0     -32.12    
     6  153  2.711     0.5263     0.2726     0.1880E-01  253.5     -33.01    
     1  154  2.725     0.5169     0.2726     0.2820E-01  101.7      204.0    
     2  154  2.725     0.5169     0.2726     0.2820E-01  105.5      208.3    
     3  154  2.725     0.5169     0.2726     0.2820E-01  189.5      6.883    
     4  154  2.725     0.5169     0.2726     0.2820E-01  198.1     -3.046    
     5  154  2.725     0.5169     0.2726     0.2820E-01  250.6     -31.55    
     6  154  2.725     0.5169     0.2726     0.2820E-01  254.3     -32.88    
     1  155  2.739     0.5075     0.2726     0.3760E-01  101.0      201.8    
     2  155  2.739     0.5075     0.2726     0.3760E-01  106.2      206.6    
     3  155  2.739     0.5075     0.2726     0.3760E-01  188.0      8.692    
     4  155  2.739     0.5075     0.2726     0.3760E-01  199.3     -4.842    
     5  155  2.739     0.5075     0.2726     0.3760E-01  250.3     -30.86    
     6  155  2.739     0.5075     0.2726     0.3760E-01  255.0     -32.63    
     1  156  2.753     0.4981     0.2726     0.4700E-01  100.3      199.5    
     2  156  2.753     0.4981     0.2726     0.4700E-01  106.8      204.1    
     3  156  2.753     0.4981     0.2726     0.4700E-01  186.6      10.71    
     4  156  2.753     0.4981     0.2726     0.4700E-01  200.5     -6.700    
     5  156  2.753     0.4981     0.2726     0.4700E-01  250.0     -30.05    
     6  156  2.753     0.4981     0.2726     0.4700E-01  255.8     -32.27    
     1  157  2.767     0.4888     0.2726     0.5639E-01  99.50      197.3    
     2  157  2.767     0.4888     0.2726     0.5639E-01  107.3      200.8    
     3  157  2.767     0.4888     0.2726     0.5639E-01  185.2      13.03    
     4  157  2.767     0.4888     0.2726     0.5639E-01  201.7     -8.618    
     5  157  2.767     0.4888     0.2726     0.5639E-01  249.9     -29.16    
     6  157  2.767     0.4888     0.2726     0.5639E-01  256.5     -31.80    
     1  158  2.781     0.4794     0.2726     0.6579E-01  98.58      195.4    
     2  158  2.781     0.4794     0.2726     0.6579E-01  107.6      196.9    
     3  158  2.781     0.4794     0.2726     0.6579E-01  184.0      15.73    
     4  158  2.781     0.4794     0.2726     0.6579E-01  202.7     -10.59    
     5  158  2.781     0.4794     0.2726     0.6579E-01  249.9     -28.20    
     6  158  2.781     0.4794     0.2726     0.6579E-01  257.2     -31.24    
     1  159  2.795     0.4700     0.2726     0.7519E-01  97.52      193.9    
     2  159  2.795     0.4700     0.2726     0.7519E-01  107.6      192.5    
     3  159  2.795     0.4700     0.2726     0.7519E-01  183.1      18.86    
     4  159  2.795     0.4700     0.2726     0.7519E-01  203.8     -12.61    
     5  159  2.795     0.4700     0.2726     0.7519E-01  250.0     -27.19    
     6  159  2.795     0.4700     0.2726     0.7519E-01  257.8     -30.60    
     1  160  2.809     0.4606     0.2726     0.8459E-01  96.29      192.9    
     2  160  2.809     0.4606     0.2726     0.8459E-01  107.3      187.7    
     3  160  2.809     0.4606     0.2726     0.8459E-01  182.4      22.43    
     4  160  2.809     0.4606     0.2726     0.8459E-01  204.8     -14.66    
     5  160  2.809     0.4606     0.2726     0.8459E-01  250.2     -26.17    
     6  160  2.809     0.4606     0.2726     0.8459E-01  258.4     -29.88    
     1  161  2.823     0.4512     0.2726     0.9399E-01  94.86      192.6    
     2  161  2.823     0.4512     0.2726     0.9399E-01  106.6      182.9    
     3  161  2.823     0.4512     0.2726     0.9399E-01  182.1      26.36    
     4  161  2.823     0.4512     0.2726     0.9399E-01  205.8     -16.75    
     5  161  2.823     0.4512     0.2726     0.9399E-01  250.5     -25.13    
     6  161  2.823     0.4512     0.2726     0.9399E-01  259.0     -29.09    
     1  162  2.837     0.4418     0.2726     0.1034      93.23      193.2    
     2  162  2.837     0.4418     0.2726     0.1034      105.4      178.5    
     3  162  2.837     0.4418     0.2726     0.1034      182.2      30.50    
     4  162  2.837     0.4418     0.2726     0.1034      206.8     -18.86    
     5  162  2.837     0.4418     0.2726     0.1034      251.0     -24.11    
     6  162  2.837     0.4418     0.2726     0.1034      259.5     -28.25    
     1  163  2.851     0.4324     0.2726     0.1128      91.37      194.7    
     2  163  2.851     0.4324     0.2726     0.1128      103.7      174.8    
     3  163  2.851     0.4324     0.2726     0.1128      182.7      34.65    
     4  163  2.851     0.4324     0.2726     0.1128      207.7     -20.99    
     5  163  2.851     0.4324     0.2726     0.1128      251.5     -23.12    
     6  163  2.851     0.4324     0.2726     0.1128      259.9     -27.36    
     1  164  2.866     0.4230     0.2726     0.1222      89.28      197.4    
     2  164  2.866     0.4230     0.2726     0.1222      101.5      172.4    
     3  164  2.866     0.4230     0.2726     0.1222      183.6      38.60    
     4  164  2.866     0.4230     0.2726     0.1222      208.6     -23.12    
     5  164  2.866     0.4230     0.2726     0.1222      252.1     -22.16    
     6  164  2.866     0.4230     0.2726     0.1222      260.3     -26.42    
     1  165  2.880     0.4136     0.2726     0.1316      86.97      201.5    
     2  165  2.880     0.4136     0.2726     0.1316      98.86      171.6    
     3  165  2.880     0.4136     0.2726     0.1316      184.9      42.17    
     4  165  2.880     0.4136     0.2726     0.1316      209.5     -25.25    
     5  165  2.880     0.4136     0.2726     0.1316      252.7     -21.25    
     6  165  2.880     0.4136     0.2726     0.1316      260.6     -25.45    
     1  166  2.894     0.4042     0.2726     0.1410      84.44      207.1    
     2  166  2.894     0.4042     0.2726     0.1410      95.73      172.9    
     3  166  2.894     0.4042     0.2726     0.1410      186.4      45.25    
     4  166  2.894     0.4042     0.2726     0.1410      210.3     -27.37    
     5  166  2.894     0.4042     0.2726     0.1410      253.5     -20.39    
     6  166  2.894     0.4042     0.2726     0.1410      260.9     -24.45    
     1  167  2.908     0.3948     0.2726     0.1504      81.69      214.5    
     2  167  2.908     0.3948     0.2726     0.1504      92.22      176.5    
     3  167  2.908     0.3948     0.2726     0.1504      188.1      47.79    
     4  167  2.908     0.3948     0.2726     0.1504      211.1     -29.46    
     5  167  2.908     0.3948     0.2726     0.1504      254.2     -19.59    
     6  167  2.908     0.3948     0.2726     0.1504      261.1     -23.43    
     1  168  2.922     0.3854     0.2726     0.1598      78.76      223.9    
     2  168  2.922     0.3854     0.2726     0.1598      88.39      182.9    
     3  168  2.922     0.3854     0.2726     0.1598      190.0      49.82    
     4  168  2.922     0.3854     0.2726     0.1598      211.8     -31.51    
     5  168  2.922     0.3854     0.2726     0.1598      255.0     -18.84    
     6  168  2.922     0.3854     0.2726     0.1598      261.2     -22.41    
     1  169  2.936     0.3760     0.2726     0.1692      75.67      235.6    
     2  169  2.936     0.3760     0.2726     0.1692      84.31      192.4    
     3  169  2.936     0.3760     0.2726     0.1692      192.0      51.36    
     4  169  2.936     0.3760     0.2726     0.1692      212.6     -33.50    
     5  169  2.936     0.3760     0.2726     0.1692      255.8     -18.15    
     6  169  2.936     0.3760     0.2726     0.1692      261.4     -21.39    
     1  170  2.950     0.3666     0.2726     0.1786      72.45      250.1    
     2  170  2.950     0.3666     0.2726     0.1786      80.05      205.4    
     3  170  2.950     0.3666     0.2726     0.1786      194.0      52.51    
     4  170  2.950     0.3666     0.2726     0.1786      213.2     -35.41    
     5  170  2.950     0.3666     0.2726     0.1786      256.6     -17.52    
     6  170  2.950     0.3666     0.2726     0.1786      261.4     -20.38    
     1  171  2.964     0.3572     0.2726     0.1880      69.16      267.5    
     2  171  2.964     0.3572     0.2726     0.1880      75.69      222.3    
     3  171  2.964     0.3572     0.2726     0.1880      196.0      53.32    
     4  171  2.964     0.3572     0.2726     0.1880      213.8     -37.23    
     5  171  2.964     0.3572     0.2726     0.1880      257.4     -16.95    
     6  171  2.964     0.3572     0.2726     0.1880      261.5     -19.41    
     1  172  2.978     0.3478     0.2726     0.1974      65.85      288.2    
     2  172  2.978     0.3478     0.2726     0.1974      71.31      243.6    
     3  172  2.978     0.3478     0.2726     0.1974      197.9      53.86    
     4  172  2.978     0.3478     0.2726     0.1974      214.4     -38.92    
     5  172  2.978     0.3478     0.2726     0.1974      258.2     -16.43    
     6  172  2.978     0.3478     0.2726     0.1974      261.6     -18.48    
     1  173  2.992     0.3384     0.2726     0.2068      62.58      312.3    
     2  173  2.992     0.3384     0.2726     0.2068      67.00      269.7    
     3  173  2.992     0.3384     0.2726     0.2068      199.6      54.21    
     4  173  2.992     0.3384     0.2726     0.2068      214.9     -40.49    
     5  173  2.992     0.3384     0.2726     0.2068      258.9     -15.97    
     6  173  2.992     0.3384     0.2726     0.2068      261.6     -17.61    
     1  174  3.006     0.3290     0.2726     0.2162      59.43      339.7    
     2  174  3.006     0.3290     0.2726     0.2162      62.86      300.7    
     3  174  3.006     0.3290     0.2726     0.2162      201.2      54.41    
     4  174  3.006     0.3290     0.2726     0.2162      215.3     -41.89    
     5  174  3.006     0.3290     0.2726     0.2162      259.5     -15.57    
     6  174  3.006     0.3290     0.2726     0.2162      261.6     -16.82    
     1  175  3.020     0.3196     0.2726     0.2256      56.50      369.8    
     2  175  3.020     0.3196     0.2726     0.2256      59.01      336.2    
     3  175  3.020     0.3196     0.2726     0.2256      202.5      54.51    
     4  175  3.020     0.3196     0.2726     0.2256      215.7     -43.12    
     5  175  3.020     0.3196     0.2726     0.2256      260.1     -15.22    
     6  175  3.020     0.3196     0.2726     0.2256      261.6     -16.12    
     1  176  3.034     0.3102     0.2726     0.2350      53.89      401.0    
     2  176  3.034     0.3102     0.2726     0.2350      55.58      374.7    
     3  176  3.034     0.3102     0.2726     0.2350      203.7      54.55    
     4  176  3.034     0.3102     0.2726     0.2350      216.0     -44.15    
     5  176  3.034     0.3102     0.2726     0.2350      260.6     -14.93    
     6  176  3.034     0.3102     0.2726     0.2350      261.6     -15.53    
     1  177  3.049     0.3008     0.2726     0.2444      51.70      430.9    
     2  177  3.049     0.3008     0.2726     0.2444      52.69      413.3    
     3  177  3.049     0.3008     0.2726     0.2444      204.6      54.55    
     4  177  3.049     0.3008     0.2726     0.2444      216.2     -44.97    
     5  177  3.049     0.3008     0.2726     0.2444      261.0     -14.71    
     6  177  3.049     0.3008     0.2726     0.2444      261.6     -15.05    
     1  178  3.063     0.2914     0.2726     0.2538      50.04      456.4    
     2  178  3.063     0.2914     0.2726     0.2538      50.50      447.4    
     3  178  3.063     0.2914     0.2726     0.2538      205.3      54.53    
     4  178  3.063     0.2914     0.2726     0.2538      216.4     -45.57    
     5  178  3.063     0.2914     0.2726     0.2538      261.3     -14.55    
     6  178  3.063     0.2914     0.2726     0.2538      261.6     -14.70    
     1  179  3.077     0.2820     0.2726     0.2632      49.01      473.7    
     2  179  3.077     0.2820     0.2726     0.2632      49.12      471.2    
     3  179  3.077     0.2820     0.2726     0.2632      205.7      54.51    
     4  179  3.077     0.2820     0.2726     0.2632      216.5     -45.93    
     5  179  3.077     0.2820     0.2726     0.2632      261.5     -14.45    
     6  179  3.077     0.2820     0.2726     0.2632      261.5     -14.49    
     1  180  3.091     0.2726     0.2726     0.2726      48.65      479.8    
     2  180  3.091     0.2726     0.2726     0.2726      48.65      479.8    
     3  180  3.091     0.2726     0.2726     0.2726      205.8      54.51    
     4  180  3.091     0.2726     0.2726     0.2726      216.5     -46.05    
     5  180  3.091     0.2726     0.2726     0.2726      261.5     -14.42    
     6  180  3.091     0.2726     0.2726     0.2726      261.5     -14.42    
