     1     1 -.27257     -.27257     -.27257      48.654     -.24538E-08 -.49075E-08 0.78074E-08 0.95426E-08
     1     2 -.23363     -.23363     -.31151      55.486      1389.7      1389.7     -3077.3      3651.4    
     1     3 -.19469     -.19469     -.35045      69.036      1484.9      1484.9     -3477.8      4062.7    
     1     4 -.15576     -.15576     -.38939      79.754      724.14      724.14     -2100.0      2336.4    
     1     5 -.11682     -.11682     -.42833      82.907     -310.61     -310.61     -111.22      453.13    
     1     6 -.77878E-01 -.77878E-01 -.46727      78.360     -1061.0     -1061.0      1411.4      2060.0    
     1     7 -.38939E-01 -.38939E-01 -.50621      70.442     -993.57     -993.57      1503.3      2057.8    
     1     8  0.0000      0.0000     -.54514      66.416     -.62459E-08  0.0000     -.17846E-08 0.64959E-08
     1     9 -.19469     -.27257     -.27257      57.248      3603.3     -1186.3     -1186.2      3974.7    
     1    10 -.15576     -.23363     -.31151      67.024      3723.0     -651.89     -2778.3      4690.9    
     1    11 -.11682     -.19469     -.35045      78.631      2887.9     -487.97     -2416.7      3797.2    
     1    12 -.77878E-01 -.15576     -.38939      85.366      1884.3     -1128.5     -741.28      2318.1    
     1    13 -.38939E-01 -.11682     -.42833      84.727      1175.0     -2005.5      1129.4      2584.2    
     1    14  0.0000     -.77878E-01 -.46727      78.298     0.44614E-09 -2373.1      2041.9      3130.6    
     1    15 0.38939E-01 -.38939E-01 -.50621      70.442      993.57     -993.99      1503.8      2058.3    
     1    16 0.77878E-01  0.0000     -.54514      73.748      3222.5     0.12555     -.29779      3222.5    
     1    17 0.11682     0.38939E-01 -.58408      79.906      3211.4     -508.14     -813.06      3351.4    
     1    18 0.15576     0.77878E-01 -.62302      86.047      2388.0     -646.62     -208.00      2482.8    
     1    19 0.19469     0.11682     -.66196      86.587      1291.7     -1510.4      1377.1      2418.0    
     1    20 0.23363     0.15576     -.70090      79.468      398.86     -2581.7      2936.5      3930.3    
     1    21 0.27257     0.19469     -.73984      66.791     0.70519E-02 -3320.7      3320.6      4696.1    
     1    22 -.11682     -.27257     -.27257      73.217      3607.6     -1535.5     -1535.4      4210.7    
     1    23 -.77878E-01 -.23363     -.31151      81.839      2920.8     -780.50     -2377.1      3845.9    
     1    24 -.38939E-01 -.19469     -.35045      90.250      2322.6     -880.13     -1800.1      3067.5    
     1    25  0.0000     -.15576     -.38939      93.515     -.13384E-08 -2240.0      145.10      2244.7    
     1    26 0.38939E-01 -.11682     -.42833      84.727     -1175.0     -2005.5      1129.5      2584.3    
     1    27 0.77878E-01 -.77878E-01 -.46727      78.360      1061.0     -1060.6      1411.7      2060.0    
     1    28 0.11682     -.38939E-01 -.50621      79.906      3211.4      507.99      813.32      3351.5    
     1    29 0.15576      0.0000     -.54514      89.295      3823.3     -.17626     -.17602      3823.3    
     1    30 0.19469     0.38939E-01 -.58408      93.631      3012.3     -1340.6     -184.60      3302.3    
     1    31 0.23363     0.77878E-01 -.62302      95.340      1648.9     -1494.1      698.70      2332.2    
     1    32 0.27257     0.11682     -.66196      90.504     -.52285E-02 -2073.5      2073.5      2932.4    
     1    33 -.38939E-01 -.27257     -.27257      84.104      1430.3     -1542.9     -1542.8      2608.9    
     1    34  0.0000     -.23363     -.31151      88.186     -.44614E-09 -285.70     -2550.4      2566.4    
     1    35 0.38939E-01 -.19469     -.35045      90.250     -2322.6     -880.03     -1799.9      3067.4    
     1    36 0.77878E-01 -.15576     -.38939      85.366     -1884.3     -1128.4     -741.57      2318.2    
     1    37 0.11682     -.11682     -.42833      82.907      310.61     -310.35     -111.09      452.92    
     1    38 0.15576     -.77878E-01 -.46727      86.047      2388.0      646.78      207.80      2482.8    
     1    39 0.19469     -.38939E-01 -.50621      93.631      3012.3      1340.7      184.72      3302.3    
     1    40 0.23363      0.0000     -.54514      101.67      1755.5     0.93782E-01 -.39888E-01  1755.5    
     1    41 0.27257     0.38939E-01 -.58408      100.91     -.16901E-02 -686.32      686.27      970.57    
     1    42 0.38939E-01 -.27257     -.27257      84.104     -1430.3     -1542.9     -1542.8      2609.0    
     1    43 0.77878E-01 -.23363     -.31151      81.839     -2920.8     -780.34     -2377.2      3845.9    
     1    44 0.11682     -.19469     -.35045      78.631     -2887.9     -487.97     -2416.7      3797.2    
     1    45 0.15576     -.15576     -.38939      79.754     -724.14      723.65     -2100.1      2336.3    
     1    46 0.19469     -.11682     -.42833      86.587      1291.7      1510.8     -1377.3      2418.2    
     1    47 0.23363     -.77878E-01 -.46727      95.340      1648.9      1494.0     -698.60      2332.1    
     1    48 0.27257     -.38939E-01 -.50621      100.91     -.16901E-02  686.34     -686.36      970.65    
     1    49 0.11682     -.27257     -.27257      73.217     -3607.6     -1535.5     -1535.5      4210.7    
     1    50 0.15576     -.23363     -.31151      67.024     -3723.0     -651.76     -2778.1      4690.7    
     1    51 0.19469     -.19469     -.35045      69.036     -1484.9      1485.0     -3478.2      4063.0    
     1    52 0.23363     -.15576     -.38939      79.468      398.86      2581.5     -2936.5      3930.2    
     1    53 0.27257     -.11682     -.42833      90.504     -.52285E-02  2073.4     -2073.4      2932.3    
     1    54 0.19469     -.27257     -.27257      57.248     -3603.3     -1186.2     -1186.4      3974.8    
     1    55 0.23363     -.23363     -.31151      55.486     -1389.7      1389.9     -3076.6      3650.8    
     1    56 0.27257     -.19469     -.35045      66.791     0.70519E-02  3320.6     -3320.7      4696.1    
     1    57 0.27257     -.27257     -.27257      48.654     -.22307E-08 0.11153E-08 -.37922E-08 0.45388E-08
     1    58 -.11682     -.19469     -.27257      67.802      3474.9     -626.37     -2597.2      4383.2    
     1    59 -.77878E-01 -.15576     -.31151      78.979      2729.1     -257.96     -2346.6      3608.5    
     1    60 -.38939E-01 -.11682     -.35045      86.146      1923.4     -731.22     -707.80      2176.1    
     1    61  0.0000     -.77878E-01 -.38939      86.223     0.85859E-01 -1219.8      1274.8      1764.3    
     1    62 0.38939E-01 -.38939E-01 -.42833      79.574      317.46     -317.78      2315.5      2358.6    
     1    63 0.77878E-01  0.0000     -.46727      78.298      2373.1     -.46521E-01  2041.4      3130.3    
     1    64 -.38939E-01 -.19469     -.27257      79.253      1549.3     -750.58     -3319.2      3739.1    
     1    65  0.0000     -.15576     -.31151      87.397     -.34650E-01 -188.28     -3069.6      3075.4    
     1    66 0.38939E-01 -.11682     -.35045      86.146     -1923.3     -730.78     -707.85      2175.8    
     1    67 0.77878E-01 -.77878E-01 -.38939      83.201     -167.55      167.68      537.48      587.43    
     1    68 0.11682     -.38939E-01 -.42833      84.727      2005.5      1175.2      1129.4      2584.3    
     1    69 0.15576      0.0000     -.46727      90.742      3361.0     -.17925      840.31      3464.5    
     1    70 0.19469     0.38939E-01 -.50621      93.631      3012.3     -1340.6      184.53      3302.3    
     1    71 0.23363     0.77878E-01 -.54514      96.694      2149.7     -975.28     -.43167E-02  2360.6    
     1    72 0.27257     0.11682     -.58408      97.027      867.82     -1185.5      922.45      1734.8    
     1    73 0.38939E-01 -.19469     -.27257      79.253     -1549.5     -750.63     -3319.4      3739.3    
     1    74 0.77878E-01 -.15576     -.31151      78.979     -2729.4     -258.08     -2346.5      3608.6    
     1    75 0.11682     -.11682     -.35045      79.683     -1016.1      1016.3     -1564.2      2124.2    
     1    76 0.15576     -.77878E-01 -.38939      85.366      1128.5      1884.4     -741.59      2318.3    
     1    77 0.19469     -.38939E-01 -.42833      94.079      2110.3      2016.6     -192.67      2925.3    
     1    78 0.23363      0.0000     -.46727      100.53      507.25     -.71575E-01 -400.20      646.12    
     1    79 0.27257     0.38939E-01 -.50621      100.91     0.62138E-01 -686.40     -686.42      970.73    
     1    80 0.11682     -.19469     -.27257      67.802     -3474.6     -626.61     -2597.3      4383.1    
     1    81 0.15576     -.15576     -.31151      69.107     -1683.2      1683.1     -2901.0      3752.5    
     1    82 0.19469     -.11682     -.35045      78.631      487.79      2887.9     -2416.8      3797.2    
     1    83 0.23363     -.77878E-01 -.38939      90.478      820.27      2483.9     -1679.0      3108.3    
     1    84 0.27257     -.38939E-01 -.42833      97.027     -867.87      922.48     -1185.6      1734.9    
     1    85 0.19469     -.19469     -.27257      56.124     -1571.2      1571.5     -2362.6      3243.5    
     1    86 0.23363     -.15576     -.31151      67.024      651.84      3722.9     -2778.3      4690.8    
     1    87 0.27257     -.11682     -.35045      81.176      257.66      3244.4     -2263.1      3964.1    
     1    88 0.27257     -.19469     -.27257      57.248      1186.1      3603.4     -1186.0      3974.7    
     1    89 0.38939E-01 -.11682     -.27257      77.862     -1691.6      65.220     -3334.4      3739.5    
     1    90 0.77878E-01 -.77878E-01 -.31151      80.718     -1024.6      1024.5     -1817.2      2324.1    
     1    91 0.11682     -.38939E-01 -.35045      86.146      731.16      1923.2     -707.99      2175.9    
     1    92 0.15576      0.0000     -.38939      93.515      2240.3     -.15572E-01  144.91      2245.0    
     1    93 0.11682     -.11682     -.27257      70.058     -1569.5      1569.4     -2961.1      3700.6    
     1    94 0.15576     -.77878E-01 -.31151      78.979      257.81      2729.4     -2346.5      3608.6    
     1    95 0.19469     -.38939E-01 -.35045      90.250      880.27      2322.7     -1800.1      3067.6    
     1    96 0.23363      0.0000     -.38939      96.849     -325.52     0.29851E-01 -1501.9      1536.8    
     1    97 0.27257     0.38939E-01 -.42833      97.027     -867.87     -922.44     -1185.6      1734.8    
     1    98 0.19469     -.11682     -.27257      67.802      626.56      3475.0     -2597.2      4383.3    
     1    99 0.23363     -.77878E-01 -.31151      81.839      780.44      2920.7     -2377.1      3845.8    
     1   100 0.27257     -.38939E-01 -.35045      91.036     -282.54      1305.3     -1668.6      2137.3    
     1   101 0.27257     -.11682     -.27257      73.217      1535.5      3607.6     -1535.4      4210.7    
     1   102 0.19469     -.38939E-01 -.27257      79.253      750.76      1549.5     -3319.2      3739.2    
     1   103 0.23363      0.0000     -.31151      88.186      285.83     0.41251E-02 -2550.4      2566.4    
     1   104 0.27257     -.38939E-01 -.27257      84.104      1542.9      1430.3     -1542.9      2609.0    
     2     1 -.27257     -.27257     -.27257      48.654     0.22307E-09 -.66921E-09 -.17846E-08 0.19189E-08
     2     2 -.23363     -.23363     -.31151      58.879      2455.8      2455.8     -3914.7      5233.2    
     2     3 -.19469     -.19469     -.35045      80.161      2908.0      2908.0     -4904.9      6400.9    
     2     4 -.15576     -.15576     -.38939      98.976      1430.5      1430.5     -3448.1      3997.7    
     2     5 -.11682     -.11682     -.42833      102.06     -1719.2     -1719.2     -25.398      2431.5    
     2     6 -.77878E-01 -.77878E-01 -.46727      88.943     -3104.5     -3104.5      1786.2      4739.9    
     2     7 -.38939E-01 -.38939E-01 -.50621      73.353     -2316.9     -2316.9      1571.9      3634.2    
     2     8  0.0000      0.0000     -.54514      66.416     -.44614E-08 -.89228E-09 0.13384E-08 0.47425E-08
     2     9 -.19469     -.27257     -.27257      57.913      4028.6     -1948.6     -1948.6      4881.0    
     2    10 -.15576     -.23363     -.31151      73.528      4112.4      865.57     -4305.5      6016.5    
     2    11 -.11682     -.19469     -.35045      92.081      2427.2      1200.8     -4023.4      4849.9    
     2    12 -.77878E-01 -.15576     -.38939      100.68     -728.19     -713.01     -1339.1      1682.8    
     2    13 -.38939E-01 -.11682     -.42833      92.953     -2283.2     -2665.0      1301.5      3742.9    
     2    14  0.0000     -.77878E-01 -.46727      79.652     -.44614E-09 -2853.4      2235.6      3624.8    
     2    15 0.38939E-01 -.38939E-01 -.50621      73.353      2316.9     -2317.3      1572.4      3634.6    
     2    16 0.77878E-01  0.0000     -.54514      73.748      3222.5     0.12547     -.29810      3222.5    
     2    17 0.11682     0.38939E-01 -.58408      86.987      3821.6      2669.3     -1059.7      4780.5    
     2    18 0.15576     0.77878E-01 -.62302      101.46      2517.1      2345.5     -569.00      3487.2    
     2    19 0.19469     0.11682     -.66196      104.95     -312.64     -389.18      2028.0      2088.5    
     2    20 0.23363     0.15576     -.70090      91.802     -1497.5     -3178.4      4221.2      5492.1    
     2    21 0.27257     0.19469     -.73984      72.554     0.32311E-01 -4385.2      4385.2      6201.6    
     2    22 -.11682     -.27257     -.27257      77.598      5018.1     -2545.3     -2545.3      6175.6    
     2    23 -.77878E-01 -.23363     -.31151      89.765      3439.4     -1046.9     -3284.4      4869.6    
     2    24 -.38939E-01 -.19469     -.35045      97.430      26.052     -999.07     -2049.5      2280.2    
     2    25  0.0000     -.15576     -.38939      94.722     -.89228E-09 -1337.9     -451.95      1412.2    
     2    26 0.38939E-01 -.11682     -.42833      92.953      2283.2     -2665.1      1301.5      3743.0    
     2    27 0.77878E-01 -.77878E-01 -.46727      88.943      3104.5     -3104.2      1786.6      4739.9    
     2    28 0.11682     -.38939E-01 -.50621      86.987      3821.6     -2669.4      1060.0      4780.6    
     2    29 0.15576      0.0000     -.54514      89.295      3823.3     -.17599     -.17621      3823.3    
     2    30 0.19469     0.38939E-01 -.58408      101.09      2573.7      2135.7     -330.43      3360.7    
     2    31 0.23363     0.77878E-01 -.62302      107.34      361.17      669.51      560.92      945.16    
     2    32 0.27257     0.11682     -.66196      102.85     -.11476E-01 -2165.9      2166.0      3063.1    
     2    33 -.38939E-01 -.27257     -.27257      95.184      2802.0     -2428.1     -2428.1      4432.0    
     2    34  0.0000     -.23363     -.31151      98.070     -.40152E-08 -2276.7     -2062.4      3071.9    
     2    35 0.38939E-01 -.19469     -.35045      97.430     -26.052     -999.06     -2049.4      2280.1    
     2    36 0.77878E-01 -.15576     -.38939      100.68      728.19     -713.00     -1339.3      1682.9    
     2    37 0.11682     -.11682     -.42833      102.06      1719.2     -1719.2     -25.303      2431.5    
     2    38 0.15576     -.77878E-01 -.46727      101.46      2517.1     -2345.3      568.99      3487.2    
     2    39 0.19469     -.38939E-01 -.50621      101.09      2573.7     -2135.6      330.47      3360.6    
     2    40 0.23363      0.0000     -.54514      101.67      1755.6     0.93793E-01 -.39859E-01  1755.6    
     2    41 0.27257     0.38939E-01 -.58408      106.28     -.34830E-03  635.45     -635.52      898.71    
     2    42 0.38939E-01 -.27257     -.27257      95.184     -2802.0     -2428.2     -2428.3      4432.2    
     2    43 0.77878E-01 -.23363     -.31151      89.765     -3439.4     -1046.6     -3284.5      4869.6    
     2    44 0.11682     -.19469     -.35045      92.081     -2427.2      1200.8     -4023.4      4849.8    
     2    45 0.15576     -.15576     -.38939      98.976     -1430.5      1430.4     -3448.1      3997.7    
     2    46 0.19469     -.11682     -.42833      104.95     -312.64      389.18     -2028.0      2088.5    
     2    47 0.23363     -.77878E-01 -.46727      107.34      361.17     -669.49     -560.89      945.12    
     2    48 0.27257     -.38939E-01 -.50621      106.28     -.34829E-03 -635.43      635.42      898.63    
     2    49 0.11682     -.27257     -.27257      77.598     -5018.1     -2545.4     -2545.4      6175.7    
     2    50 0.15576     -.23363     -.31151      73.528     -4112.4      865.57     -4305.5      6016.5    
     2    51 0.19469     -.19469     -.35045      80.161     -2908.0      2908.0     -4904.8      6400.8    
     2    52 0.23363     -.15576     -.38939      91.802     -1497.5      3178.4     -4221.3      5492.2    
     2    53 0.27257     -.11682     -.42833      102.85     -.11476E-01  2165.8     -2165.8      3063.0    
     2    54 0.19469     -.27257     -.27257      57.913     -4028.6     -1948.4     -1948.4      4880.8    
     2    55 0.23363     -.23363     -.31151      58.879     -2455.8      2455.9     -3914.6      5233.2    
     2    56 0.27257     -.19469     -.35045      72.554     0.32311E-01  4385.1     -4385.3      6201.6    
     2    57 0.27257     -.27257     -.27257      48.654     0.44614E-09 -.24538E-08 0.10261E-07 0.10560E-07
     2    58 -.11682     -.19469     -.27257      74.074      3373.5      579.13     -4329.1      5518.8    
     2    59 -.77878E-01 -.15576     -.31151      89.455      1228.1      432.91     -3898.0      4109.7    
     2    60 -.38939E-01 -.11682     -.35045      93.819     -1441.4     -1076.5     -1188.5      2156.2    
     2    61  0.0000     -.77878E-01 -.38939      87.671     0.10210     -1695.6      1126.0      2035.4    
     2    62 0.38939E-01 -.38939E-01 -.42833      82.889      1834.8     -1834.9      2410.3      3541.6    
     2    63 0.77878E-01  0.0000     -.46727      79.652      2853.2     -.80451E-02  2235.2      3624.4    
     2    64 -.38939E-01 -.19469     -.27257      86.534      2156.4     -1536.1     -2963.9      3974.2    
     2    65  0.0000     -.15576     -.31151      90.110     0.10977E-01 -1465.8     -1830.8      2345.3    
     2    66 0.38939E-01 -.11682     -.35045      93.819      1441.5     -1076.3     -1188.7      2156.2    
     2    67 0.77878E-01 -.77878E-01 -.38939      94.774      1942.5     -1942.5      489.88      2790.4    
     2    68 0.11682     -.38939E-01 -.42833      92.953      2665.0     -2283.1      1301.5      3742.8    
     2    69 0.15576      0.0000     -.46727      92.745      2967.4     -.10188      1046.3      3146.5    
     2    70 0.19469     0.38939E-01 -.50621      101.09      2573.7      2135.7      330.37      3360.7    
     2    71 0.23363     0.77878E-01 -.54514      108.11      484.43      1463.6     -.12521E-01  1541.7    
     2    72 0.27257     0.11682     -.58408      108.09     -1343.7     -65.766      473.54      1426.2    
     2    73 0.38939E-01 -.19469     -.27257      86.534     -2156.2     -1536.3     -2964.0      3974.3    
     2    74 0.77878E-01 -.15576     -.31151      89.455     -1228.1      432.91     -3897.9      4109.7    
     2    75 0.11682     -.11682     -.35045      96.181     -389.70      389.69     -2960.7      3011.5    
     2    76 0.15576     -.77878E-01 -.38939      100.68      712.93     -728.20     -1339.2      1682.9    
     2    77 0.19469     -.38939E-01 -.42833      102.03      1581.5     -1589.0     -206.24      2251.3    
     2    78 0.23363      0.0000     -.46727      103.49      2455.3     -.10397      451.89      2496.5    
     2    79 0.27257     0.38939E-01 -.50621      106.28     0.78270E-01  635.39      635.37      898.57    
     2    80 0.11682     -.19469     -.27257      74.074     -3373.5      579.21     -4329.1      5518.8    
     2    81 0.15576     -.15576     -.31151      81.212     -2363.3      2363.3     -4840.4      5882.1    
     2    82 0.19469     -.11682     -.35045      92.081     -1200.9      2427.2     -4023.5      4849.9    
     2    83 0.23363     -.77878E-01 -.38939      101.73      343.65      1389.6     -2238.0      2656.7    
     2    84 0.27257     -.38939E-01 -.42833      108.09      1343.7      473.60     -65.805      1426.2    
     2    85 0.19469     -.19469     -.27257      61.239     -2429.1      2428.9     -3841.8      5153.6    
     2    86 0.23363     -.15576     -.31151      73.528     -865.63      4112.7     -4305.6      6016.8    
     2    87 0.27257     -.11682     -.35045      90.881      1164.7      4167.8     -3390.3      5497.4    
     2    88 0.27257     -.19469     -.27257      57.913      1948.6      4028.8     -1948.4      4881.0    
     2    89 0.38939E-01 -.11682     -.27257      83.004     -256.93     -320.76     -3731.2      3753.8    
     2    90 0.77878E-01 -.77878E-01 -.31151      90.055      383.87     -384.01     -2865.1      2916.1    
     2    91 0.11682     -.38939E-01 -.35045      93.819      1076.3     -1441.3     -1188.6      2156.1    
     2    92 0.15576      0.0000     -.38939      94.722      1338.0     0.60236E-01 -452.07      1412.3    
     2    93 0.11682     -.11682     -.27257      78.988     -1433.6      1433.6     -4998.2      5393.7    
     2    94 0.15576     -.77878E-01 -.31151      89.455     -432.82      1228.1     -3897.8      4109.6    
     2    95 0.19469     -.38939E-01 -.35045      97.430      999.16      26.125     -2049.4      2280.2    
     2    96 0.23363      0.0000     -.38939      103.68      2470.5     -.76674E-01 -572.31      2535.9    
     2    97 0.27257     0.38939E-01 -.42833      108.09      1343.8     -473.51     -65.896      1426.3    
     2    98 0.19469     -.11682     -.27257      74.074     -579.23      3373.5     -4329.1      5518.8    
     2    99 0.23363     -.77878E-01 -.31151      89.765      1046.8      3439.4     -3284.3      4869.5    
     2   100 0.27257     -.38939E-01 -.35045      104.35      2054.0      1956.6     -1734.2      3324.9    
     2   101 0.27257     -.11682     -.27257      77.598      2545.5      5018.1     -2545.3      6175.8    
     2   102 0.19469     -.38939E-01 -.27257      86.534      1536.2      2156.2     -2963.8      3974.1    
     2   103 0.23363      0.0000     -.31151      98.070      2276.6     -.18397     -2062.3      3071.8    
     2   104 0.27257     -.38939E-01 -.27257      95.184      2428.1      2802.1     -2428.2      4432.1    
     3     1 -.27257     -.27257     -.27257      205.82     0.89228E-09  0.0000      0.0000     0.89228E-09
     3     2 -.23363     -.23363     -.31151      199.92     -3011.0     -3011.0     -1058.3      4387.7    
     3     3 -.19469     -.19469     -.35045      187.55     -3612.6     -3612.6     -692.96      5155.8    
     3     4 -.15576     -.15576     -.38939      175.85     -2575.7     -2575.7     -1421.7      3910.2    
     3     5 -.11682     -.11682     -.42833      176.25      155.41      155.41     -3957.1      3963.2    
     3     6 -.77878E-01 -.77878E-01 -.46727      190.01      1387.3      1387.3     -5212.4      5569.4    
     3     7 -.38939E-01 -.38939E-01 -.50621      206.34      1076.9      1076.9     -5232.4      5449.5    
     3     8  0.0000      0.0000     -.54514      219.29      0.0000      0.0000     -.89228E-09 0.89228E-09
     3     9 -.19469     -.27257     -.27257      194.33     -4118.6     -2644.3     -2644.3      5563.1    
     3    10 -.15576     -.23363     -.31151      183.76     -4389.6     -3369.9     -1933.0      5861.9    
     3    11 -.11682     -.19469     -.35045      172.13     -3520.1     -3071.4     -1885.9      5038.0    
     3    12 -.77878E-01 -.15576     -.38939      168.25     -1012.3     -924.26     -3641.0      3890.5    
     3    13 -.38939E-01 -.11682     -.42833      178.15      433.71      1169.6     -5291.4      5436.4    
     3    14  0.0000     -.77878E-01 -.46727      193.27     -.89228E-09  1619.4     -5558.2      5789.3    
     3    15 0.38939E-01 -.38939E-01 -.50621      206.34     -1076.9      1076.9     -5232.4      5449.5    
     3    16 0.77878E-01  0.0000     -.54514      214.32     -2148.3     -.12474E-02 0.63804E-02  2148.3    
     3    17 0.11682     0.38939E-01 -.58408      199.01     -2179.1     -852.29      4721.5      5269.5    
     3    18 0.15576     0.77878E-01 -.62302      184.23     -1081.8     -678.03      4041.2      4238.1    
     3    19 0.19469     0.11682     -.66196      178.77      1318.1      1391.4      1629.0      2515.3    
     3    20 0.23363     0.15576     -.70090      186.79      2110.3      2970.8     -474.94      3674.8    
     3    21 0.27257     0.19469     -.73984      197.33     -.78596E-02  1855.1     -1855.1      2623.5    
     3    22 -.11682     -.27257     -.27257      175.73     -4618.4     -2868.7     -2868.8      6147.3    
     3    23 -.77878E-01 -.23363     -.31151      166.08     -3790.9     -3086.6     -2677.7      5573.9    
     3    24 -.38939E-01 -.19469     -.35045      161.11     -1507.8     -1992.1     -3507.6      4306.4    
     3    25  0.0000     -.15576     -.38939      166.51     0.89228E-09 -40.214     -4772.2      4772.4    
     3    26 0.38939E-01 -.11682     -.42833      178.15     -433.71      1169.6     -5291.4      5436.5    
     3    27 0.77878E-01 -.77878E-01 -.46727      190.01     -1387.3      1387.3     -5212.4      5569.4    
     3    28 0.11682     -.38939E-01 -.50621      199.01     -2179.1      852.29     -4721.6      5269.5    
     3    29 0.15576      0.0000     -.54514      203.94     -2589.5     0.21090E-01 0.20879E-01  2589.5    
     3    30 0.19469     0.38939E-01 -.58408      190.81     -1504.0     -597.03      3570.3      3919.9    
     3    31 0.23363     0.77878E-01 -.62302      182.60      159.29     -88.024      1907.7      1916.4    
     3    32 0.27257     0.11682     -.66196      183.08     0.40598E-02  862.42     -862.43      1219.7    
     3    33 -.38939E-01 -.27257     -.27257      159.39     -2639.5     -3111.3     -3111.3      5131.0    
     3    34  0.0000     -.23363     -.31151      157.01     -.89228E-09 -2803.4     -3366.2      4380.7    
     3    35 0.38939E-01 -.19469     -.35045      161.11      1507.8     -1992.0     -3507.6      4306.4    
     3    36 0.77878E-01 -.15576     -.38939      168.25      1012.3     -924.28     -3641.0      3890.5    
     3    37 0.11682     -.11682     -.42833      176.25     -155.41      155.42     -3957.1      3963.2    
     3    38 0.15576     -.77878E-01 -.46727      184.23     -1081.8      678.03     -4041.2      4238.1    
     3    39 0.19469     -.38939E-01 -.50621      190.81     -1504.0      597.03     -3570.3      3919.9    
     3    40 0.23363      0.0000     -.54514      195.36     -1252.6     -.12041E-02 0.12928E-02  1252.6    
     3    41 0.27257     0.38939E-01 -.58408      187.80     0.31140E-03 -1486.2      1486.2      2101.8    
     3    42 0.38939E-01 -.27257     -.27257      159.39      2639.5     -3111.3     -3111.3      5131.0    
     3    43 0.77878E-01 -.23363     -.31151      166.08      3790.9     -3086.6     -2677.7      5573.9    
     3    44 0.11682     -.19469     -.35045      172.13      3520.1     -3071.4     -1885.9      5038.0    
     3    45 0.15576     -.15576     -.38939      175.85      2575.7     -2575.8     -1421.7      3910.3    
     3    46 0.19469     -.11682     -.42833      178.77      1318.1     -1391.4     -1629.0      2515.3    
     3    47 0.23363     -.77878E-01 -.46727      182.60      159.29      87.978     -1907.7      1916.3    
     3    48 0.27257     -.38939E-01 -.50621      187.80     0.31140E-03  1486.2     -1486.2      2101.9    
     3    49 0.11682     -.27257     -.27257      175.73      4618.4     -2868.7     -2868.7      6147.2    
     3    50 0.15576     -.23363     -.31151      183.76      4389.6     -3369.8     -1933.1      5861.8    
     3    51 0.19469     -.19469     -.35045      187.55      3612.6     -3612.6     -692.99      5155.8    
     3    52 0.23363     -.15576     -.38939      186.79      2110.3     -2970.8      474.93      3674.9    
     3    53 0.27257     -.11682     -.42833      183.08     0.40598E-02 -862.47      862.46      1219.7    
     3    54 0.19469     -.27257     -.27257      194.33      4118.6     -2644.3     -2644.3      5563.0    
     3    55 0.23363     -.23363     -.31151      199.92      3011.0     -3011.0     -1058.4      4387.8    
     3    56 0.27257     -.19469     -.35045      197.33     -.78596E-02 -1855.1      1855.1      2623.5    
     3    57 0.27257     -.27257     -.27257      205.82      0.0000     -.89228E-09  0.0000     0.89228E-09
     3    58 -.11682     -.19469     -.27257      161.58     -4467.5     -3819.5     -3257.4      6719.9    
     3    59 -.77878E-01 -.15576     -.31151      153.42     -2933.9     -2832.4     -3705.2      5509.9    
     3    60 -.38939E-01 -.11682     -.35045      155.85     -504.48     -525.84     -5433.6      5482.3    
     3    61  0.0000     -.77878E-01 -.38939      168.63     0.67807E-03  771.55     -6320.7      6367.6    
     3    62 0.38939E-01 -.38939E-01 -.42833      182.71     -732.98      732.98     -6174.5      6260.9    
     3    63 0.77878E-01  0.0000     -.46727      193.27     -1619.4     0.12013E-02 -5558.2      5789.3    
     3    64 -.38939E-01 -.19469     -.27257      145.89     -2515.0     -3301.8     -3930.0      5716.0    
     3    65  0.0000     -.15576     -.31151      146.82     0.37768E-02 -1971.2     -4774.9      5165.8    
     3    66 0.38939E-01 -.11682     -.35045      155.85      504.46     -525.81     -5433.6      5482.3    
     3    67 0.77878E-01 -.77878E-01 -.38939      167.52     -334.90      334.89     -5591.7      5611.8    
     3    68 0.11682     -.38939E-01 -.42833      178.15     -1169.6      433.71     -5291.4      5436.5    
     3    69 0.15576      0.0000     -.46727      186.03     -1548.5     0.59010E-02 -4602.8      4856.3    
     3    70 0.19469     0.38939E-01 -.50621      190.81     -1504.1     -597.02     -3570.3      3919.9    
     3    71 0.23363     0.77878E-01 -.54514      188.55     -2165.8     -1928.3     -.19772E-01  2899.8    
     3    72 0.27257     0.11682     -.58408      180.15     -1674.1     -2026.1     -364.55      2653.4    
     3    73 0.38939E-01 -.19469     -.27257      145.89      2515.0     -3301.8     -3930.1      5716.0    
     3    74 0.77878E-01 -.15576     -.31151      153.42      2933.9     -2832.4     -3705.1      5509.9    
     3    75 0.11682     -.11682     -.35045      161.00      2068.1     -2068.1     -3523.5      4579.1    
     3    76 0.15576     -.77878E-01 -.38939      168.25      924.27     -1012.2     -3641.0      3890.5    
     3    77 0.19469     -.38939E-01 -.42833      175.70      230.68     -224.48     -3615.8      3630.1    
     3    78 0.23363      0.0000     -.46727      183.02      306.85     -.24907E-01 -3071.4      3086.7    
     3    79 0.27257     0.38939E-01 -.50621      187.80     -.14354E-01 -1486.3     -1486.3      2101.9    
     3    80 0.11682     -.19469     -.27257      161.58      4467.5     -3819.6     -3257.4      6720.0    
     3    81 0.15576     -.15576     -.31151      168.24      3920.2     -3920.1     -2487.7      6076.5    
     3    82 0.19469     -.11682     -.35045      172.13      3071.3     -3520.1     -1885.8      5037.9    
     3    83 0.23363     -.77878E-01 -.38939      175.11      2135.3     -2245.1     -1815.9      3591.3    
     3    84 0.27257     -.38939E-01 -.42833      180.15      1674.1     -364.63     -2026.1      2653.4    
     3    85 0.19469     -.19469     -.27257      179.82      4142.1     -4142.1     -2913.3      6542.3    
     3    86 0.23363     -.15576     -.31151      183.76      3369.8     -4389.7     -1933.1      5861.9    
     3    87 0.27257     -.11682     -.35045      183.83      2176.6     -3762.9     -868.59      4433.0    
     3    88 0.27257     -.19469     -.27257      194.33      2644.3     -4118.7     -2644.3      5563.1    
     3    89 0.38939E-01 -.11682     -.27257      133.35      1794.7     -2592.2     -5488.1      6329.3    
     3    90 0.77878E-01 -.77878E-01 -.31151      144.29      1453.2     -1453.2     -5618.4      5982.5    
     3    91 0.11682     -.38939E-01 -.35045      155.85      525.85     -504.47     -5433.6      5482.3    
     3    92 0.15576      0.0000     -.38939      166.51      40.250     0.11522E-01 -4772.2      4772.4    
     3    93 0.11682     -.11682     -.27257      145.56      3715.8     -3715.7     -4097.4      6663.5    
     3    94 0.15576     -.77878E-01 -.31151      153.42      2832.4     -2933.9     -3705.2      5509.9    
     3    95 0.19469     -.38939E-01 -.35045      161.11      1992.1     -1507.8     -3507.6      4306.4    
     3    96 0.23363      0.0000     -.38939      170.27      1745.6     0.16118E-01 -3103.3      3560.6    
     3    97 0.27257     0.38939E-01 -.42833      180.15      1674.1      364.61     -2026.1      2653.4    
     3    98 0.19469     -.11682     -.27257      161.58      3819.6     -4467.5     -3257.4      6720.0    
     3    99 0.23363     -.77878E-01 -.31151      166.08      3086.6     -3791.0     -2677.7      5573.9    
     3   100 0.27257     -.38939E-01 -.35045      170.99      2570.2     -1939.1     -2476.0      4061.6    
     3   101 0.27257     -.11682     -.27257      175.73      2868.7     -4618.4     -2868.8      6147.3    
     3   102 0.19469     -.38939E-01 -.27257      145.89      3301.8     -2515.0     -3930.0      5716.0    
     3   103 0.23363      0.0000     -.31151      157.01      2803.4     0.14210E-01 -3366.3      4380.7    
     3   104 0.27257     -.38939E-01 -.27257      159.39      3111.3     -2639.6     -3111.3      5131.0    
     4     1 -.27257     -.27257     -.27257      216.55     0.89228E-09  0.0000      0.0000     0.89228E-09
     4     2 -.23363     -.23363     -.31151      218.32      1790.0      1790.0      2430.9      3509.6    
     4     3 -.19469     -.19469     -.35045      220.47      1932.7      1932.7      2893.1      3980.0    
     4     4 -.15576     -.15576     -.38939      222.57      2023.2      2023.2      2958.9      4116.1    
     4     5 -.11682     -.11682     -.42833      224.90      2079.9      2079.9      3054.2      4240.3    
     4     6 -.77878E-01 -.77878E-01 -.46727      226.70      1940.6      1940.6      3406.5      4374.5    
     4     7 -.38939E-01 -.38939E-01 -.50621      225.91      1312.5      1312.5      4173.2      4567.4    
     4     8  0.0000      0.0000     -.54514      219.29     0.89228E-09 0.89228E-09 0.17846E-08 0.21856E-08
     4     9 -.19469     -.27257     -.27257      222.51      1492.6      2753.6      2753.6      4170.4    
     4    10 -.15576     -.23363     -.31151      224.74      1024.8      2768.9      2988.5      4201.0    
     4    11 -.11682     -.19469     -.35045      226.35      804.36      2889.7      2865.7      4148.4    
     4    12 -.77878E-01 -.15576     -.38939      228.28      682.55      2991.7      2660.1      4061.1    
     4    13 -.38939E-01 -.11682     -.42833      230.27      519.83      2949.0      2661.4      4006.2    
     4    14  0.0000     -.77878E-01 -.46727      230.77     -.26768E-08  2603.4      3274.3      4183.2    
     4    15 0.38939E-01 -.38939E-01 -.50621      225.91     -1312.5      1312.6      4173.2      4567.4    
     4    16 0.77878E-01  0.0000     -.54514      214.32     -2148.3     -.11650E-02 0.64495E-02  2148.3    
     4    17 0.11682     0.38939E-01 -.58408      216.95     -2730.5     -784.71     -3792.4      4738.5    
     4    18 0.15576     0.77878E-01 -.62302      216.33     -2816.2     -1079.8     -3207.7      4403.0    
     4    19 0.19469     0.11682     -.66196      214.73     -2533.1     -1002.0     -2792.5      3901.2    
     4    20 0.23363     0.15576     -.70090      213.62     -1809.0     -653.89     -2205.8      2926.7    
     4    21 0.27257     0.19469     -.73984      214.23     0.57831E-02  544.65     -544.63      770.23    
     4    22 -.11682     -.27257     -.27257      226.19      334.10      3075.5      3075.6      4362.3    
     4    23 -.77878E-01 -.23363     -.31151      226.75      81.686      3226.1      2993.0      4401.4    
     4    24 -.38939E-01 -.19469     -.35045      227.73      42.930      3294.5      2684.8      4250.1    
     4    25  0.0000     -.15576     -.38939      229.33     0.89228E-09  3220.4      2413.5      4024.4    
     4    26 0.38939E-01 -.11682     -.42833      230.27     -519.83      2949.0      2661.4      4006.2    
     4    27 0.77878E-01 -.77878E-01 -.46727      226.70     -1940.6      1940.6      3406.5      4374.5    
     4    28 0.11682     -.38939E-01 -.50621      216.95     -2730.5      784.71      3792.3      4738.4    
     4    29 0.15576      0.0000     -.54514      203.94     -2589.5     0.20878E-01 0.21087E-01  2589.5    
     4    30 0.19469     0.38939E-01 -.58408      205.53     -2499.6     -295.88     -3077.5      3975.7    
     4    31 0.23363     0.77878E-01 -.62302      206.00     -1728.0     -34.527     -2158.5      2765.1    
     4    32 0.27257     0.11682     -.66196      208.08     -.22413E-02  902.59     -902.57      1276.4    
     4    33 -.38939E-01 -.27257     -.27257      226.42     -63.585      3234.1      3234.1      4574.2    
     4    34  0.0000     -.23363     -.31151      226.70     -.89228E-09  3352.6      3007.4      4503.9    
     4    35 0.38939E-01 -.19469     -.35045      227.73     -42.930      3294.4      2684.8      4250.1    
     4    36 0.77878E-01 -.15576     -.38939      228.28     -682.55      2991.8      2660.1      4061.1    
     4    37 0.11682     -.11682     -.42833      224.90     -2079.9      2079.9      3054.1      4240.3    
     4    38 0.15576     -.77878E-01 -.46727      216.33     -2816.2      1079.8      3207.8      4403.0    
     4    39 0.19469     -.38939E-01 -.50621      205.53     -2499.6      295.87      3077.5      3975.7    
     4    40 0.23363      0.0000     -.54514      195.36     -1252.6     -.11756E-02 0.12652E-02  1252.6    
     4    41 0.27257     0.38939E-01 -.58408      199.51     0.89384E-03  1205.6     -1205.7      1705.0    
     4    42 0.38939E-01 -.27257     -.27257      226.42      63.585      3234.1      3234.1      4574.2    
     4    43 0.77878E-01 -.23363     -.31151      226.75     -81.686      3226.1      2993.1      4401.4    
     4    44 0.11682     -.19469     -.35045      226.35     -804.36      2889.7      2865.7      4148.4    
     4    45 0.15576     -.15576     -.38939      222.57     -2023.2      2023.3      2959.0      4116.1    
     4    46 0.19469     -.11682     -.42833      214.73     -2533.1      1002.0      2792.6      3901.2    
     4    47 0.23363     -.77878E-01 -.46727      206.00     -1728.0      34.557      2158.4      2765.1    
     4    48 0.27257     -.38939E-01 -.50621      199.51     0.89384E-03 -1205.7      1205.7      1705.1    
     4    49 0.11682     -.27257     -.27257      226.19     -334.10      3075.5      3075.5      4362.3    
     4    50 0.15576     -.23363     -.31151      224.74     -1024.8      2768.9      2988.5      4200.9    
     4    51 0.19469     -.19469     -.35045      220.47     -1932.7      1932.7      2893.1      3980.0    
     4    52 0.23363     -.15576     -.38939      213.62     -1809.0      653.95      2205.8      2926.7    
     4    53 0.27257     -.11682     -.42833      208.08     -.22413E-02 -902.54      902.55      1276.4    
     4    54 0.19469     -.27257     -.27257      222.51     -1492.6      2753.6      2753.6      4170.4    
     4    55 0.23363     -.23363     -.31151      218.32     -1790.0      1790.1      2431.0      3509.7    
     4    56 0.27257     -.19469     -.35045      214.23     0.57831E-02 -544.66      544.61      770.23    
     4    57 0.27257     -.27257     -.27257      216.55      0.0000      0.0000      0.0000      0.0000    
     4    58 -.11682     -.19469     -.27257      238.25      715.72      2629.3      2808.7      3913.3    
     4    59 -.77878E-01 -.15576     -.31151      239.21      427.00      2686.5      2677.4      3816.8    
     4    60 -.38939E-01 -.11682     -.35045      240.13      178.52      2605.6      2314.2      3489.4    
     4    61  0.0000     -.77878E-01 -.38939      241.15     -.20074E-01  2416.5      1959.9      3111.3    
     4    62 0.38939E-01 -.38939E-01 -.42833      240.15     -1517.0      1517.0      2553.2      3334.9    
     4    63 0.77878E-01  0.0000     -.46727      230.77     -2603.4     -.80598E-02  3274.4      4183.2    
     4    64 -.38939E-01 -.19469     -.27257      239.51      51.568      2967.3      2934.1      4173.3    
     4    65  0.0000     -.15576     -.31151      239.74     -.26597E-03  2842.1      2679.7      3906.2    
     4    66 0.38939E-01 -.11682     -.35045      240.13     -178.52      2605.5      2314.2      3489.4    
     4    67 0.77878E-01 -.77878E-01 -.38939      238.49     -1676.7      1676.7      2391.6      3367.9    
     4    68 0.11682     -.38939E-01 -.42833      230.27     -2949.0      519.80      2661.4      4006.2    
     4    69 0.15576      0.0000     -.46727      218.47     -3189.2     0.17801E-01  3007.2      4383.4    
     4    70 0.19469     0.38939E-01 -.50621      205.53     -2499.6     -295.91      3077.5      3975.8    
     4    71 0.23363     0.77878E-01 -.54514      199.63      278.31      827.38     0.14292E-01  872.94    
     4    72 0.27257     0.11682     -.58408      205.49      2030.3      1642.9     -370.78      2637.9    
     4    73 0.38939E-01 -.19469     -.27257      239.51     -51.542      2967.3      2934.2      4173.4    
     4    74 0.77878E-01 -.15576     -.31151      239.21     -427.02      2686.5      2677.4      3816.8    
     4    75 0.11682     -.11682     -.35045      236.46     -1792.4      1792.4      2628.2      3651.4    
     4    76 0.15576     -.77878E-01 -.38939      228.28     -2991.7      682.52      2660.1      4061.1    
     4    77 0.19469     -.38939E-01 -.42833      217.14     -3242.8      213.84      2561.0      4137.6    
     4    78 0.23363      0.0000     -.46727      206.01     -2576.4     0.46836E-01  2334.3      3476.6    
     4    79 0.27257     0.38939E-01 -.50621      199.51     0.11474E-01  1205.7      1205.7      1705.1    
     4    80 0.11682     -.19469     -.27257      238.25     -715.73      2629.3      2808.7      3913.4    
     4    81 0.15576     -.15576     -.31151      234.62     -1845.1      1845.1      2845.8      3860.9    
     4    82 0.19469     -.11682     -.35045      226.35     -2889.6      804.34      2865.7      4148.4    
     4    83 0.23363     -.77878E-01 -.38939      215.40     -3004.2      138.12      2455.7      3882.7    
     4    84 0.27257     -.38939E-01 -.42833      205.49     -2030.3     -370.71      1642.9      2637.9    
     4    85 0.19469     -.19469     -.27257      232.69     -1982.6      1982.7      2824.4      3979.8    
     4    86 0.23363     -.15576     -.31151      224.74     -2768.9      1024.9      2988.5      4201.0    
     4    87 0.27257     -.11682     -.35045      214.47     -2495.2      64.806      2328.5      3413.5    
     4    88 0.27257     -.19469     -.27257      222.51     -2753.6      1492.6      2753.6      4170.4    
     4    89 0.38939E-01 -.11682     -.27257      250.20     -195.54      2141.2      2517.6      3310.8    
     4    90 0.77878E-01 -.77878E-01 -.31151      247.87     -1268.8      1268.8      2267.1      2891.3    
     4    91 0.11682     -.38939E-01 -.35045      240.13     -2605.6      178.47      2314.2      3489.5    
     4    92 0.15576      0.0000     -.38939      229.33     -3220.4     -.24410E-01  2413.6      4024.5    
     4    93 0.11682     -.11682     -.27257      247.03     -1498.2      1498.1      2459.4      3246.1    
     4    94 0.15576     -.77878E-01 -.31151      239.21     -2686.4      427.00      2677.4      3816.8    
     4    95 0.19469     -.38939E-01 -.35045      227.73     -3294.5      42.965      2684.9      4250.2    
     4    96 0.23363      0.0000     -.38939      215.48     -3307.2     -.12536E-01  2404.6      4089.0    
     4    97 0.27257     0.38939E-01 -.42833      205.49     -2030.3      370.73      1642.9      2637.9    
     4    98 0.19469     -.11682     -.27257      238.25     -2629.4      715.71      2808.7      3913.4    
     4    99 0.23363     -.77878E-01 -.31151      226.75     -3226.0      81.743      2993.0      4401.4    
     4   100 0.27257     -.38939E-01 -.35045      214.07     -3105.5     -137.78      2588.3      4045.1    
     4   101 0.27257     -.11682     -.27257      226.19     -3075.5      334.09      3075.6      4362.3    
     4   102 0.19469     -.38939E-01 -.27257      239.51     -2967.3      51.526      2934.1      4173.3    
     4   103 0.23363      0.0000     -.31151      226.70     -3352.6     -.74626E-02  3007.5      4503.9    
     4   104 0.27257     -.38939E-01 -.27257      226.42     -3234.2     -63.512      3234.1      4574.2    
     5     1 -.27257     -.27257     -.27257      261.55     0.17846E-08  0.0000     -.17846E-08 0.25237E-08
     5     2 -.23363     -.23363     -.31151      260.04     -376.46     -376.46      656.02      844.86    
     5     3 -.19469     -.19469     -.35045      256.12     -592.50     -592.50      1061.2      1352.1    
     5     4 -.15576     -.15576     -.38939      251.39     -558.40     -558.40      1052.6      1315.9    
     5     5 -.11682     -.11682     -.42833      247.69     -324.72     -324.72      687.69      826.92    
     5     6 -.77878E-01 -.77878E-01 -.46727      245.92     -77.388     -77.388      263.59      285.41    
     5     7 -.38939E-01 -.38939E-01 -.50621      245.61      27.488      27.488      37.458      53.984    
     5     8  0.0000      0.0000     -.54514      245.67     -.26768E-08 0.89228E-09 -.26768E-08 0.38893E-08
     5     9 -.19469     -.27257     -.27257      261.28     -123.03      604.60      604.59      863.83    
     5    10 -.15576     -.23363     -.31151      258.75     -155.74     -328.19      1219.7      1272.6    
     5    11 -.11682     -.19469     -.35045      254.81      76.965     -661.56      1383.9      1535.8    
     5    12 -.77878E-01 -.15576     -.38939      251.15      532.62     -811.97      1185.4      1532.3    
     5    13 -.38939E-01 -.11682     -.42833      248.97      928.81     -847.44      745.62      1461.8    
     5    14  0.0000     -.77878E-01 -.46727      247.88     -.17846E-08 -881.13      196.59      902.79    
     5    15 0.38939E-01 -.38939E-01 -.50621      245.61     -27.488      27.608      37.323      53.952    
     5    16 0.77878E-01  0.0000     -.54514      247.61      745.77     -.36371E-01 0.83163E-01  745.77    
     5    17 0.11682     0.38939E-01 -.58408      247.17      586.87     -819.16     -165.16      1021.1    
     5    18 0.15576     0.77878E-01 -.62302      247.73      596.77     -384.36     -470.44      851.57    
     5    19 0.19469     0.11682     -.66196      250.14      654.88      158.24     -816.80      1058.8    
     5    20 0.23363     0.15576     -.70090      254.10      516.38      592.84     -948.36      1231.9    
     5    21 0.27257     0.19469     -.73984      257.96     -.26364E-02  753.78     -753.78      1066.0    
     5    22 -.11682     -.27257     -.27257      260.62     -180.29      1054.6      1054.6      1502.3    
     5    23 -.77878E-01 -.23363     -.31151      258.89      165.82      234.02      1498.8      1526.0    
     5    24 -.38939E-01 -.19469     -.35045      256.67      696.33     -197.86      1475.1      1643.2    
     5    25  0.0000     -.15576     -.38939      254.60     0.89228E-09 -1194.9      843.68      1462.7    
     5    26 0.38939E-01 -.11682     -.42833      248.97     -928.81     -847.44      745.60      1461.8    
     5    27 0.77878E-01 -.77878E-01 -.46727      245.92      77.388     -77.537      263.47      285.34    
     5    28 0.11682     -.38939E-01 -.50621      247.17      586.87      819.21      165.09      1021.2    
     5    29 0.15576      0.0000     -.54514      250.47      555.74     0.45775E-01 0.45695E-01  555.74    
     5    30 0.19469     0.38939E-01 -.58408      249.35      400.91     -794.91     -152.22      903.21    
     5    31 0.23363     0.77878E-01 -.62302      249.74      291.23     -83.527     -420.75      518.48    
     5    32 0.27257     0.11682     -.66196      251.73     0.15719E-02  591.53     -591.56      836.57    
     5    33 -.38939E-01 -.27257     -.27257      260.00     -90.963      1278.1      1278.1      1809.8    
     5    34  0.0000     -.23363     -.31151      259.38     0.17846E-08  1011.2      1513.9      1820.5    
     5    35 0.38939E-01 -.19469     -.35045      256.67     -696.33     -197.88      1475.1      1643.2    
     5    36 0.77878E-01 -.15576     -.38939      251.15     -532.62     -812.01      1185.5      1532.4    
     5    37 0.11682     -.11682     -.42833      247.69      324.72     -324.81      687.64      826.92    
     5    38 0.15576     -.77878E-01 -.46727      247.73      596.77      384.32      470.50      851.59    
     5    39 0.19469     -.38939E-01 -.50621      249.35      400.91      794.86      152.19      903.15    
     5    40 0.23363      0.0000     -.54514      251.99      178.86     -.36922E-01 0.15102E-01  178.86    
     5    41 0.27257     0.38939E-01 -.58408      250.21     -.86764E-04 -275.26      275.28      389.29    
     5    42 0.38939E-01 -.27257     -.27257      260.00      90.963      1278.1      1278.1      1809.8    
     5    43 0.77878E-01 -.23363     -.31151      258.89     -165.82      233.96      1498.8      1526.0    
     5    44 0.11682     -.19469     -.35045      254.81     -76.965     -661.56      1383.9      1535.8    
     5    45 0.15576     -.15576     -.38939      251.39      558.40     -558.24      1052.7      1315.9    
     5    46 0.19469     -.11682     -.42833      250.14      654.88     -158.34      816.84      1058.8    
     5    47 0.23363     -.77878E-01 -.46727      249.74      291.23      83.576      420.72      518.46    
     5    48 0.27257     -.38939E-01 -.50621      250.21     -.86763E-04  275.25     -275.24      389.26    
     5    49 0.11682     -.27257     -.27257      260.62      180.29      1054.6      1054.6      1502.3    
     5    50 0.15576     -.23363     -.31151      258.75      155.74     -328.23      1219.6      1272.6    
     5    51 0.19469     -.19469     -.35045      256.12      592.50     -592.51      1061.2      1352.2    
     5    52 0.23363     -.15576     -.38939      254.10      516.38     -592.80      948.34      1231.8    
     5    53 0.27257     -.11682     -.42833      251.73     0.15719E-02 -591.51      591.51      836.53    
     5    54 0.19469     -.27257     -.27257      261.28      123.03      604.58      604.63      863.85    
     5    55 0.23363     -.23363     -.31151      260.04      376.46     -376.50      655.86      844.76    
     5    56 0.27257     -.19469     -.35045      257.96     -.26364E-02 -753.77      753.79      1066.0    
     5    57 0.27257     -.27257     -.27257      261.55     -.17846E-08  0.0000     0.35691E-08 0.39904E-08
     5    58 -.11682     -.19469     -.27257      260.84      197.19     -382.25      1425.4      1488.9    
     5    59 -.77878E-01 -.15576     -.31151      257.08      483.68     -780.49      1604.7      1848.8    
     5    60 -.38939E-01 -.11682     -.35045      253.34      695.03     -1017.2      1364.1      1838.1    
     5    61  0.0000     -.77878E-01 -.38939      249.88     -.29902E-01 -961.82      859.21      1289.7    
     5    62 0.38939E-01 -.38939E-01 -.42833      246.43      37.539     -37.437      468.73      471.72    
     5    63 0.77878E-01  0.0000     -.46727      247.88      881.14     0.14956E-01  196.75      902.84    
     5    64 -.38939E-01 -.19469     -.27257      262.23      357.83     -372.85      1103.4      1218.4    
     5    65  0.0000     -.15576     -.31151      258.99     -.32619E-02 -914.91      1243.6      1543.9    
     5    66 0.38939E-01 -.11682     -.35045      253.34     -695.10     -1017.4      1364.1      1838.2    
     5    67 0.77878E-01 -.77878E-01 -.38939      248.38      190.46     -190.50      1008.5      1043.8    
     5    68 0.11682     -.38939E-01 -.42833      248.97      847.45      928.76      745.63      1461.8    
     5    69 0.15576      0.0000     -.46727      250.92      198.10     0.24544E-01  542.55      577.59    
     5    70 0.19469     0.38939E-01 -.50621      249.35      400.89     -794.90      152.25      903.19    
     5    71 0.23363     0.77878E-01 -.54514      249.05      498.66     -211.90     0.49025E-03  541.82    
     5    72 0.27257     0.11682     -.58408      250.55      491.13      552.76     -65.782      742.34    
     5    73 0.38939E-01 -.19469     -.27257      262.23     -357.87     -372.77      1103.4      1218.4    
     5    74 0.77878E-01 -.15576     -.31151      257.08     -483.61     -780.44      1604.6      1848.7    
     5    75 0.11682     -.11682     -.35045      252.13      351.88     -351.93      1464.4      1546.6    
     5    76 0.15576     -.77878E-01 -.38939      251.15      811.99      532.58      1185.5      1532.4    
     5    77 0.19469     -.38939E-01 -.42833      251.42      177.27      638.81      924.35      1137.5    
     5    78 0.23363      0.0000     -.46727      250.70     -264.18     0.16171E-01  157.37      307.50    
     5    79 0.27257     0.38939E-01 -.50621      250.21     -.27862E-01 -275.22     -275.22      389.22    
     5    80 0.11682     -.19469     -.27257      260.84     -197.28     -382.23      1425.4      1488.9    
     5    81 0.15576     -.15576     -.31151      256.86      361.43     -361.39      1535.2      1618.1    
     5    82 0.19469     -.11682     -.35045      254.81      661.60      76.961      1383.9      1535.8    
     5    83 0.23363     -.77878E-01 -.38939      253.09     -24.401      68.199      1189.0      1191.2    
     5    84 0.27257     -.38939E-01 -.42833      250.55     -491.11     -65.800      552.79      742.36    
     5    85 0.19469     -.19469     -.27257      260.86      154.19     -154.26      1175.1      1195.2    
     5    86 0.23363     -.15576     -.31151      258.75      328.20     -155.73      1219.7      1272.6    
     5    87 0.27257     -.11682     -.35045      255.54     -432.07     -401.52      1186.9      1325.4    
     5    88 0.27257     -.19469     -.27257      261.28     -604.57     -123.04      604.54      863.78    
     5    89 0.38939E-01 -.11682     -.27257      259.96     -332.59     -622.66      1753.5      1890.3    
     5    90 0.77878E-01 -.77878E-01 -.31151      254.46      204.85     -204.83      1875.2      1897.5    
     5    91 0.11682     -.38939E-01 -.35045      253.34      1017.3      695.15      1364.1      1838.2    
     5    92 0.15576      0.0000     -.38939      254.60      1194.8     0.56970E-02  843.74      1462.7    
     5    93 0.11682     -.11682     -.27257      259.32      193.40     -193.37      1909.6      1929.1    
     5    94 0.15576     -.77878E-01 -.31151      257.08      780.52      483.61      1604.6      1848.8    
     5    95 0.19469     -.38939E-01 -.35045      256.67      197.82      696.29      1475.2      1643.2    
     5    96 0.23363      0.0000     -.38939      253.57     -659.75     -.11567E-01  1169.3      1342.6    
     5    97 0.27257     0.38939E-01 -.42833      250.55     -491.11      65.783      552.79      742.35    
     5    98 0.19469     -.11682     -.27257      260.84      382.24      197.23      1425.4      1488.9    
     5    99 0.23363     -.77878E-01 -.31151      258.89     -234.01      165.82      1498.8      1525.9    
     5   100 0.27257     -.38939E-01 -.35045      254.52     -897.67     -113.01      1261.1      1552.1    
     5   101 0.27257     -.11682     -.27257      260.62     -1054.6     -180.30      1054.6      1502.3    
     5   102 0.19469     -.38939E-01 -.27257      262.23      372.82      357.87      1103.3      1218.4    
     5   103 0.23363      0.0000     -.31151      259.38     -1011.2     -.11695E-02  1513.9      1820.5    
     5   104 0.27257     -.38939E-01 -.27257      260.00     -1278.1     -90.983      1278.1      1809.8    
     6     1 -.27257     -.27257     -.27257      261.55     0.17846E-08 -.17846E-08 -.17846E-08 0.30909E-08
     6     2 -.23363     -.23363     -.31151      261.94      238.60      238.60      173.85      379.59    
     6     3 -.19469     -.19469     -.35045      262.32      154.03      154.03      362.47      422.89    
     6     4 -.15576     -.15576     -.38939      261.32     -223.27     -223.27      523.04      610.95    
     6     5 -.11682     -.11682     -.42833      258.25     -697.81     -697.81      592.94      1151.3    
     6     6 -.77878E-01 -.77878E-01 -.46727      253.34     -1077.6     -1077.6      494.62      1602.2    
     6     7 -.38939E-01 -.38939E-01 -.50621      248.08     -994.53     -994.53      163.22      1415.9    
     6     8  0.0000      0.0000     -.54514      245.67     0.26768E-08 -.89228E-09 -.17846E-08 0.33386E-08
     6     9 -.19469     -.27257     -.27257      261.54      36.955      113.08      113.09      164.14    
     6    10 -.15576     -.23363     -.31151      262.54      33.685      561.39      347.18      660.93    
     6    11 -.11682     -.19469     -.35045      262.04     -306.06      216.34      703.45      797.07    
     6    12 -.77878E-01 -.15576     -.38939      259.18     -804.16     -220.96      925.39      1245.7    
     6    13 -.38939E-01 -.11682     -.42833      254.21     -1182.9     -618.73      955.80      1641.9    
     6    14  0.0000     -.77878E-01 -.46727      248.82     -.89228E-09 -811.43      713.56      1080.5    
     6    15 0.38939E-01 -.38939E-01 -.50621      248.08      994.53     -994.43      163.10      1415.8    
     6    16 0.77878E-01  0.0000     -.54514      247.61      745.77     -.36303E-01 0.83209E-01  745.77    
     6    17 0.11682     0.38939E-01 -.58408      252.07      812.29      1353.0     -189.58      1589.4    
     6    18 0.15576     0.77878E-01 -.62302      256.67      524.64      1135.0     -317.83      1290.1    
     6    19 0.19469     0.11682     -.66196      259.92      149.07      666.19     -306.25      748.21    
     6    20 0.23363     0.15576     -.70090      261.33     -123.55      215.08     -198.47      317.67    
     6    21 0.27257     0.19469     -.73984      261.54     -.69710E-02  34.625     -34.636      48.975    
     6    22 -.11682     -.27257     -.27257      262.15      250.80      129.39      129.39      310.46    
     6    23 -.77878E-01 -.23363     -.31151      262.35     -93.087      178.50      536.97      573.46    
     6    24 -.38939E-01 -.19469     -.35045      259.93     -664.83     -179.85      1014.8      1226.4    
     6    25  0.0000     -.15576     -.38939      255.40      0.0000      177.82      1560.1      1570.2    
     6    26 0.38939E-01 -.11682     -.42833      254.21      1182.9     -618.71      955.82      1641.9    
     6    27 0.77878E-01 -.77878E-01 -.46727      253.34      1077.6     -1077.6      494.53      1602.2    
     6    28 0.11682     -.38939E-01 -.50621      252.07      812.29     -1352.9      189.52      1589.4    
     6    29 0.15576      0.0000     -.54514      250.47      555.75     0.45631E-01 0.45706E-01  555.75    
     6    30 0.19469     0.38939E-01 -.58408      254.45      348.32      1252.3     -287.15      1331.2    
     6    31 0.23363     0.77878E-01 -.62302      257.90      113.14      858.89     -406.61      956.98    
     6    32 0.27257     0.11682     -.66196      260.07     0.37719E-02  377.77     -377.81      534.27    
     6    33 -.38939E-01 -.27257     -.27257      263.16      164.90      112.37      112.38      229.02    
     6    34  0.0000     -.23363     -.31151      262.08     0.17846E-08 -512.47      657.48      833.61    
     6    35 0.38939E-01 -.19469     -.35045      259.93      664.83     -179.85      1014.7      1226.4    
     6    36 0.77878E-01 -.15576     -.38939      259.18      804.16     -220.97      925.42      1245.8    
     6    37 0.11682     -.11682     -.42833      258.25      697.81     -697.82      592.91      1151.3    
     6    38 0.15576     -.77878E-01 -.46727      256.67      524.64     -1135.0      317.83      1290.1    
     6    39 0.19469     -.38939E-01 -.50621      254.45      348.32     -1252.3      287.15      1331.2    
     6    40 0.23363      0.0000     -.54514      251.99      178.86     -.36914E-01 0.15090E-01  178.86    
     6    41 0.27257     0.38939E-01 -.58408      255.13     -.29552E-04  746.08     -746.05      1055.1    
     6    42 0.38939E-01 -.27257     -.27257      263.16     -164.90      112.44      112.45      229.09    
     6    43 0.77878E-01 -.23363     -.31151      262.35      93.087      178.42      536.99      573.46    
     6    44 0.11682     -.19469     -.35045      262.04      306.06      216.33      703.44      797.05    
     6    45 0.15576     -.15576     -.38939      261.32      223.27     -223.24      523.05      610.95    
     6    46 0.19469     -.11682     -.42833      259.92      149.07     -666.19      306.25      748.21    
     6    47 0.23363     -.77878E-01 -.46727      257.90      113.14     -858.89      406.59      956.97    
     6    48 0.27257     -.38939E-01 -.50621      255.13     -.29552E-04 -746.08      746.09      1055.1    
     6    49 0.11682     -.27257     -.27257      262.15     -250.80      129.42      129.41      310.48    
     6    50 0.15576     -.23363     -.31151      262.54     -33.685      561.39      347.17      660.92    
     6    51 0.19469     -.19469     -.35045      262.32     -154.03      154.04      362.45      422.88    
     6    52 0.23363     -.15576     -.38939      261.33     -123.55     -215.08      198.51      317.69    
     6    53 0.27257     -.11682     -.42833      260.07     0.37719E-02 -377.76      377.75      534.23    
     6    54 0.19469     -.27257     -.27257      261.54     -36.955      113.04      113.05      164.09    
     6    55 0.23363     -.23363     -.31151      261.94     -238.60      238.58      173.84      379.57    
     6    56 0.27257     -.19469     -.35045      261.54     -.69710E-02 -34.600      34.662      48.976    
     6    57 0.27257     -.27257     -.27257      261.55     -.17846E-08 -.17846E-08  0.0000     0.25237E-08
     6    58 -.11682     -.19469     -.27257      265.28      62.238      793.10      795.22      1124.8    
     6    59 -.77878E-01 -.15576     -.31151      264.00     -336.88      336.26      1300.8      1385.2    
     6    60 -.38939E-01 -.11682     -.35045      260.10     -584.61     -50.950      1749.8      1845.5    
     6    61  0.0000     -.77878E-01 -.38939      254.72     -.16316E-01 -526.21      2043.2      2109.9    
     6    62 0.38939E-01 -.38939E-01 -.42833      250.64      1078.6     -1078.6      1348.3      2035.8    
     6    63 0.77878E-01  0.0000     -.46727      248.82      811.46     0.88566E-02  713.66      1080.6    
     6    64 -.38939E-01 -.19469     -.27257      264.85     -202.04      845.53      1309.3      1571.6    
     6    65  0.0000     -.15576     -.31151      262.61     0.91131E-02  514.69      1777.7      1850.7    
     6    66 0.38939E-01 -.11682     -.35045      260.10      584.59     -50.974      1749.8      1845.6    
     6    67 0.77878E-01 -.77878E-01 -.38939      257.36      690.81     -690.82      1453.6      1751.4    
     6    68 0.11682     -.38939E-01 -.42833      254.21      618.75     -1182.9      955.82      1641.9    
     6    69 0.15576      0.0000     -.46727      251.95      973.96     0.57827E-01  477.61      1084.8    
     6    70 0.19469     0.38939E-01 -.50621      254.45      348.31      1252.3      287.17      1331.2    
     6    71 0.23363     0.77878E-01 -.54514      256.97     -113.82      1184.6     0.98211E-02  1190.0    
     6    72 0.27257     0.11682     -.58408      258.75     -412.14      861.01     -205.09      976.35    
     6    73 0.38939E-01 -.19469     -.27257      264.85      202.07      845.54      1309.3      1571.6    
     6    74 0.77878E-01 -.15576     -.31151      264.00      336.88      336.25      1300.8      1385.2    
     6    75 0.11682     -.11682     -.35045      262.10      250.69     -250.69      1212.1      1262.9    
     6    76 0.15576     -.77878E-01 -.38939      259.18      220.99     -804.16      925.41      1245.7    
     6    77 0.19469     -.38939E-01 -.42833      256.48      581.89     -868.39      663.75      1238.2    
     6    78 0.23363      0.0000     -.46727      255.36      637.45     0.34505E-01  879.68      1086.4    
     6    79 0.27257     0.38939E-01 -.50621      255.13     -.28264E-01  746.10      746.11      1055.2    
     6    80 0.11682     -.19469     -.27257      265.28     -62.241      793.10      795.22      1124.8    
     6    81 0.15576     -.15576     -.31151      264.34     -200.20      200.18      851.06      896.92    
     6    82 0.19469     -.11682     -.35045      262.04     -216.31     -306.06      703.46      797.07    
     6    83 0.23363     -.77878E-01 -.38939      259.98      262.58     -383.50      570.93      736.19    
     6    84 0.27257     -.38939E-01 -.42833      258.75      412.17     -205.11      861.02      976.38    
     6    85 0.19469     -.19469     -.27257      264.13     -495.32      495.38      426.50      820.15    
     6    86 0.23363     -.15576     -.31151      262.54     -561.37      33.618      347.22      660.93    
     6    87 0.27257     -.11682     -.35045      261.49      56.274      33.301      273.11      280.83    
     6    88 0.27257     -.19469     -.27257      261.54     -113.08      36.923      113.03      164.10    
     6    89 0.38939E-01 -.11682     -.27257      267.26      131.37      290.34      1590.4      1622.0    
     6    90 0.77878E-01 -.77878E-01 -.31151      264.30      170.72     -170.71      1730.9      1747.6    
     6    91 0.11682     -.38939E-01 -.35045      260.10      50.963     -584.62      1749.8      1845.6    
     6    92 0.15576      0.0000     -.38939      255.40     -177.83     -.79116E-02  1560.2      1570.3    
     6    93 0.11682     -.11682     -.27257      267.34     -197.05      197.06      1200.7      1232.6    
     6    94 0.15576     -.77878E-01 -.31151      264.00     -336.28     -336.90      1300.8      1385.2    
     6    95 0.19469     -.38939E-01 -.35045      259.93      179.83     -664.86      1014.7      1226.4    
     6    96 0.23363      0.0000     -.38939      258.94      833.24     0.30696E-01  833.03      1178.2    
     6    97 0.27257     0.38939E-01 -.42833      258.75      412.12      205.07      861.07      976.39    
     6    98 0.19469     -.11682     -.27257      265.28     -793.10      62.233      795.23      1124.8    
     6    99 0.23363     -.77878E-01 -.31151      262.35     -178.50     -93.064      536.93      573.42    
     6   100 0.27257     -.38939E-01 -.35045      261.75      367.43      57.096      558.47      670.94    
     6   101 0.27257     -.11682     -.27257      262.15     -129.47      250.78      129.38      310.47    
     6   102 0.19469     -.38939E-01 -.27257      264.85     -845.57     -202.09      1309.2      1571.6    
     6   103 0.23363      0.0000     -.31151      262.08      512.51     0.66550E-01  657.47      833.62    
     6   104 0.27257     -.38939E-01 -.27257      263.16     -112.37      164.87      112.41      229.01    
