 # RANK 2 tensors :term,group,(iatom,ixyz)_2 d2U/dx_{i,alpha}^2
     1     1      1 1      1 1    2.1831105       1.00
     2     1      1 2      1 2    2.1831105       1.00
     3     1      1 3      1 3    2.1831105       1.00
     4     2      1 1      2 1   0.18118795E-01   1.00
     5     2      1 1     71 1   0.18118795E-01   1.00
     6     2      2 1    185 1   0.18118795E-01   1.00
     7     2      1 1      4 1   0.18118795E-01   1.00
     8     2      2 1     53 1   0.18118795E-01   1.00
     9     2      1 2     71 2   0.18118795E-01   1.00
    10     2      2 2    185 2   0.18118795E-01   1.00
    11     2      1 2      8 2   0.18118795E-01   1.00
    12     2      2 2     49 2   0.18118795E-01   1.00
    13     2      1 3     71 3   0.18118795E-01   1.00
    14     2      2 3    185 3   0.18118795E-01   1.00
    15     2      1 3     16 3   0.18118795E-01   1.00
    16     2      2 3     41 3   0.18118795E-01   1.00
    17     2      1 2      4 2   0.18118795E-01   1.00
    18     2      2 2     53 2   0.18118795E-01   1.00
    19     2      1 2    123 2   0.18118795E-01   1.00
    20     2      2 2    142 2   0.18118795E-01   1.00
    21     2      1 1      8 1   0.18118795E-01   1.00
    22     2      2 1     49 1   0.18118795E-01   1.00
    23     2      1 1    123 1   0.18118795E-01   1.00
    24     2      2 1    142 1   0.18118795E-01   1.00
    25     2      1 3      4 3   0.18118795E-01   1.00
    26     2      2 3     53 3   0.18118795E-01   1.00
    27     2      1 3    133 3   0.18118795E-01   1.00
    28     2      2 3    134 3   0.18118795E-01   1.00
    29     2      1 3      8 3   0.18118795E-01   1.00
    30     2      2 3     49 3   0.18118795E-01   1.00
    31     2      1 3      2 3   0.18118795E-01   1.00
    32     2      1 1     16 1   0.18118795E-01   1.00
    33     2      2 1     41 1   0.18118795E-01   1.00
    34     2      1 1    133 1   0.18118795E-01   1.00
    35     2      2 1    134 1   0.18118795E-01   1.00
    36     2      1 2     16 2   0.18118795E-01   1.00
    37     2      2 2     41 2   0.18118795E-01   1.00
    38     2      1 2      2 2   0.18118795E-01   1.00
    39     2      1 3    123 3   0.18118795E-01   1.00
    40     2      2 3    142 3   0.18118795E-01   1.00
    41     2      1 3     38 3   0.18118795E-01   1.00
    42     2      2 3     19 3   0.18118795E-01   1.00
    43     2      1 2    133 2   0.18118795E-01   1.00
    44     2      2 2    134 2   0.18118795E-01   1.00
    45     2      1 2     38 2   0.18118795E-01   1.00
    46     2      2 2     19 2   0.18118795E-01   1.00
    47     2      1 1     38 1   0.18118795E-01   1.00
    48     2      2 1     19 1   0.18118795E-01   1.00
    49     2      2 1      1 1   0.18118795E-01   1.00
    50     2     71 1      1 1   0.18118795E-01   1.00
    51     2    185 1      2 1   0.18118795E-01   1.00
    52     2      4 1      1 1   0.18118795E-01   1.00
    53     2     53 1      2 1   0.18118795E-01   1.00
    54     2     71 2      1 2   0.18118795E-01   1.00
    55     2    185 2      2 2   0.18118795E-01   1.00
    56     2      8 2      1 2   0.18118795E-01   1.00
    57     2     49 2      2 2   0.18118795E-01   1.00
    58     2     71 3      1 3   0.18118795E-01   1.00
    59     2    185 3      2 3   0.18118795E-01   1.00
    60     2     16 3      1 3   0.18118795E-01   1.00
    61     2     41 3      2 3   0.18118795E-01   1.00
    62     2      4 2      1 2   0.18118795E-01   1.00
    63     2     53 2      2 2   0.18118795E-01   1.00
    64     2    123 2      1 2   0.18118795E-01   1.00
    65     2    142 2      2 2   0.18118795E-01   1.00
    66     2      8 1      1 1   0.18118795E-01   1.00
    67     2     49 1      2 1   0.18118795E-01   1.00
    68     2    123 1      1 1   0.18118795E-01   1.00
    69     2    142 1      2 1   0.18118795E-01   1.00
    70     2      4 3      1 3   0.18118795E-01   1.00
    71     2     53 3      2 3   0.18118795E-01   1.00
    72     2    133 3      1 3   0.18118795E-01   1.00
    73     2    134 3      2 3   0.18118795E-01   1.00
    74     2      8 3      1 3   0.18118795E-01   1.00
    75     2     49 3      2 3   0.18118795E-01   1.00
    76     2      2 3      1 3   0.18118795E-01   1.00
    77     2     16 1      1 1   0.18118795E-01   1.00
    78     2     41 1      2 1   0.18118795E-01   1.00
    79     2    133 1      1 1   0.18118795E-01   1.00
    80     2    134 1      2 1   0.18118795E-01   1.00
    81     2     16 2      1 2   0.18118795E-01   1.00
    82     2     41 2      2 2   0.18118795E-01   1.00
    83     2      2 2      1 2   0.18118795E-01   1.00
    84     2    123 3      1 3   0.18118795E-01   1.00
    85     2    142 3      2 3   0.18118795E-01   1.00
    86     2     38 3      1 3   0.18118795E-01   1.00
    87     2     19 3      2 3   0.18118795E-01   1.00
    88     2    133 2      1 2   0.18118795E-01   1.00
    89     2    134 2      2 2   0.18118795E-01   1.00
    90     2     38 2      1 2   0.18118795E-01   1.00
    91     2     19 2      2 2   0.18118795E-01   1.00
    92     2     38 1      1 1   0.18118795E-01   1.00
    93     2     19 1      2 1   0.18118795E-01   1.00
    94     3      1 2      2 1   0.20575788E-01   1.00
    95     3      1 2     71 1   -.20575788E-01   1.00
    96     3      2 1    185 2   -.20575788E-01   1.00
    97     3      1 3     71 1   -.20575788E-01   1.00
    98     3      2 1    185 3   -.20575788E-01   1.00
    99     3      1 2      4 1   0.20575788E-01   1.00
   100     3      2 1     53 2   0.20575788E-01   1.00
   101     3      1 3      4 1   0.20575788E-01   1.00
   102     3      2 1     53 3   0.20575788E-01   1.00
   103     3      1 1     71 2   -.20575788E-01   1.00
   104     3      2 2    185 1   -.20575788E-01   1.00
   105     3      1 3     71 2   0.20575788E-01   1.00
   106     3      2 2    185 3   0.20575788E-01   1.00
   107     3      1 1      8 2   0.20575788E-01   1.00
   108     3      2 2     49 1   0.20575788E-01   1.00
   109     3      1 3      8 2   -.20575788E-01   1.00
   110     3      2 2     49 3   -.20575788E-01   1.00
   111     3      1 1     71 3   -.20575788E-01   1.00
   112     3      2 3    185 1   -.20575788E-01   1.00
   113     3      1 2     71 3   0.20575788E-01   1.00
   114     3      2 3    185 2   0.20575788E-01   1.00
   115     3      1 1     16 3   0.20575788E-01   1.00
   116     3      2 3     41 1   0.20575788E-01   1.00
   117     3      1 2     16 3   -.20575788E-01   1.00
   118     3      2 3     41 2   -.20575788E-01   1.00
   119     3      1 1      4 2   0.20575788E-01   1.00
   120     3      2 2     53 1   0.20575788E-01   1.00
   121     3      1 1    123 2   -.20575788E-01   1.00
   122     3      2 2    142 1   -.20575788E-01   1.00
   123     3      1 3      4 2   0.20575788E-01   1.00
   124     3      2 2     53 3   0.20575788E-01   1.00
   125     3      1 3    123 2   -.20575788E-01   1.00
   126     3      2 2    142 3   -.20575788E-01   1.00
   127     3      1 2      8 1   0.20575788E-01   1.00
   128     3      2 1     49 2   0.20575788E-01   1.00
   129     3      1 2    123 1   -.20575788E-01   1.00
   130     3      2 1    142 2   -.20575788E-01   1.00
   131     3      1 3      8 1   -.20575788E-01   1.00
   132     3      2 1     49 3   -.20575788E-01   1.00
   133     3      1 3    123 1   0.20575788E-01   1.00
   134     3      2 1    142 3   0.20575788E-01   1.00
   135     3      1 1      4 3   0.20575788E-01   1.00
   136     3      2 3     53 1   0.20575788E-01   1.00
   137     3      1 2      4 3   0.20575788E-01   1.00
   138     3      2 3     53 2   0.20575788E-01   1.00
   139     3      1 1    133 3   -.20575788E-01   1.00
   140     3      2 3    134 1   -.20575788E-01   1.00
   141     3      1 2    133 3   -.20575788E-01   1.00
   142     3      2 3    134 2   -.20575788E-01   1.00
   143     3      1 2      8 3   -.20575788E-01   1.00
   144     3      2 3     49 2   -.20575788E-01   1.00
   145     3      1 1      8 3   -.20575788E-01   1.00
   146     3      2 3     49 1   -.20575788E-01   1.00
   147     3      1 2      2 3   0.20575788E-01   1.00
   148     3      1 1      2 3   0.20575788E-01   1.00
   149     3      1 3     16 1   0.20575788E-01   1.00
   150     3      2 1     41 3   0.20575788E-01   1.00
   151     3      1 3    133 1   -.20575788E-01   1.00
   152     3      2 1    134 3   -.20575788E-01   1.00
   153     3      1 2     16 1   -.20575788E-01   1.00
   154     3      2 1     41 2   -.20575788E-01   1.00
   155     3      1 2    133 1   0.20575788E-01   1.00
   156     3      2 1    134 2   0.20575788E-01   1.00
   157     3      1 3     16 2   -.20575788E-01   1.00
   158     3      2 2     41 3   -.20575788E-01   1.00
   159     3      1 3      2 2   0.20575788E-01   1.00
   160     3      1 1     16 2   -.20575788E-01   1.00
   161     3      2 2     41 1   -.20575788E-01   1.00
   162     3      1 1      2 2   0.20575788E-01   1.00
   163     3      1 2    123 3   -.20575788E-01   1.00
   164     3      2 3    142 2   -.20575788E-01   1.00
   165     3      1 1    123 3   0.20575788E-01   1.00
   166     3      2 3    142 1   0.20575788E-01   1.00
   167     3      1 2     38 3   0.20575788E-01   1.00
   168     3      2 3     19 2   0.20575788E-01   1.00
   169     3      1 1     38 3   -.20575788E-01   1.00
   170     3      2 3     19 1   -.20575788E-01   1.00
   171     3      1 3    133 2   -.20575788E-01   1.00
   172     3      2 2    134 3   -.20575788E-01   1.00
   173     3      1 1    133 2   0.20575788E-01   1.00
   174     3      2 2    134 1   0.20575788E-01   1.00
   175     3      1 3     38 2   0.20575788E-01   1.00
   176     3      2 2     19 3   0.20575788E-01   1.00
   177     3      1 1     38 2   -.20575788E-01   1.00
   178     3      2 2     19 1   -.20575788E-01   1.00
   179     3      1 3      2 1   0.20575788E-01   1.00
   180     3      1 3     38 1   -.20575788E-01   1.00
   181     3      2 1     19 3   -.20575788E-01   1.00
   182     3      1 2     38 1   -.20575788E-01   1.00
   183     3      2 1     19 2   -.20575788E-01   1.00
   184     3      2 1      1 2   0.20575788E-01   1.00
   185     3     71 1      1 2   -.20575788E-01   1.00
   186     3    185 2      2 1   -.20575788E-01   1.00
   187     3     71 1      1 3   -.20575788E-01   1.00
   188     3    185 3      2 1   -.20575788E-01   1.00
   189     3      4 1      1 2   0.20575788E-01   1.00
   190     3     53 2      2 1   0.20575788E-01   1.00
   191     3      4 1      1 3   0.20575788E-01   1.00
   192     3     53 3      2 1   0.20575788E-01   1.00
   193     3     71 2      1 1   -.20575788E-01   1.00
   194     3    185 1      2 2   -.20575788E-01   1.00
   195     3     71 2      1 3   0.20575788E-01   1.00
   196     3    185 3      2 2   0.20575788E-01   1.00
   197     3      8 2      1 1   0.20575788E-01   1.00
   198     3     49 1      2 2   0.20575788E-01   1.00
   199     3      8 2      1 3   -.20575788E-01   1.00
   200     3     49 3      2 2   -.20575788E-01   1.00
   201     3     71 3      1 1   -.20575788E-01   1.00
   202     3    185 1      2 3   -.20575788E-01   1.00
   203     3     71 3      1 2   0.20575788E-01   1.00
   204     3    185 2      2 3   0.20575788E-01   1.00
   205     3     16 3      1 1   0.20575788E-01   1.00
   206     3     41 1      2 3   0.20575788E-01   1.00
   207     3     16 3      1 2   -.20575788E-01   1.00
   208     3     41 2      2 3   -.20575788E-01   1.00
   209     3      4 2      1 1   0.20575788E-01   1.00
   210     3     53 1      2 2   0.20575788E-01   1.00
   211     3    123 2      1 1   -.20575788E-01   1.00
   212     3    142 1      2 2   -.20575788E-01   1.00
   213     3      4 2      1 3   0.20575788E-01   1.00
   214     3     53 3      2 2   0.20575788E-01   1.00
   215     3    123 2      1 3   -.20575788E-01   1.00
   216     3    142 3      2 2   -.20575788E-01   1.00
   217     3      8 1      1 2   0.20575788E-01   1.00
   218     3     49 2      2 1   0.20575788E-01   1.00
   219     3    123 1      1 2   -.20575788E-01   1.00
   220     3    142 2      2 1   -.20575788E-01   1.00
   221     3      8 1      1 3   -.20575788E-01   1.00
   222     3     49 3      2 1   -.20575788E-01   1.00
   223     3    123 1      1 3   0.20575788E-01   1.00
   224     3    142 3      2 1   0.20575788E-01   1.00
   225     3      4 3      1 1   0.20575788E-01   1.00
   226     3     53 1      2 3   0.20575788E-01   1.00
   227     3      4 3      1 2   0.20575788E-01   1.00
   228     3     53 2      2 3   0.20575788E-01   1.00
   229     3    133 3      1 1   -.20575788E-01   1.00
   230     3    134 1      2 3   -.20575788E-01   1.00
   231     3    133 3      1 2   -.20575788E-01   1.00
   232     3    134 2      2 3   -.20575788E-01   1.00
   233     3      8 3      1 2   -.20575788E-01   1.00
   234     3     49 2      2 3   -.20575788E-01   1.00
   235     3      8 3      1 1   -.20575788E-01   1.00
   236     3     49 1      2 3   -.20575788E-01   1.00
   237     3      2 3      1 2   0.20575788E-01   1.00
   238     3      2 3      1 1   0.20575788E-01   1.00
   239     3     16 1      1 3   0.20575788E-01   1.00
   240     3     41 3      2 1   0.20575788E-01   1.00
   241     3    133 1      1 3   -.20575788E-01   1.00
   242     3    134 3      2 1   -.20575788E-01   1.00
   243     3     16 1      1 2   -.20575788E-01   1.00
   244     3     41 2      2 1   -.20575788E-01   1.00
   245     3    133 1      1 2   0.20575788E-01   1.00
   246     3    134 2      2 1   0.20575788E-01   1.00
   247     3     16 2      1 3   -.20575788E-01   1.00
   248     3     41 3      2 2   -.20575788E-01   1.00
   249     3      2 2      1 3   0.20575788E-01   1.00
   250     3     16 2      1 1   -.20575788E-01   1.00
   251     3     41 1      2 2   -.20575788E-01   1.00
   252     3      2 2      1 1   0.20575788E-01   1.00
   253     3    123 3      1 2   -.20575788E-01   1.00
   254     3    142 2      2 3   -.20575788E-01   1.00
   255     3    123 3      1 1   0.20575788E-01   1.00
   256     3    142 1      2 3   0.20575788E-01   1.00
   257     3     38 3      1 2   0.20575788E-01   1.00
   258     3     19 2      2 3   0.20575788E-01   1.00
   259     3     38 3      1 1   -.20575788E-01   1.00
   260     3     19 1      2 3   -.20575788E-01   1.00
   261     3    133 2      1 3   -.20575788E-01   1.00
   262     3    134 3      2 2   -.20575788E-01   1.00
   263     3    133 2      1 1   0.20575788E-01   1.00
   264     3    134 1      2 2   0.20575788E-01   1.00
   265     3     38 2      1 3   0.20575788E-01   1.00
   266     3     19 3      2 2   0.20575788E-01   1.00
   267     3     38 2      1 1   -.20575788E-01   1.00
   268     3     19 1      2 2   -.20575788E-01   1.00
   269     3      2 1      1 3   0.20575788E-01   1.00
   270     3     38 1      1 3   -.20575788E-01   1.00
   271     3     19 3      2 1   -.20575788E-01   1.00
   272     3     38 1      1 2   -.20575788E-01   1.00
   273     3     19 2      2 1   -.20575788E-01   1.00
   274     4      1 1      5 1   -.20699586E-03   1.00
   275     4      1 1     51 1   -.20699586E-03   1.00
   276     4      1 1    183 1   -.20699586E-03   1.00
   277     4      1 1     72 1   -.20699586E-03   1.00
   278     4      1 1    178 1   -.20699586E-03   1.00
   279     4      1 1     79 1   -.20699586E-03   1.00
   280     4      1 1     47 1   -.20699586E-03   1.00
   281     4      1 1      9 1   -.20699586E-03   1.00
   282     4      1 2    183 2   -.20699586E-03   1.00
   283     4      1 2     72 2   -.20699586E-03   1.00
   284     4      1 2    176 2   -.20699586E-03   1.00
   285     4      1 2     81 2   -.20699586E-03   1.00
   286     4      1 2    159 2   -.20699586E-03   1.00
   287     4      1 2    103 2   -.20699586E-03   1.00
   288     4      1 2    156 2   -.20699586E-03   1.00
   289     4      1 2    107 2   -.20699586E-03   1.00
   290     4      1 3    178 3   -.20699586E-03   1.00
   291     4      1 3     79 3   -.20699586E-03   1.00
   292     4      1 3    176 3   -.20699586E-03   1.00
   293     4      1 3     81 3   -.20699586E-03   1.00
   294     4      1 3    149 3   -.20699586E-03   1.00
   295     4      1 3    114 3   -.20699586E-03   1.00
   296     4      1 3    147 3   -.20699586E-03   1.00
   297     4      1 3    116 3   -.20699586E-03   1.00
   298     4      1 2     51 2   -.20699586E-03   1.00
   299     4      1 2      5 2   -.20699586E-03   1.00
   300     4      1 2    140 2   -.20699586E-03   1.00
   301     4      1 2    124 2   -.20699586E-03   1.00
   302     4      1 2     35 2   -.20699586E-03   1.00
   303     4      1 2     21 2   -.20699586E-03   1.00
   304     4      1 2    116 2   -.20699586E-03   1.00
   305     4      1 2    147 2   -.20699586E-03   1.00
   306     4      1 1    159 1   -.20699586E-03   1.00
   307     4      1 1    103 1   -.20699586E-03   1.00
   308     4      1 1    140 1   -.20699586E-03   1.00
   309     4      1 1    124 1   -.20699586E-03   1.00
   310     4      1 1    135 1   -.20699586E-03   1.00
   311     4      1 1    130 1   -.20699586E-03   1.00
   312     4      1 1    114 1   -.20699586E-03   1.00
   313     4      1 1    149 1   -.20699586E-03   1.00
   314     4      1 3     47 3   -.20699586E-03   1.00
   315     4      1 3      9 3   -.20699586E-03   1.00
   316     4      1 3     35 3   -.20699586E-03   1.00
   317     4      1 3     21 3   -.20699586E-03   1.00
   318     4      1 3    130 3   -.20699586E-03   1.00
   319     4      1 3    135 3   -.20699586E-03   1.00
   320     4      1 3    107 3   -.20699586E-03   1.00
   321     4      1 3    156 3   -.20699586E-03   1.00
   322     4      5 1      1 1   -.20699586E-03   1.00
   323     4     51 1      1 1   -.20699586E-03   1.00
   324     4    183 1      1 1   -.20699586E-03   1.00
   325     4     72 1      1 1   -.20699586E-03   1.00
   326     4    178 1      1 1   -.20699586E-03   1.00
   327     4     79 1      1 1   -.20699586E-03   1.00
   328     4     47 1      1 1   -.20699586E-03   1.00
   329     4      9 1      1 1   -.20699586E-03   1.00
   330     4    183 2      1 2   -.20699586E-03   1.00
   331     4     72 2      1 2   -.20699586E-03   1.00
   332     4    176 2      1 2   -.20699586E-03   1.00
   333     4     81 2      1 2   -.20699586E-03   1.00
   334     4    159 2      1 2   -.20699586E-03   1.00
   335     4    103 2      1 2   -.20699586E-03   1.00
   336     4    156 2      1 2   -.20699586E-03   1.00
   337     4    107 2      1 2   -.20699586E-03   1.00
   338     4    178 3      1 3   -.20699586E-03   1.00
   339     4     79 3      1 3   -.20699586E-03   1.00
   340     4    176 3      1 3   -.20699586E-03   1.00
   341     4     81 3      1 3   -.20699586E-03   1.00
   342     4    149 3      1 3   -.20699586E-03   1.00
   343     4    114 3      1 3   -.20699586E-03   1.00
   344     4    147 3      1 3   -.20699586E-03   1.00
   345     4    116 3      1 3   -.20699586E-03   1.00
   346     4     51 2      1 2   -.20699586E-03   1.00
   347     4      5 2      1 2   -.20699586E-03   1.00
   348     4    140 2      1 2   -.20699586E-03   1.00
   349     4    124 2      1 2   -.20699586E-03   1.00
   350     4     35 2      1 2   -.20699586E-03   1.00
   351     4     21 2      1 2   -.20699586E-03   1.00
   352     4    116 2      1 2   -.20699586E-03   1.00
   353     4    147 2      1 2   -.20699586E-03   1.00
   354     4    159 1      1 1   -.20699586E-03   1.00
   355     4    103 1      1 1   -.20699586E-03   1.00
   356     4    140 1      1 1   -.20699586E-03   1.00
   357     4    124 1      1 1   -.20699586E-03   1.00
   358     4    135 1      1 1   -.20699586E-03   1.00
   359     4    130 1      1 1   -.20699586E-03   1.00
   360     4    114 1      1 1   -.20699586E-03   1.00
   361     4    149 1      1 1   -.20699586E-03   1.00
   362     4     47 3      1 3   -.20699586E-03   1.00
   363     4      9 3      1 3   -.20699586E-03   1.00
   364     4     35 3      1 3   -.20699586E-03   1.00
   365     4     21 3      1 3   -.20699586E-03   1.00
   366     4    130 3      1 3   -.20699586E-03   1.00
   367     4    135 3      1 3   -.20699586E-03   1.00
   368     4    107 3      1 3   -.20699586E-03   1.00
   369     4    156 3      1 3   -.20699586E-03   1.00
   370     5      1 2      5 1   -.81713548E-02   1.00
   371     5      1 1     51 2   -.81713548E-02   1.00
   372     5      1 2    183 1   0.81713548E-02   1.00
   373     5      1 1     72 2   0.81713548E-02   1.00
   374     5      1 3    178 1   0.81713548E-02   1.00
   375     5      1 1     79 3   0.81713548E-02   1.00
   376     5      1 2     51 1   -.81713548E-02   1.00
   377     5      1 1      5 2   -.81713548E-02   1.00
   378     5      1 3     47 1   -.81713548E-02   1.00
   379     5      1 1      9 3   -.81713548E-02   1.00
   380     5      1 1    183 2   0.81713548E-02   1.00
   381     5      1 2     72 1   0.81713548E-02   1.00
   382     5      1 3    176 2   -.81713548E-02   1.00
   383     5      1 2     81 3   -.81713548E-02   1.00
   384     5      1 1    159 2   -.81713548E-02   1.00
   385     5      1 2    103 1   -.81713548E-02   1.00
   386     5      1 3    156 2   0.81713548E-02   1.00
   387     5      1 2    107 3   0.81713548E-02   1.00
   388     5      1 1    178 3   0.81713548E-02   1.00
   389     5      1 3     79 1   0.81713548E-02   1.00
   390     5      1 2    176 3   -.81713548E-02   1.00
   391     5      1 3     81 2   -.81713548E-02   1.00
   392     5      1 1    149 3   -.81713548E-02   1.00
   393     5      1 3    114 1   -.81713548E-02   1.00
   394     5      1 2    147 3   0.81713548E-02   1.00
   395     5      1 3    116 2   0.81713548E-02   1.00
   396     5      1 1    140 2   0.81713548E-02   1.00
   397     5      1 2    124 1   0.81713548E-02   1.00
   398     5      1 3     35 2   -.81713548E-02   1.00
   399     5      1 2     21 3   -.81713548E-02   1.00
   400     5      1 2    159 1   -.81713548E-02   1.00
   401     5      1 1    103 2   -.81713548E-02   1.00
   402     5      1 2    140 1   0.81713548E-02   1.00
   403     5      1 1    124 2   0.81713548E-02   1.00
   404     5      1 3    135 1   0.81713548E-02   1.00
   405     5      1 1    130 3   0.81713548E-02   1.00
   406     5      1 1     47 3   -.81713548E-02   1.00
   407     5      1 3      9 1   -.81713548E-02   1.00
   408     5      1 2     35 3   -.81713548E-02   1.00
   409     5      1 3     21 2   -.81713548E-02   1.00
   410     5      1 2    156 3   0.81713548E-02   1.00
   411     5      1 3    107 2   0.81713548E-02   1.00
   412     5      1 1    135 3   0.81713548E-02   1.00
   413     5      1 3    130 1   0.81713548E-02   1.00
   414     5      1 3    149 1   -.81713548E-02   1.00
   415     5      1 1    114 3   -.81713548E-02   1.00
   416     5      1 3    147 2   0.81713548E-02   1.00
   417     5      1 2    116 3   0.81713548E-02   1.00
   418     5      5 1      1 2   -.81713548E-02   1.00
   419     5     51 2      1 1   -.81713548E-02   1.00
   420     5    183 1      1 2   0.81713548E-02   1.00
   421     5     72 2      1 1   0.81713548E-02   1.00
   422     5    178 1      1 3   0.81713548E-02   1.00
   423     5     79 3      1 1   0.81713548E-02   1.00
   424     5     51 1      1 2   -.81713548E-02   1.00
   425     5      5 2      1 1   -.81713548E-02   1.00
   426     5     47 1      1 3   -.81713548E-02   1.00
   427     5      9 3      1 1   -.81713548E-02   1.00
   428     5    183 2      1 1   0.81713548E-02   1.00
   429     5     72 1      1 2   0.81713548E-02   1.00
   430     5    176 2      1 3   -.81713548E-02   1.00
   431     5     81 3      1 2   -.81713548E-02   1.00
   432     5    159 2      1 1   -.81713548E-02   1.00
   433     5    103 1      1 2   -.81713548E-02   1.00
   434     5    156 2      1 3   0.81713548E-02   1.00
   435     5    107 3      1 2   0.81713548E-02   1.00
   436     5    178 3      1 1   0.81713548E-02   1.00
   437     5     79 1      1 3   0.81713548E-02   1.00
   438     5    176 3      1 2   -.81713548E-02   1.00
   439     5     81 2      1 3   -.81713548E-02   1.00
   440     5    149 3      1 1   -.81713548E-02   1.00
   441     5    114 1      1 3   -.81713548E-02   1.00
   442     5    147 3      1 2   0.81713548E-02   1.00
   443     5    116 2      1 3   0.81713548E-02   1.00
   444     5    140 2      1 1   0.81713548E-02   1.00
   445     5    124 1      1 2   0.81713548E-02   1.00
   446     5     35 2      1 3   -.81713548E-02   1.00
   447     5     21 3      1 2   -.81713548E-02   1.00
   448     5    159 1      1 2   -.81713548E-02   1.00
   449     5    103 2      1 1   -.81713548E-02   1.00
   450     5    140 1      1 2   0.81713548E-02   1.00
   451     5    124 2      1 1   0.81713548E-02   1.00
   452     5    135 1      1 3   0.81713548E-02   1.00
   453     5    130 3      1 1   0.81713548E-02   1.00
   454     5     47 3      1 1   -.81713548E-02   1.00
   455     5      9 1      1 3   -.81713548E-02   1.00
   456     5     35 3      1 2   -.81713548E-02   1.00
   457     5     21 2      1 3   -.81713548E-02   1.00
   458     5    156 3      1 2   0.81713548E-02   1.00
   459     5    107 2      1 3   0.81713548E-02   1.00
   460     5    135 3      1 1   0.81713548E-02   1.00
   461     5    130 1      1 3   0.81713548E-02   1.00
   462     5    149 1      1 3   -.81713548E-02   1.00
   463     5    114 3      1 1   -.81713548E-02   1.00
   464     5    147 2      1 3   0.81713548E-02   1.00
   465     5    116 3      1 2   0.81713548E-02   1.00
   658     7      1 3      5 3   -.23037857E-01   1.00
   659     7      1 3     51 3   -.23037857E-01   1.00
   660     7      1 3    183 3   -.23037857E-01   1.00
   661     7      1 3     72 3   -.23037857E-01   1.00
   662     7      1 2    178 2   -.23037857E-01   1.00
   663     7      1 2     79 2   -.23037857E-01   1.00
   664     7      1 2     47 2   -.23037857E-01   1.00
   665     7      1 2      9 2   -.23037857E-01   1.00
   666     7      1 1    176 1   -.23037857E-01   1.00
   667     7      1 1     81 1   -.23037857E-01   1.00
   668     7      1 3    159 3   -.23037857E-01   1.00
   669     7      1 3    103 3   -.23037857E-01   1.00
   670     7      1 1    156 1   -.23037857E-01   1.00
   671     7      1 1    107 1   -.23037857E-01   1.00
   672     7      1 2    149 2   -.23037857E-01   1.00
   673     7      1 2    114 2   -.23037857E-01   1.00
   674     7      1 1    147 1   -.23037857E-01   1.00
   675     7      1 1    116 1   -.23037857E-01   1.00
   676     7      1 3    140 3   -.23037857E-01   1.00
   677     7      1 3    124 3   -.23037857E-01   1.00
   678     7      1 1     35 1   -.23037857E-01   1.00
   679     7      1 1     21 1   -.23037857E-01   1.00
   680     7      1 2    135 2   -.23037857E-01   1.00
   681     7      1 2    130 2   -.23037857E-01   1.00
   682     7      5 3      1 3   -.23037857E-01   1.00
   683     7     51 3      1 3   -.23037857E-01   1.00
   684     7    183 3      1 3   -.23037857E-01   1.00
   685     7     72 3      1 3   -.23037857E-01   1.00
   686     7    178 2      1 2   -.23037857E-01   1.00
   687     7     79 2      1 2   -.23037857E-01   1.00
   688     7     47 2      1 2   -.23037857E-01   1.00
   689     7      9 2      1 2   -.23037857E-01   1.00
   690     7    176 1      1 1   -.23037857E-01   1.00
   691     7     81 1      1 1   -.23037857E-01   1.00
   692     7    159 3      1 3   -.23037857E-01   1.00
   693     7    103 3      1 3   -.23037857E-01   1.00
   694     7    156 1      1 1   -.23037857E-01   1.00
   695     7    107 1      1 1   -.23037857E-01   1.00
   696     7    149 2      1 2   -.23037857E-01   1.00
   697     7    114 2      1 2   -.23037857E-01   1.00
   698     7    147 1      1 1   -.23037857E-01   1.00
   699     7    116 1      1 1   -.23037857E-01   1.00
   700     7    140 3      1 3   -.23037857E-01   1.00
   701     7    124 3      1 3   -.23037857E-01   1.00
   702     7     35 1      1 1   -.23037857E-01   1.00
   703     7     21 1      1 1   -.23037857E-01   1.00
   704     7    135 2      1 2   -.23037857E-01   1.00
   705     7    130 2      1 2   -.23037857E-01   1.00
   706     8      1 1      6 1   -.55616823E-01   1.00
   707     8      2 1     51 1   -.55616823E-01   1.00
   708     8      1 1     28 1   -.55616823E-01   1.00
   709     8      2 1     29 1   -.55616823E-01   1.00
   710     8      1 1     24 1   -.55616823E-01   1.00
   711     8      2 1     33 1   -.55616823E-01   1.00
   712     8      1 2     28 2   -.55616823E-01   1.00
   713     8      2 2     29 2   -.55616823E-01   1.00
   714     8      1 2     22 2   -.55616823E-01   1.00
   715     8      2 2     35 2   -.55616823E-01   1.00
   716     8      1 3     24 3   -.55616823E-01   1.00
   717     8      2 3     33 3   -.55616823E-01   1.00
   718     8      1 3     22 3   -.55616823E-01   1.00
   719     8      2 3     35 3   -.55616823E-01   1.00
   720     8      1 2     12 2   -.55616823E-01   1.00
   721     8      2 2     45 2   -.55616823E-01   1.00
   722     8      1 1     10 1   -.55616823E-01   1.00
   723     8      2 1     47 1   -.55616823E-01   1.00
   724     8      1 3     12 3   -.55616823E-01   1.00
   725     8      2 3     45 3   -.55616823E-01   1.00
   726     8      1 3     10 3   -.55616823E-01   1.00
   727     8      2 3     47 3   -.55616823E-01   1.00
   728     8      1 2      6 2   -.55616823E-01   1.00
   729     8      2 2     51 2   -.55616823E-01   1.00
   730     8      6 1      1 1   -.55616823E-01   1.00
   731     8     51 1      2 1   -.55616823E-01   1.00
   732     8     28 1      1 1   -.55616823E-01   1.00
   733     8     29 1      2 1   -.55616823E-01   1.00
   734     8     24 1      1 1   -.55616823E-01   1.00
   735     8     33 1      2 1   -.55616823E-01   1.00
   736     8     28 2      1 2   -.55616823E-01   1.00
   737     8     29 2      2 2   -.55616823E-01   1.00
   738     8     22 2      1 2   -.55616823E-01   1.00
   739     8     35 2      2 2   -.55616823E-01   1.00
   740     8     24 3      1 3   -.55616823E-01   1.00
   741     8     33 3      2 3   -.55616823E-01   1.00
   742     8     22 3      1 3   -.55616823E-01   1.00
   743     8     35 3      2 3   -.55616823E-01   1.00
   744     8     12 2      1 2   -.55616823E-01   1.00
   745     8     45 2      2 2   -.55616823E-01   1.00
   746     8     10 1      1 1   -.55616823E-01   1.00
   747     8     47 1      2 1   -.55616823E-01   1.00
   748     8     12 3      1 3   -.55616823E-01   1.00
   749     8     45 3      2 3   -.55616823E-01   1.00
   750     8     10 3      1 3   -.55616823E-01   1.00
   751     8     47 3      2 3   -.55616823E-01   1.00
   752     8      6 2      1 2   -.55616823E-01   1.00
   753     8     51 2      2 2   -.55616823E-01   1.00
   754     9      1 3      6 3   -.36403510       1.00
   755     9      2 3     51 3   -.36403510       1.00
   756     9      1 3     28 3   -.36403510       1.00
   757     9      2 3     29 3   -.36403510       1.00
   758     9      1 2     24 2   -.36403510       1.00
   759     9      2 2     33 2   -.36403510       1.00
   760     9      1 1     22 1   -.36403510       1.00
   761     9      2 1     35 1   -.36403510       1.00
   762     9      1 1     12 1   -.36403510       1.00
   763     9      2 1     45 1   -.36403510       1.00
   764     9      1 2     10 2   -.36403510       1.00
   765     9      2 2     47 2   -.36403510       1.00
   766     9      6 3      1 3   -.36403510       1.00
   767     9     51 3      2 3   -.36403510       1.00
   768     9     28 3      1 3   -.36403510       1.00
   769     9     29 3      2 3   -.36403510       1.00
   770     9     24 2      1 2   -.36403510       1.00
   771     9     33 2      2 2   -.36403510       1.00
   772     9     22 1      1 1   -.36403510       1.00
   773     9     35 1      2 1   -.36403510       1.00
   774     9     12 1      1 1   -.36403510       1.00
   775     9     45 1      2 1   -.36403510       1.00
   776     9     10 2      1 2   -.36403510       1.00
   777     9     47 2      2 2   -.36403510       1.00
   778    10      1 1      7 1   -.41343226E-01   1.00
   779    10      1 1     49 1   -.41343226E-01   1.00
   780    10      1 1     41 1   -.41343226E-01   1.00
   781    10      1 1     15 1   -.41343226E-01   1.00
   782    10      1 2     49 2   -.41343226E-01   1.00
   783    10      1 2      7 2   -.41343226E-01   1.00
   784    10      1 2     37 2   -.41343226E-01   1.00
   785    10      1 2     19 2   -.41343226E-01   1.00
   786    10      1 3     41 3   -.41343226E-01   1.00
   787    10      1 3     15 3   -.41343226E-01   1.00
   788    10      1 3     37 3   -.41343226E-01   1.00
   789    10      1 3     19 3   -.41343226E-01   1.00
   790    10      7 1      1 1   -.41343226E-01   1.00
   791    10     49 1      1 1   -.41343226E-01   1.00
   792    10     41 1      1 1   -.41343226E-01   1.00
   793    10     15 1      1 1   -.41343226E-01   1.00
   794    10     49 2      1 2   -.41343226E-01   1.00
   795    10      7 2      1 2   -.41343226E-01   1.00
   796    10     37 2      1 2   -.41343226E-01   1.00
   797    10     19 2      1 2   -.41343226E-01   1.00
   798    10     41 3      1 3   -.41343226E-01   1.00
   799    10     15 3      1 3   -.41343226E-01   1.00
   800    10     37 3      1 3   -.41343226E-01   1.00
   801    10     19 3      1 3   -.41343226E-01   1.00
   802    11      1 3      7 3   -.58040573       1.00
   803    11      1 3     49 3   -.58040573       1.00
   804    11      1 2     41 2   -.58040573       1.00
   805    11      1 2     15 2   -.58040573       1.00
   806    11      1 1     37 1   -.58040573       1.00
   807    11      1 1     19 1   -.58040573       1.00
   808    11      7 3      1 3   -.58040573       1.00
   809    11     49 3      1 3   -.58040573       1.00
   810    11     41 2      1 2   -.58040573       1.00
   811    11     15 2      1 2   -.58040573       1.00
   812    11     37 1      1 1   -.58040573       1.00
   813    11     19 1      1 1   -.58040573       1.00
   814    12      1 1     11 1   0.24645175E-01   1.00
   815    12      1 1     45 1   0.24645175E-01   1.00
   816    12      1 2     43 2   0.24645175E-01   1.00
   817    12      1 2     13 2   0.24645175E-01   1.00
   818    12      1 3     39 3   0.24645175E-01   1.00
   819    12      1 3     17 3   0.24645175E-01   1.00
   820    12      1 2     33 2   0.24645175E-01   1.00
   821    12      1 2     23 2   0.24645175E-01   1.00
   822    12      1 1     31 1   0.24645175E-01   1.00
   823    12      1 1     25 1   0.24645175E-01   1.00
   824    12      1 3     29 3   0.24645175E-01   1.00
   825    12      1 3     27 3   0.24645175E-01   1.00
   826    12     11 1      1 1   0.24645175E-01   1.00
   827    12     45 1      1 1   0.24645175E-01   1.00
   828    12     43 2      1 2   0.24645175E-01   1.00
   829    12     13 2      1 2   0.24645175E-01   1.00
   830    12     39 3      1 3   0.24645175E-01   1.00
   831    12     17 3      1 3   0.24645175E-01   1.00
   832    12     33 2      1 2   0.24645175E-01   1.00
   833    12     23 2      1 2   0.24645175E-01   1.00
   834    12     31 1      1 1   0.24645175E-01   1.00
   835    12     25 1      1 1   0.24645175E-01   1.00
   836    12     29 3      1 3   0.24645175E-01   1.00
   837    12     27 3      1 3   0.24645175E-01   1.00
   838    13      1 2     11 2   -.44675450E-01   1.00
   839    13      1 2     45 2   -.44675450E-01   1.00
   840    13      1 3     45 3   -.44675450E-01   1.00
   841    13      1 3     11 3   -.44675450E-01   1.00
   842    13      1 1     43 1   -.44675450E-01   1.00
   843    13      1 1     13 1   -.44675450E-01   1.00
   844    13      1 3     43 3   -.44675450E-01   1.00
   845    13      1 3     13 3   -.44675450E-01   1.00
   846    13      1 1     39 1   -.44675450E-01   1.00
   847    13      1 1     17 1   -.44675450E-01   1.00
   848    13      1 2     39 2   -.44675450E-01   1.00
   849    13      1 2     17 2   -.44675450E-01   1.00
   850    13      1 1     33 1   -.44675450E-01   1.00
   851    13      1 1     23 1   -.44675450E-01   1.00
   852    13      1 3     33 3   -.44675450E-01   1.00
   853    13      1 3     23 3   -.44675450E-01   1.00
   854    13      1 2     31 2   -.44675450E-01   1.00
   855    13      1 2     25 2   -.44675450E-01   1.00
   856    13      1 3     31 3   -.44675450E-01   1.00
   857    13      1 3     25 3   -.44675450E-01   1.00
   858    13      1 1     29 1   -.44675450E-01   1.00
   859    13      1 1     27 1   -.44675450E-01   1.00
   860    13      1 2     29 2   -.44675450E-01   1.00
   861    13      1 2     27 2   -.44675450E-01   1.00
   862    13     11 2      1 2   -.44675450E-01   1.00
   863    13     45 2      1 2   -.44675450E-01   1.00
   864    13     45 3      1 3   -.44675450E-01   1.00
   865    13     11 3      1 3   -.44675450E-01   1.00
   866    13     43 1      1 1   -.44675450E-01   1.00
   867    13     13 1      1 1   -.44675450E-01   1.00
   868    13     43 3      1 3   -.44675450E-01   1.00
   869    13     13 3      1 3   -.44675450E-01   1.00
   870    13     39 1      1 1   -.44675450E-01   1.00
   871    13     17 1      1 1   -.44675450E-01   1.00
   872    13     39 2      1 2   -.44675450E-01   1.00
   873    13     17 2      1 2   -.44675450E-01   1.00
   874    13     33 1      1 1   -.44675450E-01   1.00
   875    13     23 1      1 1   -.44675450E-01   1.00
   876    13     33 3      1 3   -.44675450E-01   1.00
   877    13     23 3      1 3   -.44675450E-01   1.00
   878    13     31 2      1 2   -.44675450E-01   1.00
   879    13     25 2      1 2   -.44675450E-01   1.00
   880    13     31 3      1 3   -.44675450E-01   1.00
   881    13     25 3      1 3   -.44675450E-01   1.00
   882    13     29 1      1 1   -.44675450E-01   1.00
   883    13     27 1      1 1   -.44675450E-01   1.00
   884    13     29 2      1 2   -.44675450E-01   1.00
   885    13     27 2      1 2   -.44675450E-01   1.00
   886    14      1 3     11 2   -.31129051       1.00
   887    14      1 2     45 3   -.31129051       1.00
   888    14      1 3     45 2   -.31129051       1.00
   889    14      1 2     11 3   -.31129051       1.00
   890    14      1 3     43 1   0.31129051       1.00
   891    14      1 1     13 3   0.31129051       1.00
   892    14      1 1     43 3   0.31129051       1.00
   893    14      1 3     13 1   0.31129051       1.00
   894    14      1 2     39 1   0.31129051       1.00
   895    14      1 1     17 2   0.31129051       1.00
   896    14      1 1     39 2   0.31129051       1.00
   897    14      1 2     17 1   0.31129051       1.00
   898    14      1 3     33 1   -.31129051       1.00
   899    14      1 1     23 3   -.31129051       1.00
   900    14      1 1     33 3   -.31129051       1.00
   901    14      1 3     23 1   -.31129051       1.00
   902    14      1 3     31 2   0.31129051       1.00
   903    14      1 2     25 3   0.31129051       1.00
   904    14      1 2     31 3   0.31129051       1.00
   905    14      1 3     25 2   0.31129051       1.00
   906    14      1 2     29 1   -.31129051       1.00
   907    14      1 1     27 2   -.31129051       1.00
   908    14      1 1     29 2   -.31129051       1.00
   909    14      1 2     27 1   -.31129051       1.00
   910    14     11 2      1 3   -.31129051       1.00
   911    14     45 3      1 2   -.31129051       1.00
   912    14     45 2      1 3   -.31129051       1.00
   913    14     11 3      1 2   -.31129051       1.00
   914    14     43 1      1 3   0.31129051       1.00
   915    14     13 3      1 1   0.31129051       1.00
   916    14     43 3      1 1   0.31129051       1.00
   917    14     13 1      1 3   0.31129051       1.00
   918    14     39 1      1 2   0.31129051       1.00
   919    14     17 2      1 1   0.31129051       1.00
   920    14     39 2      1 1   0.31129051       1.00
   921    14     17 1      1 2   0.31129051       1.00
   922    14     33 1      1 3   -.31129051       1.00
   923    14     23 3      1 1   -.31129051       1.00
   924    14     33 3      1 1   -.31129051       1.00
   925    14     23 1      1 3   -.31129051       1.00
   926    14     31 2      1 3   0.31129051       1.00
   927    14     25 3      1 2   0.31129051       1.00
   928    14     31 3      1 2   0.31129051       1.00
   929    14     25 2      1 3   0.31129051       1.00
   930    14     29 1      1 2   -.31129051       1.00
   931    14     27 2      1 1   -.31129051       1.00
   932    14     29 2      1 1   -.31129051       1.00
   933    14     27 1      1 2   -.31129051       1.00
   934    15      1 1     14 1   0.46302863E-01   1.00
   935    15      2 1     43 1   0.46302863E-01   1.00
   936    15      1 1     80 1   0.46302863E-01   1.00
   937    15      2 1    178 1   0.46302863E-01   1.00
   938    15      1 1     73 1   0.46302863E-01   1.00
   939    15      2 1    183 1   0.46302863E-01   1.00
   940    15      1 1    129 1   0.46302863E-01   1.00
   941    15      2 1    137 1   0.46302863E-01   1.00
   942    15      1 1    121 1   0.46302863E-01   1.00
   943    15      2 1    143 1   0.46302863E-01   1.00
   944    15      1 2     78 2   0.46302863E-01   1.00
   945    15      2 2    180 2   0.46302863E-01   1.00
   946    15      1 2     69 2   0.46302863E-01   1.00
   947    15      2 2    186 2   0.46302863E-01   1.00
   948    15      1 2     26 2   0.46302863E-01   1.00
   949    15      2 2     31 2   0.46302863E-01   1.00
   950    15      1 2    125 2   0.46302863E-01   1.00
   951    15      2 2    140 2   0.46302863E-01   1.00
   952    15      1 3     64 3   0.46302863E-01   1.00
   953    15      2 3    189 3   0.46302863E-01   1.00
   954    15      1 3     62 3   0.46302863E-01   1.00
   955    15      2 3    190 3   0.46302863E-01   1.00
   956    15      1 3     32 3   0.46302863E-01   1.00
   957    15      2 3     25 3   0.46302863E-01   1.00
   958    15      1 3    136 3   0.46302863E-01   1.00
   959    15      2 3    130 3   0.46302863E-01   1.00
   960    15      1 2    106 2   0.46302863E-01   1.00
   961    15      2 2    158 2   0.46302863E-01   1.00
   962    15      1 2    148 2   0.46302863E-01   1.00
   963    15      2 2    116 2   0.46302863E-01   1.00
   964    15      1 1    146 1   0.46302863E-01   1.00
   965    15      2 1    118 1   0.46302863E-01   1.00
   966    15      1 3     97 3   0.46302863E-01   1.00
   967    15      2 3    164 3   0.46302863E-01   1.00
   968    15      1 3    157 3   0.46302863E-01   1.00
   969    15      2 3    107 3   0.46302863E-01   1.00
   970    15      1 3     99 3   0.46302863E-01   1.00
   971    15      2 3    163 3   0.46302863E-01   1.00
   972    15      1 3     44 3   0.46302863E-01   1.00
   973    15      2 3     13 3   0.46302863E-01   1.00
   974    15      1 1     18 1   0.46302863E-01   1.00
   975    15      2 1     39 1   0.46302863E-01   1.00
   976    15      1 1    154 1   0.46302863E-01   1.00
   977    15      2 1    111 1   0.46302863E-01   1.00
   978    15      1 2    110 2   0.46302863E-01   1.00
   979    15      2 2    155 2   0.46302863E-01   1.00
   980    15      1 2     40 2   0.46302863E-01   1.00
   981    15      2 2     17 2   0.46302863E-01   1.00
   982    15     14 1      1 1   0.46302863E-01   1.00
   983    15     43 1      2 1   0.46302863E-01   1.00
   984    15     80 1      1 1   0.46302863E-01   1.00
   985    15    178 1      2 1   0.46302863E-01   1.00
   986    15     73 1      1 1   0.46302863E-01   1.00
   987    15    183 1      2 1   0.46302863E-01   1.00
   988    15    129 1      1 1   0.46302863E-01   1.00
   989    15    137 1      2 1   0.46302863E-01   1.00
   990    15    121 1      1 1   0.46302863E-01   1.00
   991    15    143 1      2 1   0.46302863E-01   1.00
   992    15     78 2      1 2   0.46302863E-01   1.00
   993    15    180 2      2 2   0.46302863E-01   1.00
   994    15     69 2      1 2   0.46302863E-01   1.00
   995    15    186 2      2 2   0.46302863E-01   1.00
   996    15     26 2      1 2   0.46302863E-01   1.00
   997    15     31 2      2 2   0.46302863E-01   1.00
   998    15    125 2      1 2   0.46302863E-01   1.00
   999    15    140 2      2 2   0.46302863E-01   1.00
  1000    15     64 3      1 3   0.46302863E-01   1.00
  1001    15    189 3      2 3   0.46302863E-01   1.00
  1002    15     62 3      1 3   0.46302863E-01   1.00
  1003    15    190 3      2 3   0.46302863E-01   1.00
  1004    15     32 3      1 3   0.46302863E-01   1.00
  1005    15     25 3      2 3   0.46302863E-01   1.00
  1006    15    136 3      1 3   0.46302863E-01   1.00
  1007    15    130 3      2 3   0.46302863E-01   1.00
  1008    15    106 2      1 2   0.46302863E-01   1.00
  1009    15    158 2      2 2   0.46302863E-01   1.00
  1010    15    148 2      1 2   0.46302863E-01   1.00
  1011    15    116 2      2 2   0.46302863E-01   1.00
  1012    15    146 1      1 1   0.46302863E-01   1.00
  1013    15    118 1      2 1   0.46302863E-01   1.00
  1014    15     97 3      1 3   0.46302863E-01   1.00
  1015    15    164 3      2 3   0.46302863E-01   1.00
  1016    15    157 3      1 3   0.46302863E-01   1.00
  1017    15    107 3      2 3   0.46302863E-01   1.00
  1018    15     99 3      1 3   0.46302863E-01   1.00
  1019    15    163 3      2 3   0.46302863E-01   1.00
  1020    15     44 3      1 3   0.46302863E-01   1.00
  1021    15     13 3      2 3   0.46302863E-01   1.00
  1022    15     18 1      1 1   0.46302863E-01   1.00
  1023    15     39 1      2 1   0.46302863E-01   1.00
  1024    15    154 1      1 1   0.46302863E-01   1.00
  1025    15    111 1      2 1   0.46302863E-01   1.00
  1026    15    110 2      1 2   0.46302863E-01   1.00
  1027    15    155 2      2 2   0.46302863E-01   1.00
  1028    15     40 2      1 2   0.46302863E-01   1.00
  1029    15     17 2      2 2   0.46302863E-01   1.00
  1222    18      1 2     14 2   0.18753434E-01   1.00
  1223    18      2 2     43 2   0.18753434E-01   1.00
  1224    18      1 2     80 2   0.18753434E-01   1.00
  1225    18      2 2    178 2   0.18753434E-01   1.00
  1226    18      1 3     73 3   0.18753434E-01   1.00
  1227    18      2 3    183 3   0.18753434E-01   1.00
  1228    18      1 2    129 2   0.18753434E-01   1.00
  1229    18      2 2    137 2   0.18753434E-01   1.00
  1230    18      1 3    121 3   0.18753434E-01   1.00
  1231    18      2 3    143 3   0.18753434E-01   1.00
  1232    18      1 1     78 1   0.18753434E-01   1.00
  1233    18      2 1    180 1   0.18753434E-01   1.00
  1234    18      1 3     69 3   0.18753434E-01   1.00
  1235    18      2 3    186 3   0.18753434E-01   1.00
  1236    18      1 1     26 1   0.18753434E-01   1.00
  1237    18      2 1     31 1   0.18753434E-01   1.00
  1238    18      1 3    125 3   0.18753434E-01   1.00
  1239    18      2 3    140 3   0.18753434E-01   1.00
  1240    18      1 1     64 1   0.18753434E-01   1.00
  1241    18      2 1    189 1   0.18753434E-01   1.00
  1242    18      1 2     62 2   0.18753434E-01   1.00
  1243    18      2 2    190 2   0.18753434E-01   1.00
  1244    18      1 1     32 1   0.18753434E-01   1.00
  1245    18      2 1     25 1   0.18753434E-01   1.00
  1246    18      1 2    136 2   0.18753434E-01   1.00
  1247    18      2 2    130 2   0.18753434E-01   1.00
  1248    18      1 1    106 1   0.18753434E-01   1.00
  1249    18      2 1    158 1   0.18753434E-01   1.00
  1250    18      1 1    148 1   0.18753434E-01   1.00
  1251    18      2 1    116 1   0.18753434E-01   1.00
  1252    18      1 2    146 2   0.18753434E-01   1.00
  1253    18      2 2    118 2   0.18753434E-01   1.00
  1254    18      1 1     97 1   0.18753434E-01   1.00
  1255    18      2 1    164 1   0.18753434E-01   1.00
  1256    18      1 1    157 1   0.18753434E-01   1.00
  1257    18      2 1    107 1   0.18753434E-01   1.00
  1258    18      1 2     99 2   0.18753434E-01   1.00
  1259    18      2 2    163 2   0.18753434E-01   1.00
  1260    18      1 2     44 2   0.18753434E-01   1.00
  1261    18      2 2     13 2   0.18753434E-01   1.00
  1262    18      1 3     18 3   0.18753434E-01   1.00
  1263    18      2 3     39 3   0.18753434E-01   1.00
  1264    18      1 3    154 3   0.18753434E-01   1.00
  1265    18      2 3    111 3   0.18753434E-01   1.00
  1266    18      1 3    110 3   0.18753434E-01   1.00
  1267    18      2 3    155 3   0.18753434E-01   1.00
  1268    18      1 3     40 3   0.18753434E-01   1.00
  1269    18      2 3     17 3   0.18753434E-01   1.00
  1270    18     14 2      1 2   0.18753434E-01   1.00
  1271    18     43 2      2 2   0.18753434E-01   1.00
  1272    18     80 2      1 2   0.18753434E-01   1.00
  1273    18    178 2      2 2   0.18753434E-01   1.00
  1274    18     73 3      1 3   0.18753434E-01   1.00
  1275    18    183 3      2 3   0.18753434E-01   1.00
  1276    18    129 2      1 2   0.18753434E-01   1.00
  1277    18    137 2      2 2   0.18753434E-01   1.00
  1278    18    121 3      1 3   0.18753434E-01   1.00
  1279    18    143 3      2 3   0.18753434E-01   1.00
  1280    18     78 1      1 1   0.18753434E-01   1.00
  1281    18    180 1      2 1   0.18753434E-01   1.00
  1282    18     69 3      1 3   0.18753434E-01   1.00
  1283    18    186 3      2 3   0.18753434E-01   1.00
  1284    18     26 1      1 1   0.18753434E-01   1.00
  1285    18     31 1      2 1   0.18753434E-01   1.00
  1286    18    125 3      1 3   0.18753434E-01   1.00
  1287    18    140 3      2 3   0.18753434E-01   1.00
  1288    18     64 1      1 1   0.18753434E-01   1.00
  1289    18    189 1      2 1   0.18753434E-01   1.00
  1290    18     62 2      1 2   0.18753434E-01   1.00
  1291    18    190 2      2 2   0.18753434E-01   1.00
  1292    18     32 1      1 1   0.18753434E-01   1.00
  1293    18     25 1      2 1   0.18753434E-01   1.00
  1294    18    136 2      1 2   0.18753434E-01   1.00
  1295    18    130 2      2 2   0.18753434E-01   1.00
  1296    18    106 1      1 1   0.18753434E-01   1.00
  1297    18    158 1      2 1   0.18753434E-01   1.00
  1298    18    148 1      1 1   0.18753434E-01   1.00
  1299    18    116 1      2 1   0.18753434E-01   1.00
  1300    18    146 2      1 2   0.18753434E-01   1.00
  1301    18    118 2      2 2   0.18753434E-01   1.00
  1302    18     97 1      1 1   0.18753434E-01   1.00
  1303    18    164 1      2 1   0.18753434E-01   1.00
  1304    18    157 1      1 1   0.18753434E-01   1.00
  1305    18    107 1      2 1   0.18753434E-01   1.00
  1306    18     99 2      1 2   0.18753434E-01   1.00
  1307    18    163 2      2 2   0.18753434E-01   1.00
  1308    18     44 2      1 2   0.18753434E-01   1.00
  1309    18     13 2      2 2   0.18753434E-01   1.00
  1310    18     18 3      1 3   0.18753434E-01   1.00
  1311    18     39 3      2 3   0.18753434E-01   1.00
  1312    18    154 3      1 3   0.18753434E-01   1.00
  1313    18    111 3      2 3   0.18753434E-01   1.00
  1314    18    110 3      1 3   0.18753434E-01   1.00
  1315    18    155 3      2 3   0.18753434E-01   1.00
  1316    18     40 3      1 3   0.18753434E-01   1.00
  1317    18     17 3      2 3   0.18753434E-01   1.00
  1318    19      1 3     14 3   -.85582999E-03   1.00
  1319    19      2 3     43 3   -.85582999E-03   1.00
  1320    19      1 3     80 3   -.85582999E-03   1.00
  1321    19      2 3    178 3   -.85582999E-03   1.00
  1322    19      1 2     73 2   -.85582999E-03   1.00
  1323    19      2 2    183 2   -.85582999E-03   1.00
  1324    19      1 3    129 3   -.85582999E-03   1.00
  1325    19      2 3    137 3   -.85582999E-03   1.00
  1326    19      1 2    121 2   -.85582999E-03   1.00
  1327    19      2 2    143 2   -.85582999E-03   1.00
  1328    19      1 3     78 3   -.85582999E-03   1.00
  1329    19      2 3    180 3   -.85582999E-03   1.00
  1330    19      1 1     69 1   -.85582999E-03   1.00
  1331    19      2 1    186 1   -.85582999E-03   1.00
  1332    19      1 3     26 3   -.85582999E-03   1.00
  1333    19      2 3     31 3   -.85582999E-03   1.00
  1334    19      1 1    125 1   -.85582999E-03   1.00
  1335    19      2 1    140 1   -.85582999E-03   1.00
  1336    19      1 2     64 2   -.85582999E-03   1.00
  1337    19      2 2    189 2   -.85582999E-03   1.00
  1338    19      1 1     62 1   -.85582999E-03   1.00
  1339    19      2 1    190 1   -.85582999E-03   1.00
  1340    19      1 2     32 2   -.85582999E-03   1.00
  1341    19      2 2     25 2   -.85582999E-03   1.00
  1342    19      1 1    136 1   -.85582999E-03   1.00
  1343    19      2 1    130 1   -.85582999E-03   1.00
  1344    19      1 3    106 3   -.85582999E-03   1.00
  1345    19      2 3    158 3   -.85582999E-03   1.00
  1346    19      1 3    148 3   -.85582999E-03   1.00
  1347    19      2 3    116 3   -.85582999E-03   1.00
  1348    19      1 3    146 3   -.85582999E-03   1.00
  1349    19      2 3    118 3   -.85582999E-03   1.00
  1350    19      1 2     97 2   -.85582999E-03   1.00
  1351    19      2 2    164 2   -.85582999E-03   1.00
  1352    19      1 2    157 2   -.85582999E-03   1.00
  1353    19      2 2    107 2   -.85582999E-03   1.00
  1354    19      1 1     99 1   -.85582999E-03   1.00
  1355    19      2 1    163 1   -.85582999E-03   1.00
  1356    19      1 1     44 1   -.85582999E-03   1.00
  1357    19      2 1     13 1   -.85582999E-03   1.00
  1358    19      1 2     18 2   -.85582999E-03   1.00
  1359    19      2 2     39 2   -.85582999E-03   1.00
  1360    19      1 2    154 2   -.85582999E-03   1.00
  1361    19      2 2    111 2   -.85582999E-03   1.00
  1362    19      1 1    110 1   -.85582999E-03   1.00
  1363    19      2 1    155 1   -.85582999E-03   1.00
  1364    19      1 1     40 1   -.85582999E-03   1.00
  1365    19      2 1     17 1   -.85582999E-03   1.00
  1366    19     14 3      1 3   -.85582999E-03   1.00
  1367    19     43 3      2 3   -.85582999E-03   1.00
  1368    19     80 3      1 3   -.85582999E-03   1.00
  1369    19    178 3      2 3   -.85582999E-03   1.00
  1370    19     73 2      1 2   -.85582999E-03   1.00
  1371    19    183 2      2 2   -.85582999E-03   1.00
  1372    19    129 3      1 3   -.85582999E-03   1.00
  1373    19    137 3      2 3   -.85582999E-03   1.00
  1374    19    121 2      1 2   -.85582999E-03   1.00
  1375    19    143 2      2 2   -.85582999E-03   1.00
  1376    19     78 3      1 3   -.85582999E-03   1.00
  1377    19    180 3      2 3   -.85582999E-03   1.00
  1378    19     69 1      1 1   -.85582999E-03   1.00
  1379    19    186 1      2 1   -.85582999E-03   1.00
  1380    19     26 3      1 3   -.85582999E-03   1.00
  1381    19     31 3      2 3   -.85582999E-03   1.00
  1382    19    125 1      1 1   -.85582999E-03   1.00
  1383    19    140 1      2 1   -.85582999E-03   1.00
  1384    19     64 2      1 2   -.85582999E-03   1.00
  1385    19    189 2      2 2   -.85582999E-03   1.00
  1386    19     62 1      1 1   -.85582999E-03   1.00
  1387    19    190 1      2 1   -.85582999E-03   1.00
  1388    19     32 2      1 2   -.85582999E-03   1.00
  1389    19     25 2      2 2   -.85582999E-03   1.00
  1390    19    136 1      1 1   -.85582999E-03   1.00
  1391    19    130 1      2 1   -.85582999E-03   1.00
  1392    19    106 3      1 3   -.85582999E-03   1.00
  1393    19    158 3      2 3   -.85582999E-03   1.00
  1394    19    148 3      1 3   -.85582999E-03   1.00
  1395    19    116 3      2 3   -.85582999E-03   1.00
  1396    19    146 3      1 3   -.85582999E-03   1.00
  1397    19    118 3      2 3   -.85582999E-03   1.00
  1398    19     97 2      1 2   -.85582999E-03   1.00
  1399    19    164 2      2 2   -.85582999E-03   1.00
  1400    19    157 2      1 2   -.85582999E-03   1.00
  1401    19    107 2      2 2   -.85582999E-03   1.00
  1402    19     99 1      1 1   -.85582999E-03   1.00
  1403    19    163 1      2 1   -.85582999E-03   1.00
  1404    19     44 1      1 1   -.85582999E-03   1.00
  1405    19     13 1      2 1   -.85582999E-03   1.00
  1406    19     18 2      1 2   -.85582999E-03   1.00
  1407    19     39 2      2 2   -.85582999E-03   1.00
  1408    19    154 2      1 2   -.85582999E-03   1.00
  1409    19    111 2      2 2   -.85582999E-03   1.00
  1410    19    110 1      1 1   -.85582999E-03   1.00
  1411    19    155 1      2 1   -.85582999E-03   1.00
  1412    19     40 1      1 1   -.85582999E-03   1.00
  1413    19     17 1      2 1   -.85582999E-03   1.00
  1414    20      1 1     70 1   0.81928739E-03   1.00
  1415    20      1 1    185 1   0.81928739E-03   1.00
  1416    20      1 2    181 2   0.81928739E-03   1.00
  1417    20      1 2     74 2   0.81928739E-03   1.00
  1418    20      1 3    169 3   0.81928739E-03   1.00
  1419    20      1 3     89 3   0.81928739E-03   1.00
  1420    20      1 2    142 2   0.81928739E-03   1.00
  1421    20      1 2    122 2   0.81928739E-03   1.00
  1422    20      1 1    138 1   0.81928739E-03   1.00
  1423    20      1 1    126 1   0.81928739E-03   1.00
  1424    20      1 3    134 3   0.81928739E-03   1.00
  1425    20      1 3    132 3   0.81928739E-03   1.00
  1426    20     70 1      1 1   0.81928739E-03   1.00
  1427    20    185 1      1 1   0.81928739E-03   1.00
  1428    20    181 2      1 2   0.81928739E-03   1.00
  1429    20     74 2      1 2   0.81928739E-03   1.00
  1430    20    169 3      1 3   0.81928739E-03   1.00
  1431    20     89 3      1 3   0.81928739E-03   1.00
  1432    20    142 2      1 2   0.81928739E-03   1.00
  1433    20    122 2      1 2   0.81928739E-03   1.00
  1434    20    138 1      1 1   0.81928739E-03   1.00
  1435    20    126 1      1 1   0.81928739E-03   1.00
  1436    20    134 3      1 3   0.81928739E-03   1.00
  1437    20    132 3      1 3   0.81928739E-03   1.00
  1438    21      1 2     70 2   -.15314710E-01   1.00
  1439    21      1 2    185 2   -.15314710E-01   1.00
  1440    21      1 3    185 3   -.15314710E-01   1.00
  1441    21      1 3     70 3   -.15314710E-01   1.00
  1442    21      1 1    181 1   -.15314710E-01   1.00
  1443    21      1 1     74 1   -.15314710E-01   1.00
  1444    21      1 3    181 3   -.15314710E-01   1.00
  1445    21      1 3     74 3   -.15314710E-01   1.00
  1446    21      1 1    169 1   -.15314710E-01   1.00
  1447    21      1 1     89 1   -.15314710E-01   1.00
  1448    21      1 2    169 2   -.15314710E-01   1.00
  1449    21      1 2     89 2   -.15314710E-01   1.00
  1450    21      1 1    142 1   -.15314710E-01   1.00
  1451    21      1 1    122 1   -.15314710E-01   1.00
  1452    21      1 3    142 3   -.15314710E-01   1.00
  1453    21      1 3    122 3   -.15314710E-01   1.00
  1454    21      1 2    138 2   -.15314710E-01   1.00
  1455    21      1 2    126 2   -.15314710E-01   1.00
  1456    21      1 3    138 3   -.15314710E-01   1.00
  1457    21      1 3    126 3   -.15314710E-01   1.00
  1458    21      1 1    134 1   -.15314710E-01   1.00
  1459    21      1 1    132 1   -.15314710E-01   1.00
  1460    21      1 2    134 2   -.15314710E-01   1.00
  1461    21      1 2    132 2   -.15314710E-01   1.00
  1462    21     70 2      1 2   -.15314710E-01   1.00
  1463    21    185 2      1 2   -.15314710E-01   1.00
  1464    21    185 3      1 3   -.15314710E-01   1.00
  1465    21     70 3      1 3   -.15314710E-01   1.00
  1466    21    181 1      1 1   -.15314710E-01   1.00
  1467    21     74 1      1 1   -.15314710E-01   1.00
  1468    21    181 3      1 3   -.15314710E-01   1.00
  1469    21     74 3      1 3   -.15314710E-01   1.00
  1470    21    169 1      1 1   -.15314710E-01   1.00
  1471    21     89 1      1 1   -.15314710E-01   1.00
  1472    21    169 2      1 2   -.15314710E-01   1.00
  1473    21     89 2      1 2   -.15314710E-01   1.00
  1474    21    142 1      1 1   -.15314710E-01   1.00
  1475    21    122 1      1 1   -.15314710E-01   1.00
  1476    21    142 3      1 3   -.15314710E-01   1.00
  1477    21    122 3      1 3   -.15314710E-01   1.00
  1478    21    138 2      1 2   -.15314710E-01   1.00
  1479    21    126 2      1 2   -.15314710E-01   1.00
  1480    21    138 3      1 3   -.15314710E-01   1.00
  1481    21    126 3      1 3   -.15314710E-01   1.00
  1482    21    134 1      1 1   -.15314710E-01   1.00
  1483    21    132 1      1 1   -.15314710E-01   1.00
  1484    21    134 2      1 2   -.15314710E-01   1.00
  1485    21    132 2      1 2   -.15314710E-01   1.00
  1534    23      2 1      2 1    2.8934220       1.00
  1535    23      2 2      2 2    2.8934220       1.00
  1536    23      2 3      2 3    2.8934220       1.00
  1537    24      2 1      6 1   -.43416184E-02   1.00
  1538    24      2 1     52 1   -.43416184E-02   1.00
  1539    24      2 1    184 1   -.43416184E-02   1.00
  1540    24      2 1     73 1   -.43416184E-02   1.00
  1541    24      2 1    179 1   -.43416184E-02   1.00
  1542    24      2 1     80 1   -.43416184E-02   1.00
  1543    24      2 1     48 1   -.43416184E-02   1.00
  1544    24      2 1     10 1   -.43416184E-02   1.00
  1545    24      2 2    184 2   -.43416184E-02   1.00
  1546    24      2 2     73 2   -.43416184E-02   1.00
  1547    24      2 2    177 2   -.43416184E-02   1.00
  1548    24      2 2     82 2   -.43416184E-02   1.00
  1549    24      2 2    160 2   -.43416184E-02   1.00
  1550    24      2 2    104 2   -.43416184E-02   1.00
  1551    24      2 2    157 2   -.43416184E-02   1.00
  1552    24      2 2    108 2   -.43416184E-02   1.00
  1553    24      2 3    179 3   -.43416184E-02   1.00
  1554    24      2 3     80 3   -.43416184E-02   1.00
  1555    24      2 3    177 3   -.43416184E-02   1.00
  1556    24      2 3     82 3   -.43416184E-02   1.00
  1557    24      2 3    150 3   -.43416184E-02   1.00
  1558    24      2 3    115 3   -.43416184E-02   1.00
  1559    24      2 3    148 3   -.43416184E-02   1.00
  1560    24      2 3    117 3   -.43416184E-02   1.00
  1561    24      2 2     52 2   -.43416184E-02   1.00
  1562    24      2 2      6 2   -.43416184E-02   1.00
  1563    24      2 2    141 2   -.43416184E-02   1.00
  1564    24      2 2    125 2   -.43416184E-02   1.00
  1565    24      2 2     36 2   -.43416184E-02   1.00
  1566    24      2 2     22 2   -.43416184E-02   1.00
  1567    24      2 2    117 2   -.43416184E-02   1.00
  1568    24      2 2    148 2   -.43416184E-02   1.00
  1569    24      2 1    160 1   -.43416184E-02   1.00
  1570    24      2 1    104 1   -.43416184E-02   1.00
  1571    24      2 1    141 1   -.43416184E-02   1.00
  1572    24      2 1    125 1   -.43416184E-02   1.00
  1573    24      2 1    136 1   -.43416184E-02   1.00
  1574    24      2 1    131 1   -.43416184E-02   1.00
  1575    24      2 1    115 1   -.43416184E-02   1.00
  1576    24      2 1    150 1   -.43416184E-02   1.00
  1577    24      2 3     48 3   -.43416184E-02   1.00
  1578    24      2 3     10 3   -.43416184E-02   1.00
  1579    24      2 3     36 3   -.43416184E-02   1.00
  1580    24      2 3     22 3   -.43416184E-02   1.00
  1581    24      2 3    131 3   -.43416184E-02   1.00
  1582    24      2 3    136 3   -.43416184E-02   1.00
  1583    24      2 3    108 3   -.43416184E-02   1.00
  1584    24      2 3    157 3   -.43416184E-02   1.00
  1585    24      6 1      2 1   -.43416184E-02   1.00
  1586    24     52 1      2 1   -.43416184E-02   1.00
  1587    24    184 1      2 1   -.43416184E-02   1.00
  1588    24     73 1      2 1   -.43416184E-02   1.00
  1589    24    179 1      2 1   -.43416184E-02   1.00
  1590    24     80 1      2 1   -.43416184E-02   1.00
  1591    24     48 1      2 1   -.43416184E-02   1.00
  1592    24     10 1      2 1   -.43416184E-02   1.00
  1593    24    184 2      2 2   -.43416184E-02   1.00
  1594    24     73 2      2 2   -.43416184E-02   1.00
  1595    24    177 2      2 2   -.43416184E-02   1.00
  1596    24     82 2      2 2   -.43416184E-02   1.00
  1597    24    160 2      2 2   -.43416184E-02   1.00
  1598    24    104 2      2 2   -.43416184E-02   1.00
  1599    24    157 2      2 2   -.43416184E-02   1.00
  1600    24    108 2      2 2   -.43416184E-02   1.00
  1601    24    179 3      2 3   -.43416184E-02   1.00
  1602    24     80 3      2 3   -.43416184E-02   1.00
  1603    24    177 3      2 3   -.43416184E-02   1.00
  1604    24     82 3      2 3   -.43416184E-02   1.00
  1605    24    150 3      2 3   -.43416184E-02   1.00
  1606    24    115 3      2 3   -.43416184E-02   1.00
  1607    24    148 3      2 3   -.43416184E-02   1.00
  1608    24    117 3      2 3   -.43416184E-02   1.00
  1609    24     52 2      2 2   -.43416184E-02   1.00
  1610    24      6 2      2 2   -.43416184E-02   1.00
  1611    24    141 2      2 2   -.43416184E-02   1.00
  1612    24    125 2      2 2   -.43416184E-02   1.00
  1613    24     36 2      2 2   -.43416184E-02   1.00
  1614    24     22 2      2 2   -.43416184E-02   1.00
  1615    24    117 2      2 2   -.43416184E-02   1.00
  1616    24    148 2      2 2   -.43416184E-02   1.00
  1617    24    160 1      2 1   -.43416184E-02   1.00
  1618    24    104 1      2 1   -.43416184E-02   1.00
  1619    24    141 1      2 1   -.43416184E-02   1.00
  1620    24    125 1      2 1   -.43416184E-02   1.00
  1621    24    136 1      2 1   -.43416184E-02   1.00
  1622    24    131 1      2 1   -.43416184E-02   1.00
  1623    24    115 1      2 1   -.43416184E-02   1.00
  1624    24    150 1      2 1   -.43416184E-02   1.00
  1625    24     48 3      2 3   -.43416184E-02   1.00
  1626    24     10 3      2 3   -.43416184E-02   1.00
  1627    24     36 3      2 3   -.43416184E-02   1.00
  1628    24     22 3      2 3   -.43416184E-02   1.00
  1629    24    131 3      2 3   -.43416184E-02   1.00
  1630    24    136 3      2 3   -.43416184E-02   1.00
  1631    24    108 3      2 3   -.43416184E-02   1.00
  1632    24    157 3      2 3   -.43416184E-02   1.00
  1633    25      2 2      6 1   -.58440632E-02   1.00
  1634    25      2 1     52 2   -.58440632E-02   1.00
  1635    25      2 2    184 1   0.58440632E-02   1.00
  1636    25      2 1     73 2   0.58440632E-02   1.00
  1637    25      2 3    179 1   0.58440632E-02   1.00
  1638    25      2 1     80 3   0.58440632E-02   1.00
  1639    25      2 2     52 1   -.58440632E-02   1.00
  1640    25      2 1      6 2   -.58440632E-02   1.00
  1641    25      2 3     48 1   -.58440632E-02   1.00
  1642    25      2 1     10 3   -.58440632E-02   1.00
  1643    25      2 1    184 2   0.58440632E-02   1.00
  1644    25      2 2     73 1   0.58440632E-02   1.00
  1645    25      2 3    177 2   -.58440632E-02   1.00
  1646    25      2 2     82 3   -.58440632E-02   1.00
  1647    25      2 1    160 2   -.58440632E-02   1.00
  1648    25      2 2    104 1   -.58440632E-02   1.00
  1649    25      2 3    157 2   0.58440632E-02   1.00
  1650    25      2 2    108 3   0.58440632E-02   1.00
  1651    25      2 1    179 3   0.58440632E-02   1.00
  1652    25      2 3     80 1   0.58440632E-02   1.00
  1653    25      2 2    177 3   -.58440632E-02   1.00
  1654    25      2 3     82 2   -.58440632E-02   1.00
  1655    25      2 1    150 3   -.58440632E-02   1.00
  1656    25      2 3    115 1   -.58440632E-02   1.00
  1657    25      2 2    148 3   0.58440632E-02   1.00
  1658    25      2 3    117 2   0.58440632E-02   1.00
  1659    25      2 1    141 2   0.58440632E-02   1.00
  1660    25      2 2    125 1   0.58440632E-02   1.00
  1661    25      2 3     36 2   -.58440632E-02   1.00
  1662    25      2 2     22 3   -.58440632E-02   1.00
  1663    25      2 2    160 1   -.58440632E-02   1.00
  1664    25      2 1    104 2   -.58440632E-02   1.00
  1665    25      2 2    141 1   0.58440632E-02   1.00
  1666    25      2 1    125 2   0.58440632E-02   1.00
  1667    25      2 3    136 1   0.58440632E-02   1.00
  1668    25      2 1    131 3   0.58440632E-02   1.00
  1669    25      2 1     48 3   -.58440632E-02   1.00
  1670    25      2 3     10 1   -.58440632E-02   1.00
  1671    25      2 2     36 3   -.58440632E-02   1.00
  1672    25      2 3     22 2   -.58440632E-02   1.00
  1673    25      2 2    157 3   0.58440632E-02   1.00
  1674    25      2 3    108 2   0.58440632E-02   1.00
  1675    25      2 1    136 3   0.58440632E-02   1.00
  1676    25      2 3    131 1   0.58440632E-02   1.00
  1677    25      2 3    150 1   -.58440632E-02   1.00
  1678    25      2 1    115 3   -.58440632E-02   1.00
  1679    25      2 3    148 2   0.58440632E-02   1.00
  1680    25      2 2    117 3   0.58440632E-02   1.00
  1681    25      6 1      2 2   -.58440632E-02   1.00
  1682    25     52 2      2 1   -.58440632E-02   1.00
  1683    25    184 1      2 2   0.58440632E-02   1.00
  1684    25     73 2      2 1   0.58440632E-02   1.00
  1685    25    179 1      2 3   0.58440632E-02   1.00
  1686    25     80 3      2 1   0.58440632E-02   1.00
  1687    25     52 1      2 2   -.58440632E-02   1.00
  1688    25      6 2      2 1   -.58440632E-02   1.00
  1689    25     48 1      2 3   -.58440632E-02   1.00
  1690    25     10 3      2 1   -.58440632E-02   1.00
  1691    25    184 2      2 1   0.58440632E-02   1.00
  1692    25     73 1      2 2   0.58440632E-02   1.00
  1693    25    177 2      2 3   -.58440632E-02   1.00
  1694    25     82 3      2 2   -.58440632E-02   1.00
  1695    25    160 2      2 1   -.58440632E-02   1.00
  1696    25    104 1      2 2   -.58440632E-02   1.00
  1697    25    157 2      2 3   0.58440632E-02   1.00
  1698    25    108 3      2 2   0.58440632E-02   1.00
  1699    25    179 3      2 1   0.58440632E-02   1.00
  1700    25     80 1      2 3   0.58440632E-02   1.00
  1701    25    177 3      2 2   -.58440632E-02   1.00
  1702    25     82 2      2 3   -.58440632E-02   1.00
  1703    25    150 3      2 1   -.58440632E-02   1.00
  1704    25    115 1      2 3   -.58440632E-02   1.00
  1705    25    148 3      2 2   0.58440632E-02   1.00
  1706    25    117 2      2 3   0.58440632E-02   1.00
  1707    25    141 2      2 1   0.58440632E-02   1.00
  1708    25    125 1      2 2   0.58440632E-02   1.00
  1709    25     36 2      2 3   -.58440632E-02   1.00
  1710    25     22 3      2 2   -.58440632E-02   1.00
  1711    25    160 1      2 2   -.58440632E-02   1.00
  1712    25    104 2      2 1   -.58440632E-02   1.00
  1713    25    141 1      2 2   0.58440632E-02   1.00
  1714    25    125 2      2 1   0.58440632E-02   1.00
  1715    25    136 1      2 3   0.58440632E-02   1.00
  1716    25    131 3      2 1   0.58440632E-02   1.00
  1717    25     48 3      2 1   -.58440632E-02   1.00
  1718    25     10 1      2 3   -.58440632E-02   1.00
  1719    25     36 3      2 2   -.58440632E-02   1.00
  1720    25     22 2      2 3   -.58440632E-02   1.00
  1721    25    157 3      2 2   0.58440632E-02   1.00
  1722    25    108 2      2 3   0.58440632E-02   1.00
  1723    25    136 3      2 1   0.58440632E-02   1.00
  1724    25    131 1      2 3   0.58440632E-02   1.00
  1725    25    150 1      2 3   -.58440632E-02   1.00
  1726    25    115 3      2 1   -.58440632E-02   1.00
  1727    25    148 2      2 3   0.58440632E-02   1.00
  1728    25    117 3      2 2   0.58440632E-02   1.00
  1921    27      2 3      6 3   -.13688705E-01   1.00
  1922    27      2 3     52 3   -.13688705E-01   1.00
  1923    27      2 3    184 3   -.13688705E-01   1.00
  1924    27      2 3     73 3   -.13688705E-01   1.00
  1925    27      2 2    179 2   -.13688705E-01   1.00
  1926    27      2 2     80 2   -.13688705E-01   1.00
  1927    27      2 2     48 2   -.13688705E-01   1.00
  1928    27      2 2     10 2   -.13688705E-01   1.00
  1929    27      2 1    177 1   -.13688705E-01   1.00
  1930    27      2 1     82 1   -.13688705E-01   1.00
  1931    27      2 3    160 3   -.13688705E-01   1.00
  1932    27      2 3    104 3   -.13688705E-01   1.00
  1933    27      2 1    157 1   -.13688705E-01   1.00
  1934    27      2 1    108 1   -.13688705E-01   1.00
  1935    27      2 2    150 2   -.13688705E-01   1.00
  1936    27      2 2    115 2   -.13688705E-01   1.00
  1937    27      2 1    148 1   -.13688705E-01   1.00
  1938    27      2 1    117 1   -.13688705E-01   1.00
  1939    27      2 3    141 3   -.13688705E-01   1.00
  1940    27      2 3    125 3   -.13688705E-01   1.00
  1941    27      2 1     36 1   -.13688705E-01   1.00
  1942    27      2 1     22 1   -.13688705E-01   1.00
  1943    27      2 2    136 2   -.13688705E-01   1.00
  1944    27      2 2    131 2   -.13688705E-01   1.00
  1945    27      6 3      2 3   -.13688705E-01   1.00
  1946    27     52 3      2 3   -.13688705E-01   1.00
  1947    27    184 3      2 3   -.13688705E-01   1.00
  1948    27     73 3      2 3   -.13688705E-01   1.00
  1949    27    179 2      2 2   -.13688705E-01   1.00
  1950    27     80 2      2 2   -.13688705E-01   1.00
  1951    27     48 2      2 2   -.13688705E-01   1.00
  1952    27     10 2      2 2   -.13688705E-01   1.00
  1953    27    177 1      2 1   -.13688705E-01   1.00
  1954    27     82 1      2 1   -.13688705E-01   1.00
  1955    27    160 3      2 3   -.13688705E-01   1.00
  1956    27    104 3      2 3   -.13688705E-01   1.00
  1957    27    157 1      2 1   -.13688705E-01   1.00
  1958    27    108 1      2 1   -.13688705E-01   1.00
  1959    27    150 2      2 2   -.13688705E-01   1.00
  1960    27    115 2      2 2   -.13688705E-01   1.00
  1961    27    148 1      2 1   -.13688705E-01   1.00
  1962    27    117 1      2 1   -.13688705E-01   1.00
  1963    27    141 3      2 3   -.13688705E-01   1.00
  1964    27    125 3      2 3   -.13688705E-01   1.00
  1965    27     36 1      2 1   -.13688705E-01   1.00
  1966    27     22 1      2 1   -.13688705E-01   1.00
  1967    27    136 2      2 2   -.13688705E-01   1.00
  1968    27    131 2      2 2   -.13688705E-01   1.00
  1969    28      2 1      8 1   -.34681721E-01   1.00
  1970    28      2 1     50 1   -.34681721E-01   1.00
  1971    28      2 1     42 1   -.34681721E-01   1.00
  1972    28      2 1     16 1   -.34681721E-01   1.00
  1973    28      2 2     50 2   -.34681721E-01   1.00
  1974    28      2 2      8 2   -.34681721E-01   1.00
  1975    28      2 2     38 2   -.34681721E-01   1.00
  1976    28      2 2     20 2   -.34681721E-01   1.00
  1977    28      2 3     42 3   -.34681721E-01   1.00
  1978    28      2 3     16 3   -.34681721E-01   1.00
  1979    28      2 3     38 3   -.34681721E-01   1.00
  1980    28      2 3     20 3   -.34681721E-01   1.00
  1981    28      8 1      2 1   -.34681721E-01   1.00
  1982    28     50 1      2 1   -.34681721E-01   1.00
  1983    28     42 1      2 1   -.34681721E-01   1.00
  1984    28     16 1      2 1   -.34681721E-01   1.00
  1985    28     50 2      2 2   -.34681721E-01   1.00
  1986    28      8 2      2 2   -.34681721E-01   1.00
  1987    28     38 2      2 2   -.34681721E-01   1.00
  1988    28     20 2      2 2   -.34681721E-01   1.00
  1989    28     42 3      2 3   -.34681721E-01   1.00
  1990    28     16 3      2 3   -.34681721E-01   1.00
  1991    28     38 3      2 3   -.34681721E-01   1.00
  1992    28     20 3      2 3   -.34681721E-01   1.00
  1993    29      2 3      8 3   -.61774805       1.00
  1994    29      2 3     50 3   -.61774805       1.00
  1995    29      2 2     42 2   -.61774805       1.00
  1996    29      2 2     16 2   -.61774805       1.00
  1997    29      2 1     38 1   -.61774805       1.00
  1998    29      2 1     20 1   -.61774805       1.00
  1999    29      8 3      2 3   -.61774805       1.00
  2000    29     50 3      2 3   -.61774805       1.00
  2001    29     42 2      2 2   -.61774805       1.00
  2002    29     16 2      2 2   -.61774805       1.00
  2003    29     38 1      2 1   -.61774805       1.00
  2004    29     20 1      2 1   -.61774805       1.00
  2005    30      2 1     12 1   -.25610685E-01   1.00
  2006    30      2 1     46 1   -.25610685E-01   1.00
  2007    30      2 2     44 2   -.25610685E-01   1.00
  2008    30      2 2     14 2   -.25610685E-01   1.00
  2009    30      2 3     40 3   -.25610685E-01   1.00
  2010    30      2 3     18 3   -.25610685E-01   1.00
  2011    30      2 2     34 2   -.25610685E-01   1.00
  2012    30      2 2     24 2   -.25610685E-01   1.00
  2013    30      2 1     32 1   -.25610685E-01   1.00
  2014    30      2 1     26 1   -.25610685E-01   1.00
  2015    30      2 3     30 3   -.25610685E-01   1.00
  2016    30      2 3     28 3   -.25610685E-01   1.00
  2017    30     12 1      2 1   -.25610685E-01   1.00
  2018    30     46 1      2 1   -.25610685E-01   1.00
  2019    30     44 2      2 2   -.25610685E-01   1.00
  2020    30     14 2      2 2   -.25610685E-01   1.00
  2021    30     40 3      2 3   -.25610685E-01   1.00
  2022    30     18 3      2 3   -.25610685E-01   1.00
  2023    30     34 2      2 2   -.25610685E-01   1.00
  2024    30     24 2      2 2   -.25610685E-01   1.00
  2025    30     32 1      2 1   -.25610685E-01   1.00
  2026    30     26 1      2 1   -.25610685E-01   1.00
  2027    30     30 3      2 3   -.25610685E-01   1.00
  2028    30     28 3      2 3   -.25610685E-01   1.00
  2029    31      2 2     12 2   -.11583480       1.00
  2030    31      2 2     46 2   -.11583480       1.00
  2031    31      2 3     46 3   -.11583480       1.00
  2032    31      2 3     12 3   -.11583480       1.00
  2033    31      2 1     44 1   -.11583480       1.00
  2034    31      2 1     14 1   -.11583480       1.00
  2035    31      2 3     44 3   -.11583480       1.00
  2036    31      2 3     14 3   -.11583480       1.00
  2037    31      2 1     40 1   -.11583480       1.00
  2038    31      2 1     18 1   -.11583480       1.00
  2039    31      2 2     40 2   -.11583480       1.00
  2040    31      2 2     18 2   -.11583480       1.00
  2041    31      2 1     34 1   -.11583480       1.00
  2042    31      2 1     24 1   -.11583480       1.00
  2043    31      2 3     34 3   -.11583480       1.00
  2044    31      2 3     24 3   -.11583480       1.00
  2045    31      2 2     32 2   -.11583480       1.00
  2046    31      2 2     26 2   -.11583480       1.00
  2047    31      2 3     32 3   -.11583480       1.00
  2048    31      2 3     26 3   -.11583480       1.00
  2049    31      2 1     30 1   -.11583480       1.00
  2050    31      2 1     28 1   -.11583480       1.00
  2051    31      2 2     30 2   -.11583480       1.00
  2052    31      2 2     28 2   -.11583480       1.00
  2053    31     12 2      2 2   -.11583480       1.00
  2054    31     46 2      2 2   -.11583480       1.00
  2055    31     46 3      2 3   -.11583480       1.00
  2056    31     12 3      2 3   -.11583480       1.00
  2057    31     44 1      2 1   -.11583480       1.00
  2058    31     14 1      2 1   -.11583480       1.00
  2059    31     44 3      2 3   -.11583480       1.00
  2060    31     14 3      2 3   -.11583480       1.00
  2061    31     40 1      2 1   -.11583480       1.00
  2062    31     18 1      2 1   -.11583480       1.00
  2063    31     40 2      2 2   -.11583480       1.00
  2064    31     18 2      2 2   -.11583480       1.00
  2065    31     34 1      2 1   -.11583480       1.00
  2066    31     24 1      2 1   -.11583480       1.00
  2067    31     34 3      2 3   -.11583480       1.00
  2068    31     24 3      2 3   -.11583480       1.00
  2069    31     32 2      2 2   -.11583480       1.00
  2070    31     26 2      2 2   -.11583480       1.00
  2071    31     32 3      2 3   -.11583480       1.00
  2072    31     26 3      2 3   -.11583480       1.00
  2073    31     30 1      2 1   -.11583480       1.00
  2074    31     28 1      2 1   -.11583480       1.00
  2075    31     30 2      2 2   -.11583480       1.00
  2076    31     28 2      2 2   -.11583480       1.00
  2077    32      2 3     12 2   -.83002064E-01   1.00
  2078    32      2 2     46 3   -.83002064E-01   1.00
  2079    32      2 3     46 2   -.83002064E-01   1.00
  2080    32      2 2     12 3   -.83002064E-01   1.00
  2081    32      2 3     44 1   0.83002064E-01   1.00
  2082    32      2 1     14 3   0.83002064E-01   1.00
  2083    32      2 1     44 3   0.83002064E-01   1.00
  2084    32      2 3     14 1   0.83002064E-01   1.00
  2085    32      2 2     40 1   0.83002064E-01   1.00
  2086    32      2 1     18 2   0.83002064E-01   1.00
  2087    32      2 1     40 2   0.83002064E-01   1.00
  2088    32      2 2     18 1   0.83002064E-01   1.00
  2089    32      2 3     34 1   -.83002064E-01   1.00
  2090    32      2 1     24 3   -.83002064E-01   1.00
  2091    32      2 1     34 3   -.83002064E-01   1.00
  2092    32      2 3     24 1   -.83002064E-01   1.00
  2093    32      2 3     32 2   0.83002064E-01   1.00
  2094    32      2 2     26 3   0.83002064E-01   1.00
  2095    32      2 2     32 3   0.83002064E-01   1.00
  2096    32      2 3     26 2   0.83002064E-01   1.00
  2097    32      2 2     30 1   -.83002064E-01   1.00
  2098    32      2 1     28 2   -.83002064E-01   1.00
  2099    32      2 1     30 2   -.83002064E-01   1.00
  2100    32      2 2     28 1   -.83002064E-01   1.00
  2101    32     12 2      2 3   -.83002064E-01   1.00
  2102    32     46 3      2 2   -.83002064E-01   1.00
  2103    32     46 2      2 3   -.83002064E-01   1.00
  2104    32     12 3      2 2   -.83002064E-01   1.00
  2105    32     44 1      2 3   0.83002064E-01   1.00
  2106    32     14 3      2 1   0.83002064E-01   1.00
  2107    32     44 3      2 1   0.83002064E-01   1.00
  2108    32     14 1      2 3   0.83002064E-01   1.00
  2109    32     40 1      2 2   0.83002064E-01   1.00
  2110    32     18 2      2 1   0.83002064E-01   1.00
  2111    32     40 2      2 1   0.83002064E-01   1.00
  2112    32     18 1      2 2   0.83002064E-01   1.00
  2113    32     34 1      2 3   -.83002064E-01   1.00
  2114    32     24 3      2 1   -.83002064E-01   1.00
  2115    32     34 3      2 1   -.83002064E-01   1.00
  2116    32     24 1      2 3   -.83002064E-01   1.00
  2117    32     32 2      2 3   0.83002064E-01   1.00
  2118    32     26 3      2 2   0.83002064E-01   1.00
  2119    32     32 3      2 2   0.83002064E-01   1.00
  2120    32     26 2      2 3   0.83002064E-01   1.00
  2121    32     30 1      2 2   -.83002064E-01   1.00
  2122    32     28 2      2 1   -.83002064E-01   1.00
  2123    32     30 2      2 1   -.83002064E-01   1.00
  2124    32     28 1      2 2   -.83002064E-01   1.00
  2125    33      2 1     71 1   0.55981167E-03   1.00
  2126    33      2 1    326 1   0.55981167E-03   1.00
  2127    33      2 2    182 2   0.55981167E-03   1.00
  2128    33      2 2     75 2   0.55981167E-03   1.00
  2129    33      2 3    170 3   0.55981167E-03   1.00
  2130    33      2 3     90 3   0.55981167E-03   1.00
  2131    33      2 2    313 2   0.55981167E-03   1.00
  2132    33      2 2    123 2   0.55981167E-03   1.00
  2133    33      2 1    139 1   0.55981167E-03   1.00
  2134    33      2 1    127 1   0.55981167E-03   1.00
  2135    33      2 3    311 3   0.55981167E-03   1.00
  2136    33      2 3    133 3   0.55981167E-03   1.00
  2137    33     71 1      2 1   0.55981167E-03   1.00
  2138    33    326 1      2 1   0.55981167E-03   1.00
  2139    33    182 2      2 2   0.55981167E-03   1.00
  2140    33     75 2      2 2   0.55981167E-03   1.00
  2141    33    170 3      2 3   0.55981167E-03   1.00
  2142    33     90 3      2 3   0.55981167E-03   1.00
  2143    33    313 2      2 2   0.55981167E-03   1.00
  2144    33    123 2      2 2   0.55981167E-03   1.00
  2145    33    139 1      2 1   0.55981167E-03   1.00
  2146    33    127 1      2 1   0.55981167E-03   1.00
  2147    33    311 3      2 3   0.55981167E-03   1.00
  2148    33    133 3      2 3   0.55981167E-03   1.00
  2149    34      2 2     71 2   -.26702413E-02   1.00
  2150    34      2 2    326 2   -.26702413E-02   1.00
  2151    34      2 3    326 3   -.26702413E-02   1.00
  2152    34      2 3     71 3   -.26702413E-02   1.00
  2153    34      2 1    182 1   -.26702413E-02   1.00
  2154    34      2 1     75 1   -.26702413E-02   1.00
  2155    34      2 3    182 3   -.26702413E-02   1.00
  2156    34      2 3     75 3   -.26702413E-02   1.00
  2157    34      2 1    170 1   -.26702413E-02   1.00
  2158    34      2 1     90 1   -.26702413E-02   1.00
  2159    34      2 2    170 2   -.26702413E-02   1.00
  2160    34      2 2     90 2   -.26702413E-02   1.00
  2161    34      2 1    313 1   -.26702413E-02   1.00
  2162    34      2 1    123 1   -.26702413E-02   1.00
  2163    34      2 3    313 3   -.26702413E-02   1.00
  2164    34      2 3    123 3   -.26702413E-02   1.00
  2165    34      2 2    139 2   -.26702413E-02   1.00
  2166    34      2 2    127 2   -.26702413E-02   1.00
  2167    34      2 3    139 3   -.26702413E-02   1.00
  2168    34      2 3    127 3   -.26702413E-02   1.00
  2169    34      2 1    311 1   -.26702413E-02   1.00
  2170    34      2 1    133 1   -.26702413E-02   1.00
  2171    34      2 2    311 2   -.26702413E-02   1.00
  2172    34      2 2    133 2   -.26702413E-02   1.00
  2173    34     71 2      2 2   -.26702413E-02   1.00
  2174    34    326 2      2 2   -.26702413E-02   1.00
  2175    34    326 3      2 3   -.26702413E-02   1.00
  2176    34     71 3      2 3   -.26702413E-02   1.00
  2177    34    182 1      2 1   -.26702413E-02   1.00
  2178    34     75 1      2 1   -.26702413E-02   1.00
  2179    34    182 3      2 3   -.26702413E-02   1.00
  2180    34     75 3      2 3   -.26702413E-02   1.00
  2181    34    170 1      2 1   -.26702413E-02   1.00
  2182    34     90 1      2 1   -.26702413E-02   1.00
  2183    34    170 2      2 2   -.26702413E-02   1.00
  2184    34     90 2      2 2   -.26702413E-02   1.00
  2185    34    313 1      2 1   -.26702413E-02   1.00
  2186    34    123 1      2 1   -.26702413E-02   1.00
  2187    34    313 3      2 3   -.26702413E-02   1.00
  2188    34    123 3      2 3   -.26702413E-02   1.00
  2189    34    139 2      2 2   -.26702413E-02   1.00
  2190    34    127 2      2 2   -.26702413E-02   1.00
  2191    34    139 3      2 3   -.26702413E-02   1.00
  2192    34    127 3      2 3   -.26702413E-02   1.00
  2193    34    311 1      2 1   -.26702413E-02   1.00
  2194    34    133 1      2 1   -.26702413E-02   1.00
  2195    34    311 2      2 2   -.26702413E-02   1.00
  2196    34    133 2      2 2   -.26702413E-02   1.00
