   1    2.4691     4
   2    4.0321    12
   3    4.7281    12
   4    5.7023     6
   5    6.2139    12
   6    6.9838    24
   7    7.4074    16
   8    8.0642    12
   9    8.4338    24
  10    9.0161    24
  11    9.3480    12
  12    9.8766     8
  13   10.1806    24
  14   10.6679    48
  15   10.9500    36
  16   11.4045     6
  17   11.6687    12
  18   12.0963    36
  19   12.3457    26
  20   12.7506    24
  21   12.9875    24
  22   13.3730     9
  23   13.5990    24
  24   13.9676     9
  25   14.1842    15
  26   14.5380    40
  27    0.0000     0
   1    2.4691     4
   2    4.0321    12
   3    4.7281    12
   4    5.7023     6
   5    6.2139    12
   6    6.9838    24
   7    7.4074    16
   8    8.0642    12
   9    8.4338    24
  10    9.0161    24
  11    9.3480    12
  12    9.8766     8
  13   10.1806    24
  14   10.6679    48
  15   10.9500    36
  16   11.4045     6
  17   11.6687    12
  18   12.0963    36
  19   12.3457    25
  20   12.7506    24
  21   12.9875    18
  22   13.3730     9
  23   13.5990    24
  24   13.9676     9
  25   14.1842    13
  26   14.5380    44
  27   14.7461     5
