 # om(i),i,integrated_dos,total_dos,(dos(n+1-la,i),la=1,n))
0.35000E-01      1 0.1991E-02 0.1707E-02  0.000      0.000      0.000      0.000      0.000      0.000      0.000      0.000      0.000    
 1.2056          2 0.4389E-02 0.2056E-02  0.000      0.000      0.000      0.000      0.000      0.000      0.000      0.000      0.000    
 2.3761          3 0.7264E-02 0.2464E-02  0.000      0.000      0.000      0.000      0.000      0.000      0.000      0.000      0.000    
 3.5467          4 0.1069E-01 0.2939E-02  0.000      0.000      0.000      0.000      0.000      0.000      0.000      0.000      0.000    
 4.7173          5 0.1476E-01 0.3490E-02  0.000      0.000      0.000      0.000      0.000      0.000      0.000      0.000      0.000    
 5.8878          6 0.1957E-01 0.4123E-02  0.000      0.000      0.000      0.000      0.000      0.000      0.000      0.000      0.000    
 7.0584          7 0.2523E-01 0.4847E-02  0.000      0.000      0.000      0.000      0.000      0.000      0.000      0.000      0.000    
 8.2290          8 0.3185E-01 0.5673E-02  0.000      0.000      0.000      0.000      0.000      0.000      0.000      0.000      0.000    
 9.3995          9 0.3956E-01 0.6609E-02  0.000      0.000      0.000      0.000      0.000      0.000      0.000      0.000      0.000    
 10.570         10 0.4850E-01 0.7666E-02  0.000      0.000      0.000      0.000      0.000      0.000      0.000      0.000      0.000    
 11.741         11 0.5883E-01 0.8854E-02  0.000      0.000      0.000      0.000      0.000      0.000      0.000      0.000      0.000    
 12.911         12 0.7072E-01 0.1019E-01  0.000      0.000      0.000      0.000      0.000      0.000      0.000      0.000      0.000    
 14.082         13 0.8433E-01 0.1167E-01  0.000      0.000      0.000      0.000      0.000      0.000      0.000      0.000      0.000    
 15.252         14 0.9988E-01 0.1333E-01  0.000      0.000      0.000      0.000      0.000      0.000      0.000      0.000      0.000    
 16.423         15 0.1176     0.1516E-01  0.000      0.000      0.000      0.000      0.000      0.000      0.000      0.000      0.000    
 17.594         16 0.1376     0.1720E-01  0.000      0.000      0.000      0.000      0.000      0.000      0.000      0.000      0.000    
 18.764         17 0.1603     0.1944E-01  0.000      0.000      0.000      0.000      0.000      0.000      0.000      0.000      0.000    
 19.935         18 0.1859     0.2191E-01  0.000      0.000      0.000      0.000      0.000      0.000      0.000      0.000      0.000    
 21.105         19 0.2146     0.2463E-01  0.000      0.000      0.000      0.000      0.000      0.000      0.000      0.000      0.000    
 22.276         20 0.2468     0.2760E-01  0.000      0.000      0.000      0.000      0.000      0.000      0.000      0.000      0.000    
 23.446         21 0.2828     0.3084E-01  0.000      0.000      0.000      0.000      0.000      0.000      0.000      0.000      0.000    
 24.617         22 0.3229     0.3436E-01  0.000      0.000      0.000      0.000      0.000      0.000      0.000      0.000      0.000    
 25.788         23 0.3674     0.3817E-01  0.000      0.000      0.000      0.000      0.000      0.000      0.000      0.000      0.000    
 26.958         24 0.4167     0.4228E-01  0.000      0.000      0.000      0.000      0.000      0.000      0.000      0.000      0.000    
 28.129         25 0.4712     0.4668E-01  0.000      0.000      0.000      0.000      0.000      0.000      0.000      0.000      0.000    
 29.299         26 0.5311     0.5138E-01  0.000      0.000      0.000      0.000      0.000      0.000      0.000      0.000      0.000    
 30.470         27 0.5969     0.5636E-01  0.000      0.000      0.000      0.000      0.000      0.000      0.000      0.000      0.000    
 31.640         28 0.6688     0.6160E-01  0.000      0.000      0.000      0.000      0.000      0.000      0.000      0.000      0.000    
 32.811         29 0.7470     0.6709E-01  0.000      0.000      0.000      0.000      0.000      0.000      0.000      0.000      0.000    
 33.981         30 0.8319     0.7277E-01  0.000      0.000      0.000      0.000      0.000      0.000      0.000      0.000      0.000    
 35.152         31 0.9237     0.7863E-01  0.000      0.000      0.000      0.000      0.000      0.000      0.000      0.000      0.000    
 36.323         32  1.022     0.8461E-01  0.000      0.000      0.000      0.000      0.000      0.000      0.000      0.000      0.000    
 37.493         33  1.128     0.9066E-01  0.000      0.000      0.000      0.000      0.000      0.000      0.000      0.000      0.000    
 38.664         34  1.241     0.9672E-01  0.000      0.000      0.000      0.000      0.000      0.000      0.000      0.000      0.000    
 39.834         35  1.361     0.1027      0.000      0.000      0.000      0.000      0.000      0.000      0.000      0.000      0.000    
 41.005         36  1.488     0.1086      0.000      0.000      0.000      0.000      0.000      0.000      0.000      0.000      0.000    
 42.175         37  1.621     0.1143      0.000      0.000      0.000      0.000      0.000      0.000      0.000      0.000      0.000    
 43.346         38  1.761     0.1198      0.000      0.000      0.000      0.000      0.000      0.000      0.000      0.000      0.000    
 44.517         39  1.907     0.1250      0.000      0.000      0.000      0.000      0.000      0.000      0.000      0.000      0.000    
 45.687         40  2.058     0.1299      0.000      0.000      0.000      0.000      0.000      0.000      0.000      0.000      0.000    
 46.858         41  2.215     0.1344      0.000      0.000      0.000      0.000      0.000      0.000      0.000      0.000      0.000    
 48.028         42  2.377     0.1384      0.000      0.000      0.000      0.000      0.000      0.000      0.000      0.000      0.000    
 49.199         43  2.542     0.1421      0.000      0.000      0.000      0.000      0.000      0.000      0.000      0.000      0.000    
 50.369         44  2.712     0.1452      0.000      0.000      0.000      0.000      0.000      0.000      0.000      0.000      0.000    
 51.540         45  2.884     0.1480      0.000      0.000      0.000      0.000      0.000      0.000      0.000      0.000      0.000    
 52.711         46  3.060     0.1503      0.000      0.000      0.000      0.000      0.000      0.000      0.000      0.000      0.000    
 53.881         47  3.237     0.1521      0.000      0.000      0.000      0.000      0.000      0.000      0.000      0.000      0.000    
 55.052         48  3.416     0.1536      0.000      0.000      0.000      0.000      0.000      0.000      0.000      0.000      0.000    
 56.222         49  3.597     0.1547      0.000      0.000      0.000      0.000      0.000      0.000      0.000      0.000      0.000    
 57.393         50  3.778     0.1556      0.000      0.000      0.000      0.000      0.000      0.000      0.000      0.000      0.000    
 58.563         51  3.961     0.1562      0.000      0.000      0.000      0.000      0.000      0.000      0.000      0.000      0.000    
 59.734         52  4.143     0.1565      0.000      0.000      0.000      0.000      0.000      0.000      0.000      0.000      0.000    
 60.905         53  4.326     0.1568      0.000      0.000      0.000      0.000      0.000      0.000      0.000      0.000      0.000    
 62.075         54  4.509     0.1569      0.000      0.000      0.000      0.000      0.000      0.000      0.000      0.000      0.000    
 63.246         55  4.692     0.1570      0.000      0.000      0.000      0.000      0.000      0.000      0.000      0.000      0.000    
 64.416         56  4.875     0.1570      0.000      0.000      0.000      0.000      0.000      0.000      0.000      0.000      0.000    
 65.587         57  5.059     0.1571      0.000      0.000      0.000      0.000      0.000      0.000      0.000      0.000      0.000    
 66.757         58  5.242     0.1572      0.000      0.000      0.000      0.000      0.000      0.000      0.000      0.000      0.000    
 67.928         59  5.426     0.1573      0.000      0.000      0.000      0.000      0.000      0.000      0.000      0.000      0.000    
 69.099         60  5.609     0.1576      0.000      0.000      0.000      0.000      0.000      0.000      0.000      0.000      0.000    
 70.269         61  5.794     0.1579      0.000      0.000      0.000      0.000      0.000      0.000      0.000      0.000      0.000    
 71.440         62  5.978     0.1583      0.000      0.000      0.000      0.000      0.000      0.000      0.000      0.000      0.000    
 72.610         63  6.164     0.1588      0.000      0.000      0.000      0.000      0.000      0.000      0.000      0.000      0.000    
 73.781         64  6.349     0.1594      0.000      0.000      0.000      0.000      0.000      0.000      0.000      0.000      0.000    
 74.951         65  6.536     0.1600      0.000      0.000      0.000      0.000      0.000      0.000      0.000      0.000      0.000    
 76.122         66  6.724     0.1608      0.000      0.000      0.000      0.000      0.000      0.000      0.000      0.000      0.000    
 77.293         67  6.912     0.1616      0.000      0.000      0.000      0.000      0.000      0.000      0.000      0.000      0.000    
 78.463         68  7.102     0.1624      0.000      0.000      0.000      0.000      0.000      0.000      0.000      0.000      0.000    
 79.634         69  7.292     0.1633      0.000      0.000      0.000      0.000      0.000      0.000      0.000      0.000      0.000    
 80.804         70  7.484     0.1641      0.000      0.000      0.000      0.000      0.000      0.000      0.000      0.000      0.000    
 81.975         71  7.676     0.1649      0.000      0.000      0.000      0.000      0.000      0.000      0.000      0.000      0.000    
 83.145         72  7.869     0.1656      0.000      0.000      0.000      0.000      0.000      0.000      0.000      0.000      0.000    
 84.316         73  8.063     0.1661      0.000      0.000      0.000      0.000      0.000      0.000      0.000      0.000      0.000    
 85.487         74  8.257     0.1664      0.000      0.000      0.000      0.000      0.000      0.000      0.000      0.000      0.000    
 86.657         75  8.451     0.1664      0.000      0.000      0.000      0.000      0.000      0.000      0.000      0.000      0.000    
 87.828         76  8.645     0.1661      0.000      0.000      0.000      0.000      0.000      0.000      0.000      0.000      0.000    
 88.998         77  8.838     0.1654      0.000      0.000      0.000      0.000      0.000      0.000      0.000      0.000      0.000    
 90.169         78  9.030     0.1642      0.000      0.000      0.000      0.000      0.000      0.000      0.000      0.000      0.000    
 91.339         79  9.219     0.1625      0.000      0.000      0.000      0.000      0.000      0.000      0.000      0.000      0.000    
 92.510         80  9.406     0.1602      0.000      0.000      0.000      0.000      0.000      0.000      0.000      0.000      0.000    
 93.680         81  9.590     0.1574      0.000      0.000      0.000      0.000      0.000      0.000      0.000      0.000      0.000    
 94.851         82  9.769     0.1539      0.000      0.000      0.000      0.000      0.000      0.000      0.000      0.000      0.000    
 96.022         83  9.944     0.1497      0.000      0.000      0.000      0.000      0.000      0.000      0.000      0.000      0.000    
 97.192         84  10.11     0.1450      0.000      0.000      0.000      0.000      0.000      0.000      0.000      0.000      0.000    
 98.363         85  10.28     0.1397      0.000      0.000      0.000      0.000      0.000      0.000      0.000      0.000      0.000    
 99.533         86  10.43     0.1338      0.000      0.000      0.000      0.000      0.000      0.000      0.000      0.000      0.000    
 100.70         87  10.58     0.1275      0.000      0.000      0.000      0.000      0.000      0.000      0.000      0.000      0.000    
 101.87         88  10.72     0.1208      0.000      0.000      0.000      0.000      0.000      0.000      0.000      0.000      0.000    
 103.05         89  10.85     0.1137      0.000      0.000      0.000      0.000      0.000      0.000      0.000      0.000      0.000    
 104.22         90  10.98     0.1063      0.000      0.000      0.000      0.000      0.000      0.000      0.000      0.000      0.000    
 105.39         91  11.09     0.9875E-01  0.000      0.000      0.000      0.000      0.000      0.000      0.000      0.000     0.3318E-09
 106.56         92  11.20     0.9112E-01  0.000      0.000      0.000      0.000      0.000      0.000      0.000      0.000     0.5908E-09
 107.73         93  11.30     0.8349E-01  0.000      0.000      0.000      0.000      0.000      0.000      0.000      0.000     0.4230E-08
 108.90         94  11.39     0.7594E-01  0.000      0.000      0.000      0.000      0.000      0.000      0.000      0.000     0.1058E-07
 110.07         95  11.47     0.6856E-01  0.000      0.000      0.000      0.000      0.000      0.000      0.000      0.000     0.2470E-07
 111.24         96  11.54     0.6141E-01  0.000      0.000      0.000      0.000      0.000      0.000      0.000      0.000     0.5350E-07
 112.41         97  11.60     0.5457E-01  0.000      0.000      0.000      0.000      0.000      0.000      0.000      0.000     0.1196E-06
 113.58         98  11.66     0.4810E-01  0.000      0.000      0.000      0.000      0.000      0.000      0.000      0.000     0.2629E-06
 114.75         99  11.71     0.4204E-01  0.000      0.000      0.000      0.000      0.000      0.000      0.000      0.000     0.4905E-06
 115.92        100  11.75     0.3643E-01  0.000      0.000      0.000      0.000      0.000      0.000      0.000      0.000     0.8454E-06
 117.09        101  11.79     0.3129E-01  0.000      0.000      0.000      0.000      0.000      0.000     0.8201E-08 0.1325E-07 0.1428E-05
 118.26        102  11.82     0.2665E-01  0.000      0.000      0.000      0.000      0.000      0.000     0.2481E-07 0.3476E-07 0.2375E-05
 119.43        103  11.84     0.2249E-01  0.000      0.000      0.000      0.000     0.1306E-08 0.1306E-08 0.5791E-07 0.8569E-07 0.3892E-05
 120.60        104  11.86     0.1882E-01  0.000      0.000      0.000      0.000     0.4943E-08 0.4943E-08 0.1186E-06 0.1705E-06 0.6290E-05
 121.77        105  11.88     0.1563E-01  0.000      0.000      0.000      0.000     0.1567E-07 0.2130E-07 0.2187E-06 0.3286E-06 0.1003E-04
 122.94        106  11.90     0.1289E-01  0.000      0.000      0.000      0.000     0.3227E-07 0.3988E-07 0.3995E-06 0.5838E-06 0.1578E-04
 124.12        107  11.91     0.1059E-01  0.000      0.000     0.3382E-09 0.3382E-09 0.6250E-07 0.8010E-07 0.7005E-06 0.1026E-05 0.2452E-04
 125.29        108  11.92     0.8709E-02  0.000      0.000     0.6019E-09 0.6019E-09 0.1144E-06 0.1437E-06 0.1213E-05 0.1725E-05 0.3762E-04
 126.46        109  11.93     0.7218E-02  0.000      0.000     0.1806E-08 0.1806E-08 0.2006E-06 0.2493E-06 0.2026E-05 0.2857E-05 0.5697E-04
 127.63        110  11.94     0.6106E-02  0.000      0.000     0.4775E-08 0.4775E-08 0.3405E-06 0.4356E-06 0.3318E-05 0.4664E-05 0.8519E-04
 128.80        111  11.94     0.5364E-02  0.000      0.000     0.9701E-08 0.1161E-07 0.5800E-06 0.7560E-06 0.5356E-05 0.7510E-05 0.1258E-03
 129.97        112  11.95     0.4990E-02  0.000      0.000     0.1895E-07 0.2582E-07 0.9621E-06 0.1271E-05 0.8542E-05 0.1193E-04 0.1833E-03
 131.14        113  11.95     0.4997E-02 0.4056E-09 0.4056E-09 0.3492E-07 0.4488E-07 0.1576E-05 0.2092E-05 0.1344E-04 0.1871E-04 0.2638E-03
 132.31        114  11.96     0.5404E-02 0.7186E-09 0.7186E-09 0.6452E-07 0.7976E-07 0.2557E-05 0.3387E-05 0.2087E-04 0.2895E-04 0.3748E-03
 133.48        115  11.97     0.6248E-02 0.2995E-08 0.2995E-08 0.1126E-06 0.1426E-06 0.4084E-05 0.5405E-05 0.3201E-04 0.4423E-04 0.5257E-03
 134.65        116  11.98     0.7577E-02 0.5861E-08 0.5861E-08 0.1899E-06 0.2382E-06 0.6416E-05 0.8497E-05 0.4845E-04 0.6668E-04 0.7280E-03
 135.82        117  11.99     0.9449E-02 0.1162E-07 0.1162E-07 0.3217E-06 0.4121E-06 0.9942E-05 0.1319E-04 0.7242E-04 0.9923E-04 0.9953E-03
 136.99        118  12.00     0.1194E-01 0.2479E-07 0.2751E-07 0.5386E-06 0.6987E-06 0.1520E-04 0.2021E-04 0.1069E-03 0.1458E-03 0.1343E-02
 138.16        119  12.02     0.1511E-01 0.4398E-07 0.4882E-07 0.8820E-06 0.1152E-05 0.2297E-04 0.3059E-04 0.1557E-03 0.2114E-03 0.1790E-02
 139.33        120  12.04     0.1907E-01 0.7838E-07 0.8498E-07 0.1427E-05 0.1856E-05 0.3427E-04 0.4575E-04 0.2241E-03 0.3026E-03 0.2355E-02
 140.50        121  12.07     0.2387E-01 0.1375E-06 0.1500E-06 0.2261E-05 0.2955E-05 0.5053E-04 0.6759E-04 0.3184E-03 0.4275E-03 0.3058E-02
 141.67        122  12.10     0.2960E-01 0.2326E-06 0.2556E-06 0.3540E-05 0.4635E-05 0.7362E-04 0.9865E-04 0.4468E-03 0.5963E-03 0.3920E-02
 142.84        123  12.15     0.3633E-01 0.3903E-06 0.4247E-06 0.5477E-05 0.7182E-05 0.1060E-03 0.1423E-03 0.6190E-03 0.8210E-03 0.4962E-02
 144.01        124  12.20     0.4408E-01 0.6377E-06 0.7000E-06 0.8370E-05 0.1099E-04 0.1508E-03 0.2027E-03 0.8469E-03 0.1116E-02 0.6200E-02
 145.19        125  12.26     0.5287E-01 0.1030E-05 0.1140E-05 0.1264E-04 0.1662E-04 0.2121E-03 0.2855E-03 0.1144E-02 0.1497E-02 0.7649E-02
 146.36        126  12.33     0.6270E-01 0.1642E-05 0.1820E-05 0.1886E-04 0.2486E-04 0.2950E-03 0.3972E-03 0.1527E-02 0.1983E-02 0.9315E-02
 147.53        127  12.42     0.7350E-01 0.2573E-05 0.2871E-05 0.2784E-04 0.3675E-04 0.4054E-03 0.5462E-03 0.2012E-02 0.2594E-02 0.1120E-01
 148.70        128  12.52     0.8519E-01 0.3986E-05 0.4472E-05 0.4063E-04 0.5372E-04 0.5510E-03 0.7423E-03 0.2618E-02 0.3348E-02 0.1329E-01
 149.87        129  12.63     0.9763E-01 0.6107E-05 0.6876E-05 0.5866E-04 0.7764E-04 0.7405E-03 0.9971E-03 0.3365E-02 0.4267E-02 0.1558E-01
 151.04        130  12.76     0.1107     0.9240E-05 0.1044E-04 0.8377E-04 0.1110E-03 0.9842E-03 0.1324E-02 0.4272E-02 0.5369E-02 0.1802E-01
 152.21        131  12.91     0.1241     0.1381E-04 0.1566E-04 0.1183E-03 0.1568E-03 0.1294E-02 0.1737E-02 0.5355E-02 0.6670E-02 0.2058E-01
 153.38        132  13.07     0.1377     0.2040E-04 0.2323E-04 0.1654E-03 0.2192E-03 0.1682E-02 0.2253E-02 0.6631E-02 0.8181E-02 0.2321E-01
 154.55        133  13.24     0.1512     0.2978E-04 0.3404E-04 0.2287E-03 0.3030E-03 0.2163E-02 0.2889E-02 0.8109E-02 0.9906E-02 0.2583E-01
 155.72        134  13.43     0.1644     0.4297E-04 0.4931E-04 0.3128E-03 0.4144E-03 0.2751E-02 0.3662E-02 0.9795E-02 0.1184E-01 0.2839E-01
 156.89        135  13.64     0.1771     0.6127E-04 0.7061E-04 0.4234E-03 0.5604E-03 0.3463E-02 0.4589E-02 0.1169E-01 0.1398E-01 0.3080E-01
 158.06        136  13.86     0.1889     0.8637E-04 0.9997E-04 0.5672E-03 0.7498E-03 0.4312E-02 0.5684E-02 0.1377E-01 0.1629E-01 0.3300E-01
 159.23        137  14.09     0.1999     0.1204E-03 0.1400E-03 0.7519E-03 0.9923E-03 0.5312E-02 0.6960E-02 0.1603E-01 0.1875E-01 0.3490E-01
 160.40        138  14.34     0.2097     0.1658E-03 0.1937E-03 0.9863E-03 0.1299E-02 0.6475E-02 0.8425E-02 0.1842E-01 0.2130E-01 0.3644E-01
 161.57        139  14.59     0.2182     0.2259E-03 0.2652E-03 0.1281E-02 0.1682E-02 0.7810E-02 0.1008E-01 0.2092E-01 0.2390E-01 0.3757E-01
 162.74        140  14.86     0.2255     0.3043E-03 0.3591E-03 0.1645E-02 0.2155E-02 0.9321E-02 0.1193E-01 0.2347E-01 0.2647E-01 0.3824E-01
 163.91        141  15.13     0.2315     0.4053E-03 0.4809E-03 0.2092E-02 0.2731E-02 0.1101E-01 0.1395E-01 0.2600E-01 0.2895E-01 0.3843E-01
 165.09        142  15.40     0.2361     0.5340E-03 0.6370E-03 0.2634E-02 0.3424E-02 0.1286E-01 0.1613E-01 0.2845E-01 0.3127E-01 0.3813E-01
 166.26        143  15.68     0.2396     0.6958E-03 0.8348E-03 0.3281E-02 0.4247E-02 0.1487E-01 0.1844E-01 0.3075E-01 0.3335E-01 0.3736E-01
 167.43        144  15.96     0.2418     0.8970E-03 0.1082E-02 0.4045E-02 0.5210E-02 0.1701E-01 0.2083E-01 0.3282E-01 0.3512E-01 0.3614E-01
 168.60        145  16.25     0.2430     0.1144E-02 0.1389E-02 0.4937E-02 0.6324E-02 0.1926E-01 0.2327E-01 0.3461E-01 0.3652E-01 0.3452E-01
 169.77        146  16.53     0.2433     0.1443E-02 0.1763E-02 0.5963E-02 0.7593E-02 0.2156E-01 0.2569E-01 0.3606E-01 0.3751E-01 0.3256E-01
 170.94        147  16.81     0.2427     0.1802E-02 0.2215E-02 0.7129E-02 0.9018E-02 0.2389E-01 0.2803E-01 0.3710E-01 0.3804E-01 0.3033E-01
 172.11        148  17.10     0.2415     0.2227E-02 0.2754E-02 0.8435E-02 0.1059E-01 0.2617E-01 0.3023E-01 0.3770E-01 0.3810E-01 0.2789E-01
 173.28        149  17.38     0.2396     0.2724E-02 0.3390E-02 0.9878E-02 0.1231E-01 0.2837E-01 0.3223E-01 0.3784E-01 0.3768E-01 0.2533E-01
 174.45        150  17.65     0.2372     0.3298E-02 0.4130E-02 0.1145E-01 0.1416E-01 0.3042E-01 0.3396E-01 0.3752E-01 0.3680E-01 0.2271E-01
 175.62        151  17.93     0.2344     0.3954E-02 0.4983E-02 0.1314E-01 0.1610E-01 0.3225E-01 0.3537E-01 0.3675E-01 0.3550E-01 0.2011E-01
 176.79        152  18.20     0.2311     0.4694E-02 0.5951E-02 0.1492E-01 0.1812E-01 0.3382E-01 0.3640E-01 0.3555E-01 0.3382E-01 0.1759E-01
 177.96        153  18.46     0.2275     0.5519E-02 0.7038E-02 0.1677E-01 0.2016E-01 0.3506E-01 0.3702E-01 0.3397E-01 0.3183E-01 0.1519E-01
 179.13        154  18.72     0.2236     0.6429E-02 0.8242E-02 0.1867E-01 0.2220E-01 0.3595E-01 0.3720E-01 0.3206E-01 0.2958E-01 0.1295E-01
 180.30        155  18.98     0.2195     0.7419E-02 0.9559E-02 0.2056E-01 0.2419E-01 0.3644E-01 0.3695E-01 0.2988E-01 0.2715E-01 0.1091E-01
 181.47        156  19.23     0.2150     0.8486E-02 0.1098E-01 0.2243E-01 0.2608E-01 0.3651E-01 0.3626E-01 0.2752E-01 0.2461E-01 0.9072E-02
 182.64        157  19.47     0.2102     0.9620E-02 0.1249E-01 0.2422E-01 0.2781E-01 0.3616E-01 0.3515E-01 0.2503E-01 0.2204E-01 0.7452E-02
 183.81        158  19.71     0.2052     0.1081E-01 0.1408E-01 0.2589E-01 0.2935E-01 0.3541E-01 0.3368E-01 0.2248E-01 0.1949E-01 0.6045E-02
 184.98        159  19.95     0.1999     0.1205E-01 0.1573E-01 0.2742E-01 0.3066E-01 0.3426E-01 0.3188E-01 0.1995E-01 0.1703E-01 0.4842E-02
 186.16        160  20.17     0.1944     0.1332E-01 0.1740E-01 0.2876E-01 0.3170E-01 0.3277E-01 0.2981E-01 0.1748E-01 0.1470E-01 0.3831E-02
 187.33        161  20.39     0.1886     0.1461E-01 0.1908E-01 0.2988E-01 0.3245E-01 0.3097E-01 0.2753E-01 0.1513E-01 0.1253E-01 0.2994E-02
 188.50        162  20.61     0.1827     0.1591E-01 0.2074E-01 0.3075E-01 0.3288E-01 0.2892E-01 0.2513E-01 0.1294E-01 0.1055E-01 0.2310E-02
 189.67        163  20.81     0.1765     0.1719E-01 0.2233E-01 0.3136E-01 0.3300E-01 0.2669E-01 0.2265E-01 0.1093E-01 0.8776E-02 0.1761E-02
 190.84        164  21.01     0.1703     0.1845E-01 0.2385E-01 0.3170E-01 0.3280E-01 0.2433E-01 0.2017E-01 0.9114E-02 0.7212E-02 0.1325E-02
 192.01        165  21.20     0.1639     0.1966E-01 0.2524E-01 0.3176E-01 0.3229E-01 0.2192E-01 0.1775E-01 0.7508E-02 0.5855E-02 0.9851E-03
 193.18        166  21.39     0.1575     0.2082E-01 0.2650E-01 0.3156E-01 0.3151E-01 0.1951E-01 0.1542E-01 0.6110E-02 0.4696E-02 0.7233E-03
 194.35        167  21.56     0.1510     0.2191E-01 0.2759E-01 0.3109E-01 0.3046E-01 0.1715E-01 0.1323E-01 0.4911E-02 0.3721E-02 0.5244E-03
 195.52        168  21.73     0.1446     0.2292E-01 0.2849E-01 0.3037E-01 0.2920E-01 0.1490E-01 0.1122E-01 0.3898E-02 0.2913E-02 0.3755E-03
 196.69        169  21.89     0.1382     0.2384E-01 0.2918E-01 0.2944E-01 0.2775E-01 0.1278E-01 0.9391E-02 0.3057E-02 0.2253E-02 0.2656E-03
 197.86        170  22.05     0.1318     0.2465E-01 0.2967E-01 0.2831E-01 0.2616E-01 0.1083E-01 0.7765E-02 0.2367E-02 0.1722E-02 0.1855E-03
 199.03        171  22.19     0.1255     0.2536E-01 0.2993E-01 0.2702E-01 0.2445E-01 0.9066E-02 0.6341E-02 0.1811E-02 0.1300E-02 0.1280E-03
 200.20        172  22.33     0.1193     0.2595E-01 0.2997E-01 0.2558E-01 0.2268E-01 0.7496E-02 0.5114E-02 0.1368E-02 0.9701E-03 0.8716E-04
 201.37        173  22.46     0.1132     0.2641E-01 0.2979E-01 0.2405E-01 0.2088E-01 0.6122E-02 0.4074E-02 0.1021E-02 0.7152E-03 0.5864E-04
 202.54        174  22.59     0.1071     0.2675E-01 0.2940E-01 0.2243E-01 0.1908E-01 0.4938E-02 0.3204E-02 0.7524E-03 0.5209E-03 0.3895E-04
 203.71        175  22.71     0.1012     0.2696E-01 0.2882E-01 0.2077E-01 0.1730E-01 0.3933E-02 0.2489E-02 0.5477E-03 0.3749E-03 0.2556E-04
 204.88        176  22.82     0.9541E-01 0.2702E-01 0.2804E-01 0.1909E-01 0.1557E-01 0.3095E-02 0.1909E-02 0.3938E-03 0.2666E-03 0.1656E-04
 206.06        177  22.92     0.8971E-01 0.2695E-01 0.2710E-01 0.1741E-01 0.1391E-01 0.2405E-02 0.1446E-02 0.2796E-03 0.1874E-03 0.1059E-04
 207.23        178  23.02     0.8410E-01 0.2673E-01 0.2601E-01 0.1575E-01 0.1234E-01 0.1845E-02 0.1082E-02 0.1961E-03 0.1301E-03 0.6691E-05
 208.40        179  23.11     0.7861E-01 0.2637E-01 0.2479E-01 0.1414E-01 0.1086E-01 0.1398E-02 0.7993E-03 0.1359E-03 0.8927E-04 0.4173E-05
 209.57        180  23.20     0.7322E-01 0.2587E-01 0.2347E-01 0.1260E-01 0.9494E-02 0.1046E-02 0.5830E-03 0.9295E-04 0.6053E-04 0.2568E-05
 210.74        181  23.28     0.6794E-01 0.2522E-01 0.2206E-01 0.1113E-01 0.8232E-02 0.7734E-03 0.4199E-03 0.6281E-04 0.4055E-04 0.1558E-05
 211.91        182  23.35     0.6278E-01 0.2443E-01 0.2059E-01 0.9749E-02 0.7083E-02 0.5644E-03 0.2987E-03 0.4192E-04 0.2685E-04 0.9204E-06
 213.08        183  23.42     0.5775E-01 0.2351E-01 0.1907E-01 0.8465E-02 0.6045E-02 0.4068E-03 0.2097E-03 0.2763E-04 0.1756E-04 0.5189E-06
 214.25        184  23.48     0.5287E-01 0.2247E-01 0.1754E-01 0.7285E-02 0.5116E-02 0.2895E-03 0.1454E-03 0.1799E-04 0.1135E-04 0.2782E-06
 215.42        185  23.54     0.4814E-01 0.2131E-01 0.1600E-01 0.6212E-02 0.4293E-02 0.2035E-03 0.9958E-04 0.1156E-04 0.7251E-05 0.1546E-06
 216.59        186  23.59     0.4359E-01 0.2006E-01 0.1448E-01 0.5247E-02 0.3571E-02 0.1412E-03 0.6732E-04 0.7340E-05 0.4574E-05 0.8228E-07
 217.76        187  23.63     0.3923E-01 0.1874E-01 0.1300E-01 0.4388E-02 0.2943E-02 0.9677E-04 0.4493E-04 0.4597E-05 0.2842E-05 0.3920E-07
 218.93        188  23.67     0.3507E-01 0.1736E-01 0.1158E-01 0.3634E-02 0.2403E-02 0.6548E-04 0.2961E-04 0.2840E-05 0.1741E-05 0.1652E-07
 220.10        189  23.71     0.3115E-01 0.1593E-01 0.1022E-01 0.2979E-02 0.1944E-02 0.4375E-04 0.1927E-04 0.1728E-05 0.1047E-05 0.5159E-08
 221.27        190  23.74     0.2746E-01 0.1450E-01 0.8944E-02 0.2416E-02 0.1557E-02 0.2886E-04 0.1237E-04 0.1037E-05 0.6186E-06  0.000    
 222.44        191  23.77     0.2403E-01 0.1307E-01 0.7754E-02 0.1939E-02 0.1234E-02 0.1880E-04 0.7848E-05 0.6044E-06 0.3500E-06  0.000    
 223.61        192  23.79     0.2086E-01 0.1167E-01 0.6661E-02 0.1539E-02 0.9678E-03 0.1209E-04 0.4910E-05 0.3495E-06 0.1900E-06  0.000    
 224.78        193  23.81     0.1796E-01 0.1032E-01 0.5666E-02 0.1208E-02 0.7512E-03 0.7676E-05 0.3031E-05 0.1788E-06 0.1014E-06  0.000    
 225.95        194  23.83     0.1533E-01 0.9031E-02 0.4774E-02 0.9380E-03 0.5767E-03 0.4808E-05 0.1848E-05 0.8701E-07 0.5356E-07  0.000    
 227.13        195  23.85     0.1297E-01 0.7822E-02 0.3981E-02 0.7199E-03 0.4379E-03 0.2976E-05 0.1107E-05 0.4555E-07 0.2610E-07  0.000    
 228.30        196  23.86     0.1087E-01 0.6704E-02 0.3287E-02 0.5461E-03 0.3288E-03 0.1814E-05 0.6420E-06 0.2366E-07 0.1227E-07  0.000    
 229.47        197  23.87     0.9024E-02 0.5684E-02 0.2685E-02 0.4094E-03 0.2441E-03 0.1090E-05 0.3651E-06 0.8224E-08 0.5281E-08  0.000    
 230.64        198  23.88     0.7420E-02 0.4766E-02 0.2171E-02 0.3033E-03 0.1791E-03 0.6413E-06 0.1959E-06 0.2023E-08 0.2023E-08  0.000    
 231.81        199  23.89     0.6040E-02 0.3952E-02 0.1736E-02 0.2221E-03 0.1299E-03 0.3590E-06 0.1000E-06 0.4100E-09 0.4100E-09  0.000    
 232.98        200  23.89     0.4867E-02 0.3240E-02 0.1373E-02 0.1606E-03 0.9307E-04 0.1951E-06 0.4520E-07  0.000      0.000      0.000    
 234.15        201  23.90     0.3882E-02 0.2627E-02 0.1074E-02 0.1148E-03 0.6590E-04 0.9377E-07 0.1848E-07  0.000      0.000      0.000    
 235.32        202  23.90     0.3062E-02 0.2104E-02 0.8310E-03 0.8098E-04 0.4610E-04 0.4716E-07 0.7766E-08  0.000      0.000      0.000    
 236.49        203  23.90     0.2390E-02 0.1666E-02 0.6357E-03 0.5645E-04 0.3185E-04 0.2240E-07 0.1415E-08  0.000      0.000      0.000    
 237.66        204  23.91     0.1845E-02 0.1304E-02 0.4807E-03 0.3885E-04 0.2173E-04 0.1008E-07 0.3165E-09  0.000      0.000      0.000    
 238.83        205  23.91     0.1408E-02 0.1008E-02 0.3593E-03 0.2640E-04 0.1464E-04 0.1077E-08  0.000      0.000      0.000      0.000    
 240.00        206  23.91     0.1063E-02 0.7700E-03 0.2655E-03 0.1773E-04 0.9747E-05  0.000      0.000      0.000      0.000      0.000    
 241.17        207  23.91     0.7930E-03 0.5810E-03 0.1938E-03 0.1174E-04 0.6405E-05  0.000      0.000      0.000      0.000      0.000    
 242.34        208  23.91     0.5848E-03 0.4331E-03 0.1399E-03 0.7679E-05 0.4154E-05  0.000      0.000      0.000      0.000      0.000    
 243.51        209  23.91     0.4262E-03 0.3189E-03 0.9973E-04 0.4956E-05 0.2662E-05  0.000      0.000      0.000      0.000      0.000    
 244.68        210  23.91     0.3070E-03 0.2319E-03 0.7026E-04 0.3161E-05 0.1684E-05  0.000      0.000      0.000      0.000      0.000    
 245.85        211  23.91     0.2185E-03 0.1665E-03 0.4890E-04 0.1991E-05 0.1047E-05  0.000      0.000      0.000      0.000      0.000    
 247.02        212  23.91     0.1536E-03 0.1181E-03 0.3362E-04 0.1235E-05 0.6449E-06  0.000      0.000      0.000      0.000      0.000    
 248.20        213  23.91     0.1067E-03 0.8273E-04 0.2283E-04 0.7550E-06 0.3930E-06  0.000      0.000      0.000      0.000      0.000    
 249.37        214  23.91     0.7320E-04 0.5721E-04 0.1531E-04 0.4553E-06 0.2327E-06  0.000      0.000      0.000      0.000      0.000    
 250.54        215  23.91     0.4960E-04 0.3906E-04 0.1015E-04 0.2657E-06 0.1338E-06  0.000      0.000      0.000      0.000      0.000    
 251.71        216  23.91     0.3319E-04 0.2633E-04 0.6637E-05 0.1540E-06 0.7707E-07  0.000      0.000      0.000      0.000      0.000    
 252.88        217  23.91     0.2194E-04 0.1752E-04 0.4286E-05 0.8925E-07 0.4336E-07  0.000      0.000      0.000      0.000      0.000    
 254.05        218  23.91     0.1432E-04 0.1151E-04 0.2737E-05 0.4830E-07 0.2137E-07  0.000      0.000      0.000      0.000      0.000    
 255.22        219  23.91     0.9224E-05 0.7464E-05 0.1723E-05 0.2565E-07 0.1139E-07  0.000      0.000      0.000      0.000      0.000    
 256.39        220  23.91     0.5861E-05 0.4778E-05 0.1072E-05 0.9109E-08 0.2499E-08  0.000      0.000      0.000      0.000      0.000    
 257.56        221  23.91     0.3677E-05 0.3018E-05 0.6551E-06 0.2852E-08 0.1125E-08  0.000      0.000      0.000      0.000      0.000    
 258.73        222  23.91     0.2271E-05 0.1882E-05 0.3897E-06  0.000      0.000      0.000      0.000      0.000      0.000      0.000    
 259.90        223  23.91     0.1387E-05 0.1156E-05 0.2310E-06  0.000      0.000      0.000      0.000      0.000      0.000      0.000    
 261.07        224  23.91     0.8291E-06 0.6961E-06 0.1331E-06  0.000      0.000      0.000      0.000      0.000      0.000      0.000    
 262.24        225  23.91     0.4903E-06 0.4137E-06 0.7657E-07  0.000      0.000      0.000      0.000      0.000      0.000      0.000    
 263.41        226  23.91     0.2836E-06 0.2436E-06 0.3998E-07  0.000      0.000      0.000      0.000      0.000      0.000      0.000    
 264.58        227  23.91     0.1595E-06 0.1379E-06 0.2157E-07  0.000      0.000      0.000      0.000      0.000      0.000      0.000    
 265.75        228  23.91     0.8465E-07 0.7525E-07 0.9402E-08  0.000      0.000      0.000      0.000      0.000      0.000      0.000    
 266.92        229  23.91     0.4368E-07 0.4026E-07 0.3417E-08  0.000      0.000      0.000      0.000      0.000      0.000      0.000    
 268.10        230  23.91     0.1698E-07 0.1561E-07 0.1376E-08  0.000      0.000      0.000      0.000      0.000      0.000      0.000    
 269.27        231  23.91     0.6757E-08 0.6757E-08  0.000      0.000      0.000      0.000      0.000      0.000      0.000      0.000    
 270.44        232  23.91     0.7648E-09 0.7648E-09  0.000      0.000      0.000      0.000      0.000      0.000      0.000      0.000    
 271.61        233  23.91      0.000      0.000      0.000      0.000      0.000      0.000      0.000      0.000      0.000      0.000    
 272.78        234  23.91      0.000      0.000      0.000      0.000      0.000      0.000      0.000      0.000      0.000      0.000    
 273.95        235  23.91      0.000      0.000      0.000      0.000      0.000      0.000      0.000      0.000      0.000      0.000    
 275.12        236  23.91      0.000      0.000      0.000      0.000      0.000      0.000      0.000      0.000      0.000      0.000    
 276.29        237  23.91      0.000      0.000      0.000      0.000      0.000      0.000      0.000      0.000      0.000      0.000    
 277.46        238  23.91      0.000      0.000      0.000      0.000      0.000      0.000      0.000      0.000      0.000      0.000    
 278.63        239  23.91      0.000      0.000      0.000      0.000      0.000      0.000      0.000      0.000      0.000      0.000    
 279.80        240  23.91      0.000      0.000      0.000      0.000      0.000      0.000      0.000      0.000      0.000      0.000    
 280.97        241  23.91      0.000      0.000      0.000      0.000      0.000      0.000      0.000      0.000      0.000      0.000    
 282.14        242  23.91      0.000      0.000      0.000      0.000      0.000      0.000      0.000      0.000      0.000      0.000    
 283.31        243  23.91      0.000      0.000      0.000      0.000      0.000      0.000      0.000      0.000      0.000      0.000    
 284.48        244  23.91      0.000      0.000      0.000      0.000      0.000      0.000      0.000      0.000      0.000      0.000    
 285.65        245  23.91      0.000      0.000      0.000      0.000      0.000      0.000      0.000      0.000      0.000      0.000    
 286.82        246  23.91      0.000      0.000      0.000      0.000      0.000      0.000      0.000      0.000      0.000      0.000    
 287.99        247  23.91      0.000      0.000      0.000      0.000      0.000      0.000      0.000      0.000      0.000      0.000    
 289.17        248  23.91      0.000      0.000      0.000      0.000      0.000      0.000      0.000      0.000      0.000      0.000    
 290.34        249  23.91      0.000      0.000      0.000      0.000      0.000      0.000      0.000      0.000      0.000      0.000    
 291.51        250  23.91      0.000      0.000      0.000      0.000      0.000      0.000      0.000      0.000      0.000      0.000    
 292.68        251  23.91      0.000      0.000      0.000      0.000      0.000      0.000      0.000      0.000      0.000      0.000    
 293.85        252  23.91      0.000      0.000      0.000      0.000      0.000      0.000      0.000      0.000      0.000      0.000    
 295.02        253  23.91      0.000      0.000      0.000      0.000      0.000      0.000      0.000      0.000      0.000      0.000    
 296.19        254  23.91      0.000      0.000      0.000      0.000      0.000      0.000      0.000      0.000      0.000      0.000    
 297.36        255  23.91      0.000      0.000      0.000      0.000      0.000      0.000      0.000      0.000      0.000      0.000    
 298.53        256  23.91      0.000      0.000      0.000      0.000      0.000      0.000      0.000      0.000      0.000      0.000    
 299.70        257  23.91      0.000      0.000      0.000      0.000      0.000      0.000      0.000      0.000      0.000      0.000    
 300.87        258  23.91      0.000      0.000      0.000      0.000      0.000      0.000      0.000      0.000      0.000      0.000    
 302.04        259  23.91      0.000      0.000      0.000      0.000      0.000      0.000      0.000      0.000      0.000      0.000    
 303.21        260  23.91      0.000      0.000      0.000      0.000      0.000      0.000      0.000      0.000      0.000      0.000    
 304.38        261  23.91      0.000      0.000      0.000      0.000      0.000      0.000      0.000      0.000      0.000      0.000    
 305.55        262  23.91      0.000      0.000      0.000      0.000      0.000      0.000      0.000      0.000      0.000      0.000    
 306.72        263  23.91      0.000      0.000      0.000      0.000      0.000      0.000      0.000      0.000      0.000      0.000    
 307.89        264  23.91      0.000      0.000      0.000      0.000      0.000      0.000      0.000      0.000      0.000      0.000    
 309.07        265  23.91      0.000      0.000      0.000      0.000      0.000      0.000      0.000      0.000      0.000      0.000    
 310.24        266  23.91      0.000      0.000      0.000      0.000      0.000      0.000      0.000      0.000      0.000      0.000    
 311.41        267  23.91      0.000      0.000      0.000      0.000      0.000      0.000      0.000      0.000      0.000      0.000    
 312.58        268  23.91      0.000      0.000      0.000      0.000      0.000      0.000      0.000      0.000      0.000      0.000    
 313.75        269  23.91      0.000      0.000      0.000      0.000      0.000      0.000      0.000      0.000      0.000      0.000    
 314.92        270  23.91      0.000      0.000      0.000      0.000      0.000      0.000      0.000      0.000      0.000      0.000    
 316.09        271  23.91      0.000      0.000      0.000      0.000      0.000      0.000      0.000      0.000      0.000      0.000    
 317.26        272  23.91      0.000      0.000      0.000      0.000      0.000      0.000      0.000      0.000      0.000      0.000    
 318.43        273  23.91      0.000      0.000      0.000      0.000      0.000      0.000      0.000      0.000      0.000      0.000    
 319.60        274  23.91      0.000      0.000      0.000      0.000      0.000      0.000      0.000      0.000      0.000      0.000    
 320.77        275  23.91      0.000      0.000      0.000      0.000      0.000      0.000      0.000      0.000      0.000      0.000    
 321.94        276  23.91      0.000      0.000      0.000      0.000      0.000      0.000      0.000      0.000      0.000      0.000    
 323.11        277  23.91      0.000      0.000      0.000      0.000      0.000      0.000      0.000      0.000      0.000      0.000    
 324.28        278  23.91      0.000      0.000      0.000      0.000      0.000      0.000      0.000      0.000      0.000      0.000    
 325.45        279  23.91      0.000      0.000      0.000      0.000      0.000      0.000      0.000      0.000      0.000      0.000    
 326.62        280  23.91      0.000      0.000      0.000      0.000      0.000      0.000      0.000      0.000      0.000      0.000    
 327.79        281  23.91      0.000      0.000      0.000      0.000      0.000      0.000      0.000      0.000      0.000      0.000    
 328.96        282  23.91      0.000      0.000      0.000      0.000      0.000      0.000      0.000      0.000      0.000      0.000    
 330.14        283  23.91      0.000      0.000      0.000      0.000      0.000      0.000      0.000      0.000      0.000      0.000    
 331.31        284  23.91      0.000      0.000      0.000      0.000      0.000      0.000      0.000      0.000      0.000      0.000    
 332.48        285  23.91      0.000      0.000      0.000      0.000      0.000      0.000      0.000      0.000      0.000      0.000    
 333.65        286  23.91      0.000      0.000      0.000      0.000      0.000      0.000      0.000      0.000      0.000      0.000    
 334.82        287  23.91      0.000      0.000      0.000      0.000      0.000      0.000      0.000      0.000      0.000      0.000    
 335.99        288  23.91      0.000      0.000      0.000      0.000      0.000      0.000      0.000      0.000      0.000      0.000    
 337.16        289  23.91      0.000      0.000      0.000      0.000      0.000      0.000      0.000      0.000      0.000      0.000    
 338.33        290  23.91      0.000      0.000      0.000      0.000      0.000      0.000      0.000      0.000      0.000      0.000    
 339.50        291  23.91      0.000      0.000      0.000      0.000      0.000      0.000      0.000      0.000      0.000      0.000    
 340.67        292  23.91      0.000      0.000      0.000      0.000      0.000      0.000      0.000      0.000      0.000      0.000    
 341.84        293  23.91      0.000      0.000      0.000      0.000      0.000      0.000      0.000      0.000      0.000      0.000    
 343.01        294  23.91      0.000      0.000      0.000      0.000      0.000      0.000      0.000      0.000      0.000      0.000    
 344.18        295  23.91      0.000      0.000      0.000      0.000      0.000      0.000      0.000      0.000      0.000      0.000    
 345.35        296  23.91      0.000      0.000      0.000      0.000      0.000      0.000      0.000      0.000      0.000      0.000    
 346.52        297  23.91      0.000      0.000      0.000      0.000      0.000      0.000      0.000      0.000      0.000      0.000    
 347.69        298  23.91      0.000      0.000      0.000      0.000      0.000      0.000      0.000      0.000      0.000      0.000    
 348.86        299  23.91      0.000      0.000      0.000      0.000      0.000      0.000      0.000      0.000      0.000      0.000    
 350.04        300  23.91      0.000      0.000      0.000      0.000      0.000      0.000      0.000      0.000      0.000      0.000    
