 # om(i),i,integrated_dos,total_dos,(dos(n+1-la,i),la=1,n))
0.52000E-01      1 0.1620E-02 0.1870E-02  0.000      0.000      0.000     0.6232E-03 0.6232E-03 0.6232E-03
0.92011          2 0.3238E-02 0.1866E-02  0.000      0.000      0.000     0.6220E-03 0.6220E-03 0.6220E-03
 1.7882          3 0.4840E-02 0.1848E-02  0.000      0.000      0.000     0.6162E-03 0.6162E-03 0.6161E-03
 2.6563          4 0.6415E-02 0.1817E-02  0.000      0.000      0.000     0.6058E-03 0.6058E-03 0.6057E-03
 3.5245          5 0.7951E-02 0.1773E-02  0.000      0.000      0.000     0.5911E-03 0.5911E-03 0.5910E-03
 4.3926          6 0.9440E-02 0.1717E-02  0.000      0.000      0.000     0.5725E-03 0.5725E-03 0.5724E-03
 5.2607          7 0.1087E-01 0.1651E-02  0.000      0.000      0.000     0.5503E-03 0.5503E-03 0.5501E-03
 6.1288          8 0.1223E-01 0.1575E-02  0.000      0.000      0.000     0.5249E-03 0.5249E-03 0.5248E-03
 6.9969          9 0.1353E-01 0.1491E-02  0.000      0.000      0.000     0.4970E-03 0.4970E-03 0.4968E-03
 7.8650         10 0.1474E-01 0.1401E-02  0.000      0.000      0.000     0.4670E-03 0.4670E-03 0.4669E-03
 8.7331         11 0.1587E-01 0.1307E-02  0.000      0.000      0.000     0.4356E-03 0.4356E-03 0.4354E-03
 9.6012         12 0.1692E-01 0.1209E-02  0.000      0.000      0.000     0.4032E-03 0.4032E-03 0.4030E-03
 10.469         13 0.1788E-01 0.1111E-02  0.000      0.000      0.000     0.3704E-03 0.3704E-03 0.3702E-03
 11.337         14 0.1876E-01 0.1013E-02  0.000      0.000      0.000     0.3377E-03 0.3377E-03 0.3375E-03
 12.206         15 0.1956E-01 0.9167E-03  0.000      0.000      0.000     0.3056E-03 0.3056E-03 0.3054E-03
 13.074         16 0.2027E-01 0.8233E-03  0.000      0.000      0.000     0.2745E-03 0.2745E-03 0.2743E-03
 13.942         17 0.2091E-01 0.7339E-03  0.000      0.000      0.000     0.2447E-03 0.2447E-03 0.2445E-03
 14.810         18 0.2147E-01 0.6493E-03  0.000      0.000      0.000     0.2165E-03 0.2165E-03 0.2163E-03
 15.678         19 0.2196E-01 0.5701E-03  0.000      0.000      0.000     0.1901E-03 0.1901E-03 0.1899E-03
 16.546         20 0.2239E-01 0.4968E-03  0.000      0.000      0.000     0.1657E-03 0.1657E-03 0.1655E-03
 17.414         21 0.2277E-01 0.4297E-03  0.000      0.000      0.000     0.1433E-03 0.1433E-03 0.1432E-03
 18.282         22 0.2309E-01 0.3689E-03  0.000      0.000      0.000     0.1230E-03 0.1230E-03 0.1229E-03
 19.150         23 0.2336E-01 0.3143E-03  0.000      0.000      0.000     0.1048E-03 0.1048E-03 0.1047E-03
 20.019         24 0.2359E-01 0.2658E-03  0.000      0.000      0.000     0.8862E-04 0.8862E-04 0.8853E-04
 20.887         25 0.2378E-01 0.2230E-03  0.000      0.000      0.000     0.7437E-04 0.7437E-04 0.7430E-04
 21.755         26 0.2394E-01 0.1858E-03  0.000      0.000      0.000     0.6195E-04 0.6195E-04 0.6188E-04
 22.623         27 0.2408E-01 0.1536E-03  0.000      0.000      0.000     0.5121E-04 0.5121E-04 0.5116E-04
 23.491         28 0.2419E-01 0.1260E-03  0.000      0.000      0.000     0.4202E-04 0.4202E-04 0.4197E-04
 24.359         29 0.2427E-01 0.1026E-03  0.000      0.000      0.000     0.3422E-04 0.3422E-04 0.3418E-04
 25.227         30 0.2435E-01 0.8294E-04  0.000      0.000      0.000     0.2766E-04 0.2766E-04 0.2762E-04
 26.095         31 0.2440E-01 0.6653E-04  0.000      0.000      0.000     0.2218E-04 0.2218E-04 0.2216E-04
 26.964         32 0.2445E-01 0.5296E-04  0.000      0.000      0.000     0.1766E-04 0.1766E-04 0.1764E-04
 27.832         33 0.2449E-01 0.4185E-04  0.000      0.000      0.000     0.1396E-04 0.1396E-04 0.1394E-04
 28.700         34 0.2451E-01 0.3282E-04  0.000      0.000      0.000     0.1094E-04 0.1094E-04 0.1093E-04
 29.568         35 0.2454E-01 0.2554E-04  0.000      0.000      0.000     0.8518E-05 0.8518E-05 0.8506E-05
 30.436         36 0.2455E-01 0.1973E-04  0.000      0.000      0.000     0.6580E-05 0.6580E-05 0.6570E-05
 31.304         37 0.2457E-01 0.1513E-04  0.000      0.000      0.000     0.5045E-05 0.5045E-05 0.5037E-05
 32.172         38 0.2458E-01 0.1151E-04  0.000      0.000      0.000     0.3839E-05 0.3839E-05 0.3833E-05
 33.040         39 0.2458E-01 0.8693E-05  0.000      0.000      0.000     0.2899E-05 0.2899E-05 0.2894E-05
 33.908         40 0.2459E-01 0.6516E-05  0.000      0.000      0.000     0.2173E-05 0.2173E-05 0.2169E-05
 34.777         41 0.2459E-01 0.4847E-05  0.000      0.000      0.000     0.1617E-05 0.1617E-05 0.1614E-05
 35.645         42 0.2460E-01 0.3579E-05  0.000      0.000      0.000     0.1194E-05 0.1194E-05 0.1192E-05
 36.513         43 0.2460E-01 0.2622E-05  0.000      0.000      0.000     0.8747E-06 0.8747E-06 0.8731E-06
 37.381         44 0.2460E-01 0.1907E-05  0.000      0.000      0.000     0.6361E-06 0.6361E-06 0.6350E-06
 38.249         45 0.2460E-01 0.1377E-05  0.000      0.000      0.000     0.4592E-06 0.4592E-06 0.4583E-06
 39.117         46 0.2460E-01 0.9863E-06  0.000      0.000      0.000     0.3290E-06 0.3290E-06 0.3283E-06
 39.985         47 0.2460E-01 0.7013E-06  0.000      0.000      0.000     0.2339E-06 0.2339E-06 0.2334E-06
 40.853         48 0.2460E-01 0.4949E-06  0.000      0.000      0.000     0.1651E-06 0.1651E-06 0.1647E-06
 41.721         49 0.2460E-01 0.3466E-06  0.000      0.000      0.000     0.1156E-06 0.1156E-06 0.1154E-06
 42.590         50 0.2460E-01 0.2409E-06  0.000      0.000      0.000     0.8037E-07 0.8037E-07 0.8020E-07
 43.458         51 0.2461E-01 0.1662E-06  0.000      0.000      0.000     0.5545E-07 0.5545E-07 0.5533E-07
 44.326         52 0.2461E-01 0.1138E-06  0.000      0.000      0.000     0.3797E-07 0.3797E-07 0.3788E-07
 45.194         53 0.2461E-01 0.7735E-07  0.000      0.000      0.000     0.2580E-07 0.2580E-07 0.2574E-07
 46.062         54 0.2461E-01 0.5217E-07  0.000      0.000      0.000     0.1740E-07 0.1740E-07 0.1736E-07
 46.930         55 0.2461E-01 0.3492E-07  0.000      0.000      0.000     0.1165E-07 0.1165E-07 0.1162E-07
 47.798         56 0.2461E-01 0.2320E-07  0.000      0.000      0.000     0.7740E-08 0.7740E-08 0.7722E-08
 48.666         57 0.2461E-01 0.4227E-07  0.000      0.000      0.000     0.5104E-08 0.1859E-07 0.1858E-07
 49.534         58 0.2461E-01 0.9325E-07  0.000      0.000      0.000     0.3341E-08 0.4496E-07 0.4495E-07
 50.403         59 0.2461E-01 0.1270E-06  0.000      0.000      0.000      0.000     0.6349E-07 0.6349E-07
 51.271         60 0.2461E-01 0.1922E-06  0.000      0.000      0.000      0.000     0.9612E-07 0.9612E-07
 52.139         61 0.2461E-01 0.2889E-06  0.000      0.000      0.000      0.000     0.1444E-06 0.1444E-06
 53.007         62 0.2461E-01 0.4309E-06  0.000      0.000      0.000      0.000     0.2154E-06 0.2154E-06
 53.875         63 0.2461E-01 0.6378E-06  0.000      0.000      0.000      0.000     0.3189E-06 0.3189E-06
 54.743         64 0.2461E-01 0.9371E-06  0.000      0.000      0.000      0.000     0.4686E-06 0.4686E-06
 55.611         65 0.2461E-01 0.1367E-05  0.000      0.000      0.000      0.000     0.6833E-06 0.6833E-06
 56.479         66 0.2461E-01 0.1978E-05  0.000      0.000      0.000      0.000     0.9890E-06 0.9890E-06
 57.347         67 0.2461E-01 0.2842E-05  0.000      0.000      0.000      0.000     0.1421E-05 0.1421E-05
 58.216         68 0.2462E-01 0.4052E-05  0.000      0.000      0.000      0.000     0.2026E-05 0.2026E-05
 59.084         69 0.2462E-01 0.5734E-05  0.000      0.000      0.000      0.000     0.2867E-05 0.2867E-05
 59.952         70 0.2463E-01 0.8054E-05  0.000      0.000      0.000      0.000     0.4027E-05 0.4027E-05
 60.820         71 0.2464E-01 0.1123E-04  0.000      0.000      0.000      0.000     0.5614E-05 0.5614E-05
 61.688         72 0.2465E-01 0.1554E-04  0.000      0.000      0.000      0.000     0.7768E-05 0.7768E-05
 62.556         73 0.2467E-01 0.2134E-04  0.000      0.000      0.000      0.000     0.1067E-04 0.1067E-04
 63.424         74 0.2470E-01 0.2908E-04  0.000      0.000      0.000      0.000     0.1454E-04 0.1454E-04
 64.292         75 0.2473E-01 0.3935E-04  0.000      0.000      0.000      0.000     0.1967E-04 0.1967E-04
 65.161         76 0.2478E-01 0.5283E-04  0.000      0.000      0.000      0.000     0.2642E-04 0.2642E-04
 66.029         77 0.2484E-01 0.7042E-04  0.000      0.000      0.000      0.000     0.3521E-04 0.3521E-04
 66.897         78 0.2492E-01 0.9315E-04  0.000      0.000      0.000      0.000     0.4657E-04 0.4657E-04
 67.765         79 0.2502E-01 0.1223E-03  0.000      0.000      0.000      0.000     0.6115E-04 0.6115E-04
 68.633         80 0.2516E-01 0.1594E-03  0.000      0.000      0.000      0.000     0.7968E-04 0.7968E-04
 69.501         81 0.2534E-01 0.2061E-03  0.000      0.000      0.000      0.000     0.1031E-03 0.1031E-03
 70.369         82 0.2557E-01 0.2646E-03  0.000      0.000      0.000      0.000     0.1323E-03 0.1323E-03
 71.237         83 0.2586E-01 0.3371E-03  0.000      0.000      0.000      0.000     0.1686E-03 0.1686E-03
 72.105         84 0.2623E-01 0.4263E-03  0.000      0.000      0.000      0.000     0.2131E-03 0.2132E-03
 72.974         85 0.2669E-01 0.5351E-03  0.000      0.000      0.000      0.000     0.2675E-03 0.2675E-03
 73.842         86 0.2727E-01 0.6666E-03  0.000      0.000      0.000      0.000     0.3333E-03 0.3333E-03
 74.710         87 0.2799E-01 0.8242E-03  0.000      0.000      0.000      0.000     0.4121E-03 0.4121E-03
 75.578         88 0.2886E-01 0.1011E-02  0.000      0.000      0.000      0.000     0.5057E-03 0.5057E-03
 76.446         89 0.2993E-01 0.1232E-02  0.000      0.000      0.000      0.000     0.6160E-03 0.6160E-03
 77.314         90 0.3122E-01 0.1489E-02  0.000      0.000      0.000      0.000     0.7446E-03 0.7446E-03
 78.182         91 0.3277E-01 0.1787E-02  0.000      0.000      0.000      0.000     0.8935E-03 0.8935E-03
 79.050         92 0.3461E-01 0.2128E-02  0.000      0.000      0.000      0.000     0.1064E-02 0.1064E-02
 79.918         93 0.3679E-01 0.2516E-02  0.000      0.000      0.000      0.000     0.1258E-02 0.1258E-02
 80.787         94 0.3935E-01 0.2951E-02  0.000      0.000      0.000      0.000     0.1476E-02 0.1476E-02
 81.655         95 0.4233E-01 0.3436E-02  0.000      0.000      0.000      0.000     0.1718E-02 0.1718E-02
 82.523         96 0.4577E-01 0.3972E-02  0.000      0.000      0.000      0.000     0.1986E-02 0.1986E-02
 83.391         97 0.4972E-01 0.4556E-02  0.000      0.000      0.000      0.000     0.2278E-02 0.2278E-02
 84.259         98 0.5422E-01 0.5187E-02  0.000      0.000      0.000      0.000     0.2593E-02 0.2593E-02
 85.127         99 0.5930E-01 0.5861E-02  0.000      0.000      0.000      0.000     0.2930E-02 0.2930E-02
 85.995        100 0.6499E-01 0.6573E-02  0.000      0.000      0.000      0.000     0.3287E-02 0.3287E-02
 86.863        101 0.7133E-01 0.7317E-02  0.000      0.000      0.000      0.000     0.3659E-02 0.3659E-02
 87.731        102 0.7834E-01 0.8084E-02  0.000      0.000      0.000      0.000     0.4042E-02 0.4042E-02
 88.600        103 0.8602E-01 0.8865E-02  0.000      0.000      0.000      0.000     0.4433E-02 0.4433E-02
 89.468        104 0.9439E-01 0.9649E-02  0.000      0.000      0.000      0.000     0.4824E-02 0.4825E-02
 90.336        105 0.1034     0.1042E-01  0.000      0.000      0.000      0.000     0.5212E-02 0.5212E-02
 91.204        106 0.1131     0.1118E-01  0.000      0.000      0.000      0.000     0.5588E-02 0.5589E-02
 92.072        107 0.1234     0.1189E-01  0.000      0.000      0.000      0.000     0.5947E-02 0.5948E-02
 92.940        108 0.1343     0.1256E-01  0.000      0.000      0.000      0.000     0.6281E-02 0.6282E-02
 93.808        109 0.1457     0.1317E-01  0.000      0.000      0.000      0.000     0.6585E-02 0.6587E-02
 94.676        110 0.1576     0.1371E-01  0.000      0.000      0.000      0.000     0.6852E-02 0.6855E-02
 95.544        111 0.1699     0.1416E-01  0.000      0.000      0.000      0.000     0.7077E-02 0.7081E-02
 96.413        112 0.1824     0.1452E-01  0.000      0.000      0.000      0.000     0.7255E-02 0.7260E-02
 97.281        113 0.1953     0.1477E-01  0.000      0.000      0.000      0.000     0.7383E-02 0.7390E-02
 98.149        114 0.2082     0.1492E-01  0.000      0.000      0.000      0.000     0.7457E-02 0.7467E-02
 99.017        115 0.2212     0.1497E-01  0.000      0.000      0.000      0.000     0.7476E-02 0.7490E-02
 99.885        116 0.2341     0.1490E-01  0.000      0.000      0.000      0.000     0.7441E-02 0.7460E-02
 100.75        117 0.2468     0.1473E-01  0.000      0.000      0.000      0.000     0.7351E-02 0.7378E-02
 101.62        118 0.2594     0.1446E-01  0.000      0.000      0.000      0.000     0.7211E-02 0.7247E-02
 102.49        119 0.2716     0.1409E-01  0.000      0.000      0.000      0.000     0.7023E-02 0.7071E-02
 103.36        120 0.2834     0.1365E-01  0.000      0.000      0.000      0.000     0.6792E-02 0.6857E-02
 104.23        121 0.2948     0.1313E-01  0.000      0.000      0.000      0.000     0.6524E-02 0.6611E-02
 105.09        122 0.3057     0.1257E-01  0.000      0.000      0.000      0.000     0.6225E-02 0.6340E-02
 105.96        123 0.3160     0.1196E-01  0.000      0.000      0.000      0.000     0.5903E-02 0.6053E-02
 106.83        124 0.3259     0.1133E-01  0.000      0.000      0.000      0.000     0.5565E-02 0.5761E-02
 107.70        125 0.3351     0.1069E-01  0.000      0.000      0.000      0.000     0.5217E-02 0.5471E-02
 108.57        126 0.3438     0.1006E-01  0.000      0.000      0.000      0.000     0.4869E-02 0.5195E-02
 109.43        127 0.3521     0.9471E-02  0.000      0.000      0.000      0.000     0.4528E-02 0.4943E-02
 110.30        128 0.3598     0.8925E-02  0.000      0.000      0.000      0.000     0.4199E-02 0.4726E-02
 111.17        129 0.3671     0.8442E-02  0.000      0.000      0.000      0.000     0.3890E-02 0.4552E-02
 112.04        130 0.3741     0.8039E-02  0.000      0.000      0.000      0.000     0.3607E-02 0.4432E-02
 112.91        131 0.3808     0.7730E-02  0.000      0.000      0.000      0.000     0.3354E-02 0.4376E-02
 113.77        132 0.3873     0.7528E-02  0.000      0.000      0.000      0.000     0.3136E-02 0.4392E-02
 114.64        133 0.3937     0.7444E-02  0.000      0.000      0.000      0.000     0.2955E-02 0.4489E-02
 115.51        134 0.4002     0.7488E-02  0.000      0.000      0.000      0.000     0.2815E-02 0.4673E-02
 116.38        135 0.4069     0.7667E-02  0.000      0.000      0.000      0.000     0.2716E-02 0.4951E-02
 117.25        136 0.4138     0.7988E-02  0.000      0.000      0.000      0.000     0.2660E-02 0.5328E-02
 118.12        137 0.4211     0.8454E-02  0.000      0.000      0.000      0.000     0.2646E-02 0.5808E-02
 118.98        138 0.4290     0.9066E-02  0.000      0.000      0.000      0.000     0.2672E-02 0.6394E-02
 119.85        139 0.4375     0.9823E-02  0.000      0.000      0.000      0.000     0.2737E-02 0.7085E-02
 120.72        140 0.4468     0.1072E-01  0.000      0.000      0.000      0.000     0.2839E-02 0.7882E-02
 121.59        141 0.4570     0.1175E-01  0.000      0.000      0.000      0.000     0.2973E-02 0.8779E-02
 122.46        142 0.4682     0.1291E-01  0.000      0.000      0.000      0.000     0.3136E-02 0.9774E-02
 123.32        143 0.4805     0.1418E-01  0.000      0.000      0.000      0.000     0.3323E-02 0.1086E-01
 124.19        144 0.4939     0.1555E-01  0.000      0.000      0.000      0.000     0.3529E-02 0.1202E-01
 125.06        145 0.5087     0.1699E-01  0.000      0.000      0.000      0.000     0.3748E-02 0.1324E-01
 125.93        146 0.5247     0.1850E-01  0.000      0.000      0.000      0.000     0.3976E-02 0.1452E-01
 126.80        147 0.5421     0.2004E-01  0.000      0.000      0.000      0.000     0.4206E-02 0.1584E-01
 127.66        148 0.5608     0.2160E-01  0.000      0.000      0.000      0.000     0.4432E-02 0.1717E-01
 128.53        149 0.5808     0.2314E-01  0.000      0.000      0.000      0.000     0.4649E-02 0.1849E-01
 129.40        150 0.6022     0.2464E-01  0.000      0.000      0.000      0.000     0.4850E-02 0.1979E-01
 130.27        151 0.6248     0.2607E-01  0.000      0.000      0.000      0.000     0.5031E-02 0.2104E-01
 131.14        152 0.6485     0.2741E-01  0.000      0.000      0.000      0.000     0.5187E-02 0.2222E-01
 132.01        153 0.6734     0.2863E-01  0.000      0.000      0.000      0.000     0.5313E-02 0.2331E-01
 132.87        154 0.6991     0.2970E-01  0.000      0.000      0.000      0.000     0.5407E-02 0.2429E-01
 133.74        155 0.7256     0.3060E-01  0.000      0.000      0.000      0.000     0.5466E-02 0.2513E-01
 134.61        156 0.7527     0.3132E-01  0.000      0.000      0.000      0.000     0.5487E-02 0.2583E-01
 135.48        157 0.7803     0.3183E-01  0.000      0.000      0.000      0.000     0.5471E-02 0.2636E-01
 136.35        158 0.8082     0.3214E-01  0.000      0.000      0.000      0.000     0.5416E-02 0.2672E-01
 137.21        159 0.8361     0.3222E-01  0.000      0.000      0.000      0.000     0.5324E-02 0.2690E-01
 138.08        160 0.8639     0.3208E-01  0.000      0.000      0.000      0.000     0.5197E-02 0.2689E-01
 138.95        161 0.8914     0.3173E-01  0.000      0.000      0.000      0.000     0.5037E-02 0.2669E-01
 139.82        162 0.9184     0.3116E-01  0.000      0.000      0.000      0.000     0.4847E-02 0.2632E-01
 140.69        163 0.9448     0.3040E-01  0.000      0.000      0.000      0.000     0.4630E-02 0.2577E-01
 141.55        164 0.9703     0.2945E-01  0.000      0.000      0.000      0.000     0.4392E-02 0.2506E-01
 142.42        165 0.9948     0.2833E-01  0.000      0.000      0.000      0.000     0.4136E-02 0.2420E-01
 143.29        166  1.018     0.2707E-01  0.000      0.000      0.000      0.000     0.3867E-02 0.2321E-01
 144.16        167  1.041     0.2569E-01  0.000      0.000      0.000      0.000     0.3590E-02 0.2210E-01
 145.03        168  1.062     0.2422E-01  0.000      0.000      0.000      0.000     0.3308E-02 0.2091E-01
 145.90        169  1.081     0.2267E-01  0.000      0.000      0.000      0.000     0.3027E-02 0.1964E-01
 146.76        170  1.099     0.2108E-01  0.000      0.000      0.000      0.000     0.2750E-02 0.1833E-01
 147.63        171  1.116     0.1946E-01  0.000      0.000      0.000      0.000     0.2480E-02 0.1698E-01
 148.50        172  1.132     0.1785E-01  0.000      0.000      0.000      0.000     0.2221E-02 0.1563E-01
 149.37        173  1.146     0.1626E-01  0.000      0.000      0.000      0.000     0.1975E-02 0.1428E-01
 150.24        174  1.159     0.1471E-01  0.000      0.000      0.000      0.000     0.1744E-02 0.1296E-01
 151.10        175  1.170     0.1322E-01  0.000      0.000      0.000      0.000     0.1530E-02 0.1169E-01
 151.97        176  1.180     0.1180E-01  0.000      0.000      0.000      0.000     0.1333E-02 0.1046E-01
 152.84        177  1.189     0.1046E-01  0.000      0.000      0.000      0.000     0.1155E-02 0.9302E-02
 153.71        178  1.197     0.9210E-02  0.000      0.000      0.000      0.000     0.9960E-03 0.8214E-02
 154.58        179  1.204     0.8060E-02  0.000      0.000      0.000      0.000     0.8555E-03 0.7204E-02
 155.44        180  1.210     0.7009E-02  0.000      0.000      0.000      0.000     0.7338E-03 0.6275E-02
 156.31        181  1.216     0.6059E-02  0.000      0.000      0.000      0.000     0.6306E-03 0.5429E-02
 157.18        182  1.220     0.5210E-02  0.000      0.000      0.000      0.000     0.5455E-03 0.4665E-02
 158.05        183  1.224     0.4459E-02  0.000      0.000      0.000      0.000     0.4785E-03 0.3981E-02
 158.92        184  1.227     0.3804E-02  0.000      0.000      0.000      0.000     0.4295E-03 0.3375E-02
 159.78        185  1.230     0.3241E-02  0.000      0.000      0.000      0.000     0.3986E-03 0.2842E-02
 160.65        186  1.233     0.2764E-02  0.000      0.000      0.000      0.000     0.3863E-03 0.2378E-02
 161.52        187  1.235     0.2371E-02  0.000      0.000      0.000      0.000     0.3935E-03 0.1978E-02
 162.39        188  1.236     0.2057E-02  0.000      0.000      0.000      0.000     0.4215E-03 0.1636E-02
 163.26        189  1.238     0.1818E-02  0.000      0.000      0.000      0.000     0.4720E-03 0.1346E-02
 164.13        190  1.239     0.1651E-02  0.000      0.000      0.000      0.000     0.5475E-03 0.1104E-02
 164.99        191  1.241     0.1554E-02  0.000      0.000      0.000      0.000     0.6505E-03 0.9039E-03
 165.86        192  1.242     0.1526E-02  0.000      0.000      0.000      0.000     0.7847E-03 0.7411E-03
 166.73        193  1.243     0.1565E-02  0.000      0.000      0.000      0.000     0.9539E-03 0.6113E-03
 167.60        194  1.245     0.1673E-02  0.000      0.000      0.000      0.000     0.1162E-02 0.5105E-03
 168.47        195  1.246     0.1851E-02  0.000      0.000      0.000      0.000     0.1415E-02 0.4354E-03
 169.33        196  1.248     0.2100E-02  0.000      0.000      0.000      0.000     0.1717E-02 0.3830E-03
 170.20        197  1.250     0.2426E-02  0.000      0.000      0.000      0.000     0.2074E-02 0.3512E-03
 171.07        198  1.253     0.2829E-02  0.000      0.000      0.000      0.000     0.2492E-02 0.3378E-03
 171.94        199  1.256     0.3316E-02  0.000      0.000      0.000      0.000     0.2974E-02 0.3416E-03
 172.81        200  1.259     0.3888E-02  0.000      0.000      0.000      0.000     0.3527E-02 0.3614E-03
 173.67        201  1.263     0.4551E-02  0.000      0.000      0.000      0.000     0.4155E-02 0.3965E-03
 174.54        202  1.268     0.5307E-02  0.000      0.000      0.000     0.2278E-07 0.4860E-02 0.4464E-03
 175.41        203  1.273     0.6157E-02  0.000      0.000      0.000     0.3491E-07 0.5646E-02 0.5109E-03
 176.28        204  1.279     0.7103E-02  0.000      0.000      0.000     0.5309E-07 0.6514E-02 0.5899E-03
 177.15        205  1.286     0.8144E-02  0.000      0.000      0.000     0.8013E-07 0.7461E-02 0.6831E-03
 178.02        206  1.294     0.9277E-02  0.000      0.000      0.000     0.1200E-06 0.8487E-02 0.7906E-03
 178.88        207  1.303     0.1050E-01  0.000      0.000      0.000     0.1785E-06 0.9585E-02 0.9121E-03
 179.75        208  1.314     0.1180E-01  0.000      0.000      0.000     0.2633E-06 0.1075E-01 0.1047E-02
 180.62        209  1.325     0.1316E-01  0.000      0.000      0.000     0.3856E-06 0.1197E-01 0.1195E-02
 181.49        210  1.338     0.1459E-01  0.000      0.000      0.000     0.5605E-06 0.1323E-01 0.1356E-02
 182.36        211  1.352     0.1605E-01  0.000      0.000      0.000     0.8234E-06 0.1453E-01 0.1527E-02
 183.22        212  1.367     0.1754E-01  0.000      0.000      0.000     0.1180E-05 0.1583E-01 0.1708E-02
 184.09        213  1.383     0.1903E-01  0.000      0.000      0.000     0.1680E-05 0.1713E-01 0.1896E-02
 184.96        214  1.401     0.2050E-01  0.000      0.000      0.000     0.2373E-05 0.1841E-01 0.2089E-02
 185.83        215  1.420     0.2193E-01  0.000      0.000      0.000     0.3326E-05 0.1965E-01 0.2286E-02
 186.70        216  1.440     0.2330E-01  0.000      0.000      0.000     0.4629E-05 0.2081E-01 0.2482E-02
 187.56        217  1.461     0.2457E-01  0.000      0.000      0.000     0.6395E-05 0.2189E-01 0.2675E-02
 188.43        218  1.484     0.2573E-01  0.000      0.000      0.000     0.8768E-05 0.2286E-01 0.2861E-02
 189.30        219  1.507     0.2676E-01  0.000      0.000      0.000     0.1193E-04 0.2371E-01 0.3037E-02
 190.17        220  1.531     0.2762E-01  0.000      0.000      0.000     0.1612E-04 0.2441E-01 0.3200E-02
 191.04        221  1.555     0.2832E-01  0.000      0.000      0.000     0.2162E-04 0.2495E-01 0.3346E-02
 191.91        222  1.580     0.2882E-01  0.000      0.000      0.000     0.2879E-04 0.2532E-01 0.3473E-02
 192.77        223  1.606     0.2913E-01  0.000      0.000      0.000     0.3804E-04 0.2552E-01 0.3577E-02
 193.64        224  1.631     0.2924E-01  0.000      0.000      0.000     0.4991E-04 0.2553E-01 0.3657E-02
 194.51        225  1.656     0.2913E-01  0.000      0.000      0.000     0.6499E-04 0.2536E-01 0.3711E-02
 195.38        226  1.681     0.2883E-01  0.000      0.000      0.000     0.8402E-04 0.2501E-01 0.3737E-02
 196.25        227  1.706     0.2833E-01  0.000      0.000      0.000     0.1078E-03 0.2449E-01 0.3736E-02
 197.11        228  1.730     0.2765E-01  0.000      0.000      0.000     0.1374E-03 0.2381E-01 0.3706E-02
 197.98        229  1.753     0.2680E-01  0.000      0.000      0.000     0.1738E-03 0.2298E-01 0.3648E-02
 198.85        230  1.775     0.2580E-01  0.000      0.000      0.000     0.2182E-03 0.2202E-01 0.3565E-02
 199.72        231  1.797     0.2468E-01  0.000      0.000      0.000     0.2720E-03 0.2095E-01 0.3458E-02
 200.59        232  1.817     0.2345E-01  0.000      0.000      0.000     0.3367E-03 0.1979E-01 0.3328E-02
 201.45        233  1.836     0.2215E-01  0.000      0.000      0.000     0.4137E-03 0.1855E-01 0.3179E-02
 202.32        234  1.854     0.2079E-01  0.000      0.000      0.000     0.5047E-03 0.1727E-01 0.3015E-02
 203.19        235  1.871     0.1941E-01  0.000      0.000      0.000     0.6114E-03 0.1596E-01 0.2837E-02
 204.06        236  1.887     0.1803E-01  0.000      0.000      0.000     0.7353E-03 0.1465E-01 0.2649E-02
 204.93        237  1.901     0.1668E-01  0.000      0.000      0.000     0.8781E-03 0.1335E-01 0.2456E-02
 205.79        238  1.915     0.1537E-01  0.000      0.000      0.000     0.1041E-02 0.1207E-01 0.2259E-02
 206.66        239  1.927     0.1413E-01  0.000      0.000      0.000     0.1226E-02 0.1084E-01 0.2063E-02
 207.53        240  1.938     0.1296E-01  0.000      0.000      0.000     0.1433E-02 0.9659E-02 0.1870E-02
 208.40        241  1.948     0.1189E-01  0.000      0.000      0.000     0.1664E-02 0.8547E-02 0.1682E-02
 209.27        242  1.958     0.1093E-01  0.000      0.000      0.000     0.1919E-02 0.7508E-02 0.1501E-02
 210.14        243  1.966     0.1007E-01  0.000      0.000      0.000     0.2197E-02 0.6548E-02 0.1330E-02
 211.00        244  1.975     0.9336E-02  0.000      0.000      0.000     0.2498E-02 0.5669E-02 0.1169E-02
 211.87        245  1.982     0.8714E-02  0.000      0.000      0.000     0.2821E-02 0.4872E-02 0.1021E-02
 212.74        246  1.989     0.8205E-02  0.000      0.000      0.000     0.3164E-02 0.4157E-02 0.8840E-03
 213.61        247  1.996     0.7806E-02  0.000      0.000      0.000     0.3525E-02 0.3521E-02 0.7599E-03
 214.48        248  2.003     0.7509E-02  0.000      0.000      0.000     0.3900E-02 0.2960E-02 0.6484E-03
 215.34        249  2.009     0.7306E-02  0.000      0.000      0.000     0.4286E-02 0.2471E-02 0.5490E-03
 216.21        250  2.015     0.7188E-02  0.000      0.000      0.000     0.4679E-02 0.2047E-02 0.4614E-03
 217.08        251  2.021     0.7143E-02  0.000      0.000      0.000     0.5074E-02 0.1684E-02 0.3849E-03
 217.95        252  2.027     0.7159E-02  0.000      0.000      0.000     0.5466E-02 0.1375E-02 0.3186E-03
 218.82        253  2.034     0.7225E-02  0.000      0.000      0.000     0.5849E-02 0.1115E-02 0.2618E-03
 219.68        254  2.040     0.7328E-02  0.000      0.000      0.000     0.6218E-02 0.8968E-03 0.2135E-03
 220.55        255  2.047     0.7456E-02  0.000      0.000      0.000     0.6566E-02 0.7163E-03 0.1728E-03
 221.42        256  2.053     0.7597E-02  0.000      0.000      0.000     0.6890E-02 0.5679E-03 0.1388E-03
 222.29        257  2.060     0.7740E-02  0.000      0.000      0.000     0.7182E-02 0.4470E-03 0.1107E-03
 223.16        258  2.067     0.7876E-02  0.000      0.000      0.000     0.7439E-02 0.3492E-03 0.8757E-04
 224.03        259  2.074     0.7995E-02  0.000      0.000      0.000     0.7656E-02 0.2708E-03 0.6877E-04
 224.89        260  2.081     0.8090E-02  0.000      0.000      0.000     0.7828E-02 0.2085E-03 0.5360E-04
 225.76        261  2.088     0.8154E-02  0.000      0.000      0.000     0.7953E-02 0.1593E-03 0.4147E-04
 226.63        262  2.095     0.8182E-02  0.000      0.000      0.000     0.8029E-02 0.1209E-03 0.3184E-04
 227.50        263  2.102     0.8170E-02  0.000      0.000      0.000     0.8055E-02 0.9101E-04 0.2426E-04
 228.37        264  2.109     0.8116E-02  0.000      0.000      0.000     0.8029E-02 0.6802E-04 0.1835E-04
 229.23        265  2.116     0.8018E-02  0.000      0.000      0.000     0.7954E-02 0.5047E-04 0.1377E-04
 230.10        266  2.123     0.7876E-02  0.000      0.000      0.000     0.7829E-02 0.3717E-04 0.1026E-04
 230.97        267  2.129     0.7692E-02  0.000      0.000      0.000     0.7658E-02 0.2717E-04 0.7586E-05
 231.84        268  2.136     0.7469E-02  0.000      0.000      0.000     0.7443E-02 0.1972E-04 0.5567E-05
 232.71        269  2.142     0.7208E-02  0.000      0.000      0.000     0.7189E-02 0.1420E-04 0.4054E-05
 233.57        270  2.148     0.6914E-02  0.000      0.000      0.000     0.6900E-02 0.1015E-04 0.2931E-05
 234.44        271  2.154     0.6591E-02  0.000      0.000      0.000     0.6582E-02 0.7205E-05 0.2103E-05
 235.31        272  2.159     0.6245E-02  0.000      0.000      0.000     0.6238E-02 0.5076E-05 0.1497E-05
 236.18        273  2.164     0.5880E-02  0.000      0.000      0.000     0.5875E-02 0.3549E-05 0.1058E-05
 237.05        274  2.169     0.5501E-02  0.000      0.000      0.000     0.5498E-02 0.2463E-05 0.7421E-06
 237.92        275  2.173     0.5115E-02  0.000      0.000      0.000     0.5113E-02 0.1697E-05 0.5166E-06
 238.78        276  2.178     0.4726E-02  0.000      0.000      0.000     0.4725E-02 0.1160E-05 0.3569E-06
 239.65        277  2.181     0.4339E-02  0.000      0.000      0.000     0.4338E-02 0.7876E-06 0.2447E-06
 240.52        278  2.185     0.3958E-02  0.000      0.000      0.000     0.3957E-02 0.5114E-06 0.1665E-06
 241.39        279  2.188     0.3587E-02  0.000      0.000      0.000     0.3587E-02 0.3425E-06 0.1125E-06
 242.26        280  2.191     0.3231E-02  0.000      0.000      0.000     0.3230E-02 0.2277E-06 0.7541E-07
 243.12        281  2.193     0.2891E-02  0.000      0.000      0.000     0.2890E-02 0.1502E-06 0.5018E-07
 243.99        282  2.195     0.2570E-02  0.000      0.000      0.000     0.2570E-02 0.9838E-07 0.3313E-07
 244.86        283  2.197     0.2269E-02  0.000      0.000      0.000     0.2269E-02 0.2172E-07 0.2172E-07
 245.73        284  2.199     0.1991E-02  0.000      0.000      0.000     0.1991E-02 0.1413E-07 0.1413E-07
 246.60        285  2.201     0.1736E-02  0.000      0.000      0.000     0.1736E-02  0.000      0.000    
 247.46        286  2.202     0.1504E-02  0.000      0.000      0.000     0.1504E-02  0.000      0.000    
 248.33        287  2.203     0.1294E-02  0.000      0.000      0.000     0.1294E-02  0.000      0.000    
 249.20        288  2.204     0.1107E-02  0.000      0.000      0.000     0.1107E-02  0.000      0.000    
 250.07        289  2.205     0.9419E-03  0.000      0.000      0.000     0.9419E-03  0.000      0.000    
 250.94        290  2.205     0.7970E-03  0.000      0.000      0.000     0.7970E-03  0.000      0.000    
 251.80        291  2.206     0.6716E-03  0.000      0.000      0.000     0.6716E-03  0.000      0.000    
 252.67        292  2.207     0.5644E-03  0.000      0.000      0.000     0.5644E-03  0.000      0.000    
 253.54        293  2.207     0.4742E-03  0.000      0.000      0.000     0.4742E-03  0.000      0.000    
 254.41        294  2.207     0.3999E-03  0.000      0.000      0.000     0.3999E-03  0.000      0.000    
 255.28        295  2.208     0.3404E-03  0.000      0.000      0.000     0.3404E-03  0.000      0.000    
 256.15        296  2.208     0.2947E-03  0.000      0.000      0.000     0.2947E-03  0.000      0.000    
 257.01        297  2.208     0.2622E-03  0.000      0.000      0.000     0.2622E-03  0.000      0.000    
 257.88        298  2.208     0.2423E-03  0.000      0.000      0.000     0.2423E-03  0.000      0.000    
 258.75        299  2.208     0.2347E-03  0.000      0.000      0.000     0.2347E-03  0.000      0.000    
 259.62        300  2.209     0.2394E-03  0.000      0.000      0.000     0.2394E-03  0.000      0.000    
 260.49        301  2.209     0.2567E-03  0.000      0.000      0.000     0.2567E-03  0.000      0.000    
 261.35        302  2.209     0.2870E-03  0.000      0.000      0.000     0.2870E-03  0.000      0.000    
 262.22        303  2.209     0.3312E-03  0.000      0.000      0.000     0.3312E-03  0.000      0.000    
 263.09        304  2.210     0.3901E-03  0.000      0.000      0.000     0.3901E-03  0.000      0.000    
 263.96        305  2.210     0.4651E-03  0.000      0.000      0.000     0.4651E-03  0.000      0.000    
 264.83        306  2.211     0.5574E-03  0.000      0.000      0.000     0.5574E-03  0.000      0.000    
 265.69        307  2.211     0.6684E-03  0.000      0.000      0.000     0.6684E-03  0.000      0.000    
 266.56        308  2.212     0.7997E-03  0.000      0.000      0.000     0.7997E-03  0.000      0.000    
 267.43        309  2.213     0.9527E-03  0.000      0.000      0.000     0.9527E-03  0.000      0.000    
 268.30        310  2.214     0.1129E-02  0.000      0.000      0.000     0.1129E-02  0.000      0.000    
 269.17        311  2.215     0.1329E-02  0.000      0.000      0.000     0.1329E-02  0.000      0.000    
 270.04        312  2.216     0.1554E-02  0.000      0.000      0.000     0.1554E-02  0.000      0.000    
 270.90        313  2.218     0.1805E-02  0.000      0.000      0.000     0.1805E-02  0.000      0.000    
 271.77        314  2.220     0.2081E-02  0.000      0.000      0.000     0.2081E-02  0.000      0.000    
 272.64        315  2.222     0.2381E-02  0.000      0.000      0.000     0.2381E-02  0.000      0.000    
 273.51        316  2.224     0.2705E-02  0.000      0.000      0.000     0.2705E-02  0.000      0.000    
 274.38        317  2.227     0.3050E-02  0.000      0.000      0.000     0.3050E-02  0.000      0.000    
 275.24        318  2.230     0.3413E-02  0.000      0.000      0.000     0.3413E-02  0.000      0.000    
 276.11        319  2.233     0.3791E-02  0.000      0.000      0.000     0.3791E-02  0.000      0.000    
 276.98        320  2.237     0.4179E-02  0.000      0.000      0.000     0.4179E-02  0.000      0.000    
 277.85        321  2.241     0.4572E-02  0.000      0.000      0.000     0.4572E-02  0.000      0.000    
 278.72        322  2.245     0.4965E-02  0.000      0.000      0.000     0.4965E-02  0.000      0.000    
 279.58        323  2.249     0.5352E-02  0.000      0.000      0.000     0.5352E-02  0.000      0.000    
 280.45        324  2.254     0.5726E-02  0.000      0.000      0.000     0.5726E-02  0.000      0.000    
 281.32        325  2.260     0.6080E-02  0.000      0.000      0.000     0.6080E-02  0.000      0.000    
 282.19        326  2.265     0.6408E-02  0.000      0.000      0.000     0.6408E-02  0.000      0.000    
 283.06        327  2.271     0.6704E-02  0.000      0.000      0.000     0.6704E-02  0.000      0.000    
 283.93        328  2.277     0.6962E-02  0.000      0.000      0.000     0.6962E-02  0.000      0.000    
 284.79        329  2.283     0.7177E-02  0.000      0.000      0.000     0.7177E-02  0.000      0.000    
 285.66        330  2.290     0.7345E-02  0.000      0.000      0.000     0.7345E-02  0.000      0.000    
 286.53        331  2.296     0.7463E-02  0.000      0.000      0.000     0.7463E-02  0.000      0.000    
 287.40        332  2.303     0.7529E-02  0.000      0.000      0.000     0.7529E-02  0.000      0.000    
 288.27        333  2.309     0.7544E-02  0.000      0.000      0.000     0.7544E-02  0.000      0.000    
 289.13        334  2.316     0.7508E-02  0.000      0.000      0.000     0.7508E-02  0.000      0.000    
 290.00        335  2.322     0.7423E-02  0.000      0.000      0.000     0.7423E-02  0.000      0.000    
 290.87        336  2.328     0.7295E-02  0.000      0.000      0.000     0.7295E-02  0.000      0.000    
 291.74        337  2.335     0.7128E-02  0.000      0.000      0.000     0.7128E-02  0.000      0.000    
 292.61        338  2.341     0.6929E-02  0.000      0.000      0.000     0.6929E-02  0.000      0.000    
 293.47        339  2.346     0.6706E-02  0.000      0.000      0.000     0.6706E-02  0.000      0.000    
 294.34        340  2.352     0.6468E-02  0.000      0.000      0.000     0.6468E-02  0.000      0.000    
 295.21        341  2.357     0.6225E-02  0.000      0.000      0.000     0.6225E-02  0.000      0.000    
 296.08        342  2.363     0.5985E-02  0.000      0.000      0.000     0.5985E-02  0.000      0.000    
 296.95        343  2.368     0.5760E-02  0.000      0.000      0.000     0.5760E-02  0.000      0.000    
 297.81        344  2.372     0.5560E-02  0.000      0.000      0.000     0.5560E-02  0.000      0.000    
 298.68        345  2.377     0.5393E-02  0.000      0.000      0.000     0.5393E-02  0.000      0.000    
 299.55        346  2.382     0.5270E-02  0.000      0.000      0.000     0.5270E-02  0.000      0.000    
 300.42        347  2.386     0.5199E-02  0.000      0.000      0.000     0.5199E-02  0.000      0.000    
 301.29        348  2.391     0.5187E-02  0.000      0.000      0.000     0.5187E-02  0.000      0.000    
 302.16        349  2.395     0.5241E-02  0.000      0.000      0.000     0.5241E-02  0.000      0.000    
 303.02        350  2.400     0.5364E-02  0.000      0.000      0.000     0.5364E-02  0.000      0.000    
 303.89        351  2.405     0.5561E-02  0.000      0.000      0.000     0.5561E-02  0.000      0.000    
 304.76        352  2.410     0.5833E-02  0.000      0.000      0.000     0.5833E-02  0.000      0.000    
 305.63        353  2.415     0.6179E-02  0.000      0.000      0.000     0.6179E-02  0.000      0.000    
 306.50        354  2.421     0.6597E-02  0.000      0.000      0.000     0.6597E-02  0.000      0.000    
 307.36        355  2.427     0.7082E-02  0.000      0.000      0.000     0.7082E-02  0.000      0.000    
 308.23        356  2.434     0.7627E-02  0.000      0.000     0.2073E-07 0.7627E-02  0.000      0.000    
 309.10        357  2.441     0.8226E-02  0.000      0.000     0.3165E-07 0.8226E-02  0.000      0.000    
 309.97        358  2.448     0.8866E-02  0.000      0.000     0.4797E-07 0.8866E-02  0.000      0.000    
 310.84        359  2.457     0.9538E-02  0.000      0.000     0.7216E-07 0.9538E-02  0.000      0.000    
 311.70        360  2.466     0.1023E-01  0.000      0.000     0.1077E-06 0.1023E-01  0.000      0.000    
 312.57        361  2.475     0.1092E-01  0.000      0.000     0.1596E-06 0.1092E-01  0.000      0.000    
 313.44        362  2.485     0.1160E-01  0.000      0.000     0.2348E-06 0.1160E-01  0.000      0.000    
 314.31        363  2.496     0.1226E-01  0.000      0.000     0.3426E-06 0.1226E-01  0.000      0.000    
 315.18        364  2.507     0.1288E-01  0.000      0.000     0.4963E-06 0.1287E-01  0.000      0.000    
 316.05        365  2.518     0.1344E-01  0.000      0.000     0.7136E-06 0.1343E-01  0.000      0.000    
 316.91        366  2.531     0.1393E-01  0.000      0.000     0.1018E-05 0.1392E-01  0.000      0.000    
 317.78        367  2.543     0.1434E-01  0.000      0.000     0.1442E-05 0.1433E-01  0.000      0.000    
 318.65        368  2.556     0.1465E-01  0.000      0.000     0.2027E-05 0.1465E-01  0.000      0.000    
 319.52        369  2.569     0.1487E-01  0.000      0.000     0.2827E-05 0.1487E-01  0.000      0.000    
 320.39        370  2.582     0.1499E-01  0.000      0.000     0.3915E-05 0.1498E-01  0.000      0.000    
 321.25        371  2.595     0.1499E-01  0.000      0.000     0.5379E-05 0.1499E-01  0.000      0.000    
 322.12        372  2.607     0.1489E-01  0.000      0.000     0.7337E-05 0.1488E-01  0.000      0.000    
 322.99        373  2.620     0.1468E-01  0.000      0.000     0.9931E-05 0.1467E-01  0.000      0.000    
 323.86        374  2.633     0.1436E-01  0.000      0.000     0.1334E-04 0.1435E-01  0.000      0.000    
 324.73        375  2.645     0.1396E-01  0.000      0.000     0.1779E-04 0.1394E-01  0.000      0.000    
 325.59        376  2.656     0.1346E-01  0.000      0.000     0.2354E-04 0.1344E-01  0.000      0.000    
 326.46        377  2.668     0.1290E-01  0.000      0.000     0.3092E-04 0.1286E-01  0.000      0.000    
 327.33        378  2.678     0.1227E-01  0.000      0.000     0.4030E-04 0.1223E-01  0.000      0.000    
 328.20        379  2.688     0.1159E-01  0.000      0.000     0.5214E-04 0.1154E-01  0.000      0.000    
 329.07        380  2.698     0.1088E-01  0.000      0.000     0.6695E-04 0.1082E-01  0.000      0.000    
 329.94        381  2.706     0.1016E-01  0.000      0.000     0.8532E-04 0.1007E-01  0.000      0.000    
 330.80        382  2.715     0.9425E-02  0.000      0.000     0.1079E-03 0.9317E-02  0.000      0.000    
 331.67        383  2.722     0.8706E-02  0.000      0.000     0.1355E-03 0.8570E-02  0.000      0.000    
 332.54        384  2.729     0.8011E-02  0.000      0.000     0.1688E-03 0.7842E-02  0.000      0.000    
 333.41        385  2.735     0.7353E-02  0.000      0.000     0.2087E-03 0.7144E-02  0.000      0.000    
 334.28        386  2.741     0.6743E-02  0.000      0.000     0.2562E-03 0.6487E-02  0.000      0.000    
 335.14        387  2.747     0.6190E-02  0.000      0.000     0.3120E-03 0.5878E-02  0.000      0.000    
 336.01        388  2.752     0.5703E-02  0.000      0.000     0.3772E-03 0.5326E-02  0.000      0.000    
 336.88        389  2.756     0.5289E-02  0.000      0.000     0.4526E-03 0.4836E-02  0.000      0.000    
 337.75        390  2.761     0.4951E-02  0.000      0.000     0.5389E-03 0.4412E-02  0.000      0.000    
 338.62        391  2.765     0.4693E-02  0.000      0.000     0.6369E-03 0.4056E-02  0.000      0.000    
 339.48        392  2.768     0.4517E-02  0.000      0.000     0.7471E-03 0.3770E-02  0.000      0.000    
 340.35        393  2.772     0.4423E-02  0.000      0.000     0.8698E-03 0.3553E-02  0.000      0.000    
 341.22        394  2.776     0.4409E-02  0.000      0.000     0.1005E-02 0.3404E-02  0.000      0.000    
 342.09        395  2.780     0.4473E-02  0.000      0.000     0.1153E-02 0.3321E-02  0.000      0.000    
 342.96        396  2.784     0.4611E-02  0.000      0.000     0.1312E-02 0.3299E-02  0.000      0.000    
 343.82        397  2.788     0.4816E-02  0.000      0.000     0.1482E-02 0.3335E-02  0.000      0.000    
 344.69        398  2.793     0.5084E-02  0.000      0.000     0.1661E-02 0.3422E-02  0.000      0.000    
 345.56        399  2.797     0.5404E-02  0.000      0.000     0.1849E-02 0.3555E-02  0.000      0.000    
 346.43        400  2.802     0.5770E-02  0.000      0.000     0.2042E-02 0.3728E-02  0.000      0.000    
 347.30        401  2.808     0.6171E-02  0.000      0.000     0.2238E-02 0.3933E-02  0.000      0.000    
 348.17        402  2.813     0.6598E-02  0.000      0.000     0.2435E-02 0.4163E-02  0.000      0.000    
 349.03        403  2.819     0.7039E-02  0.000      0.000     0.2629E-02 0.4410E-02  0.000      0.000    
 349.90        404  2.826     0.7484E-02  0.000      0.000     0.2817E-02 0.4667E-02  0.000      0.000    
 350.77        405  2.833     0.7920E-02  0.000      0.000     0.2996E-02 0.4925E-02  0.000      0.000    
 351.64        406  2.840     0.8339E-02  0.000      0.000     0.3162E-02 0.5176E-02  0.000      0.000    
 352.51        407  2.848     0.8728E-02  0.000      0.000     0.3313E-02 0.5415E-02  0.000      0.000    
 353.37        408  2.855     0.9077E-02  0.000      0.000     0.3445E-02 0.5633E-02  0.000      0.000    
 354.24        409  2.864     0.9378E-02  0.000      0.000     0.3555E-02 0.5824E-02  0.000      0.000    
 355.11        410  2.872     0.9623E-02  0.000      0.000     0.3641E-02 0.5982E-02  0.000      0.000    
 355.98        411  2.880     0.9806E-02  0.000      0.000     0.3701E-02 0.6104E-02  0.000      0.000    
 356.85        412  2.889     0.9920E-02  0.000      0.000     0.3734E-02 0.6186E-02  0.000      0.000    
 357.71        413  2.898     0.9964E-02  0.000      0.000     0.3739E-02 0.6224E-02  0.000      0.000    
 358.58        414  2.906     0.9934E-02  0.000      0.000     0.3717E-02 0.6218E-02  0.000      0.000    
 359.45        415  2.915     0.9833E-02  0.000      0.000     0.3666E-02 0.6167E-02  0.000      0.000    
 360.32        416  2.923     0.9661E-02  0.000      0.000     0.3590E-02 0.6071E-02  0.000      0.000    
 361.19        417  2.931     0.9422E-02  0.000      0.000     0.3489E-02 0.5933E-02  0.000      0.000    
 362.06        418  2.939     0.9122E-02  0.000      0.000     0.3366E-02 0.5756E-02  0.000      0.000    
 362.92        419  2.947     0.8766E-02  0.000      0.000     0.3223E-02 0.5543E-02  0.000      0.000    
 363.79        420  2.954     0.8363E-02  0.000      0.000     0.3064E-02 0.5299E-02  0.000      0.000    
 364.66        421  2.961     0.7921E-02  0.000      0.000     0.2893E-02 0.5028E-02  0.000      0.000    
 365.53        422  2.967     0.7448E-02  0.000      0.000     0.2711E-02 0.4737E-02  0.000      0.000    
 366.40        423  2.973     0.6954E-02  0.000      0.000     0.2525E-02 0.4430E-02  0.000      0.000    
 367.26        424  2.979     0.6449E-02  0.000      0.000     0.2336E-02 0.4113E-02  0.000      0.000    
 368.13        425  2.984     0.5941E-02  0.000      0.000     0.2149E-02 0.3792E-02  0.000      0.000    
 369.00        426  2.989     0.5438E-02  0.000      0.000     0.1966E-02 0.3472E-02  0.000      0.000    
 369.87        427  2.993     0.4950E-02  0.000      0.000     0.1792E-02 0.3158E-02  0.000      0.000    
 370.74        428  2.997     0.4483E-02  0.000      0.000     0.1629E-02 0.2854E-02  0.000      0.000    
 371.60        429  3.001     0.4044E-02  0.000      0.000     0.1481E-02 0.2564E-02  0.000      0.000    
 372.47        430  3.004     0.3639E-02  0.000      0.000     0.1348E-02 0.2291E-02  0.000      0.000    
 373.34        431  3.007     0.3273E-02  0.000      0.000     0.1234E-02 0.2039E-02  0.000      0.000    
 374.21        432  3.009     0.2950E-02  0.000      0.000     0.1141E-02 0.1809E-02  0.000      0.000    
 375.08        433  3.011     0.2673E-02  0.000      0.000     0.1071E-02 0.1602E-02  0.000      0.000    
 375.95        434  3.014     0.2446E-02  0.000      0.000     0.1026E-02 0.1420E-02  0.000      0.000    
 376.81        435  3.016     0.2270E-02  0.000      0.000     0.1006E-02 0.1263E-02  0.000      0.000    
 377.68        436  3.017     0.2146E-02  0.000      0.000     0.1015E-02 0.1131E-02  0.000      0.000    
 378.55        437  3.019     0.2078E-02  0.000      0.000     0.1054E-02 0.1024E-02  0.000      0.000    
 379.42        438  3.021     0.2065E-02  0.000      0.000     0.1124E-02 0.9408E-03  0.000      0.000    
 380.29        439  3.023     0.2108E-02  0.000      0.000     0.1227E-02 0.8806E-03  0.000      0.000    
 381.15        440  3.025     0.2208E-02  0.000      0.000     0.1365E-02 0.8423E-03  0.000      0.000    
 382.02        441  3.027     0.2365E-02  0.000      0.000     0.1541E-02 0.8245E-03  0.000      0.000    
 382.89        442  3.029     0.2581E-02  0.000      0.000     0.1755E-02 0.8257E-03  0.000      0.000    
 383.76        443  3.031     0.2855E-02  0.000      0.000     0.2011E-02 0.8442E-03  0.000      0.000    
 384.63        444  3.034     0.3187E-02  0.000      0.000     0.2309E-02 0.8782E-03  0.000      0.000    
 385.49        445  3.037     0.3577E-02  0.000      0.000     0.2651E-02 0.9258E-03  0.000      0.000    
 386.36        446  3.041     0.4026E-02  0.000      0.000     0.3041E-02 0.9852E-03  0.000      0.000    
 387.23        447  3.045     0.4531E-02  0.000      0.000     0.3477E-02 0.1054E-02  0.000      0.000    
 388.10        448  3.049     0.5093E-02  0.000      0.000     0.3963E-02 0.1131E-02  0.000      0.000    
 388.97        449  3.054     0.5710E-02  0.000      0.000     0.4498E-02 0.1212E-02  0.000      0.000    
 389.83        450  3.060     0.6380E-02  0.000      0.000     0.5082E-02 0.1297E-02  0.000      0.000    
 390.70        451  3.066     0.7099E-02  0.000      0.000     0.5716E-02 0.1383E-02  0.000      0.000    
 391.57        452  3.073     0.7866E-02  0.000      0.000     0.6398E-02 0.1468E-02  0.000      0.000    
 392.44        453  3.080     0.8675E-02  0.000      0.000     0.7125E-02 0.1549E-02  0.000      0.000    
 393.31        454  3.088     0.9521E-02  0.000      0.000     0.7897E-02 0.1625E-02  0.000      0.000    
 394.18        455  3.097     0.1040E-01  0.000      0.000     0.8707E-02 0.1693E-02  0.000      0.000    
 395.04        456  3.107     0.1131E-01  0.000      0.000     0.9553E-02 0.1752E-02  0.000      0.000    
 395.91        457  3.118     0.1223E-01  0.000      0.000     0.1043E-01 0.1801E-02  0.000      0.000    
 396.78        458  3.129     0.1316E-01  0.000      0.000     0.1133E-01 0.1837E-02  0.000      0.000    
 397.65        459  3.141     0.1410E-01  0.000      0.000     0.1224E-01 0.1861E-02  0.000      0.000    
 398.52        460  3.154     0.1503E-01  0.000      0.000     0.1316E-01 0.1871E-02  0.000      0.000    
 399.38        461  3.168     0.1595E-01  0.000      0.000     0.1408E-01 0.1868E-02  0.000      0.000    
 400.25        462  3.183     0.1684E-01  0.000      0.000     0.1499E-01 0.1850E-02  0.000      0.000    
 401.12        463  3.198     0.1770E-01  0.000      0.000     0.1588E-01 0.1819E-02  0.000      0.000    
 401.99        464  3.214     0.1851E-01 0.7211E-08 0.7211E-08 0.1673E-01 0.1776E-02  0.000      0.000    
 402.86        465  3.231     0.1927E-01 0.1108E-07 0.1108E-07 0.1754E-01 0.1720E-02  0.000      0.000    
 403.72        466  3.248     0.1996E-01 0.1690E-07 0.1690E-07 0.1831E-01 0.1654E-02  0.000      0.000    
 404.59        467  3.266     0.2058E-01 0.2559E-07 0.2559E-07 0.1901E-01 0.1578E-02  0.000      0.000    
 405.46        468  3.284     0.2113E-01 0.3844E-07 0.3844E-07 0.1963E-01 0.1494E-02  0.000      0.000    
 406.33        469  3.303     0.2159E-01 0.5732E-07 0.5732E-07 0.2018E-01 0.1405E-02  0.000      0.000    
 407.20        470  3.322     0.2195E-01 0.8484E-07 0.8484E-07 0.2064E-01 0.1310E-02  0.000      0.000    
 408.07        471  3.341     0.2223E-01 0.1246E-06 0.1246E-06 0.2101E-01 0.1213E-02  0.000      0.000    
 408.93        472  3.361     0.2240E-01 0.1817E-06 0.1817E-06 0.2128E-01 0.1115E-02  0.000      0.000    
 409.80        473  3.380     0.2247E-01 0.2628E-06 0.2628E-06 0.2145E-01 0.1017E-02  0.000      0.000    
 410.67        474  3.400     0.2244E-01 0.3775E-06 0.3775E-06 0.2152E-01 0.9204E-03  0.000      0.000    
 411.54        475  3.419     0.2231E-01 0.5380E-06 0.5380E-06 0.2149E-01 0.8269E-03  0.000      0.000    
 412.41        476  3.438     0.2209E-01 0.7609E-06 0.7609E-06 0.2135E-01 0.7373E-03  0.000      0.000    
 413.27        477  3.457     0.2177E-01 0.1068E-05 0.1143E-05 0.2111E-01 0.6525E-03  0.000      0.000    
 414.14        478  3.476     0.2136E-01 0.1489E-05 0.1603E-05 0.2078E-01 0.5731E-03  0.000      0.000    
 415.01        479  3.494     0.2086E-01 0.2059E-05 0.2232E-05 0.2036E-01 0.4996E-03  0.000      0.000    
 415.88        480  3.511     0.2029E-01 0.2846E-05 0.3107E-05 0.1986E-01 0.4322E-03  0.000      0.000    
 416.75        481  3.528     0.1965E-01 0.3880E-05 0.4271E-05 0.1927E-01 0.3712E-03  0.000      0.000    
 417.61        482  3.545     0.1895E-01 0.5251E-05 0.5831E-05 0.1862E-01 0.3163E-03  0.000      0.000    
 418.48        483  3.560     0.1819E-01 0.7053E-05 0.7908E-05 0.1791E-01 0.2676E-03  0.000      0.000    
 419.35        484  3.576     0.1739E-01 0.9405E-05 0.1065E-04 0.1715E-01 0.2246E-03  0.000      0.000    
 420.22        485  3.590     0.1656E-01 0.1245E-04 0.1426E-04 0.1634E-01 0.1871E-03  0.000      0.000    
 421.09        486  3.603     0.1569E-01 0.1635E-04 0.1897E-04 0.1550E-01 0.1548E-03  0.000      0.000    
 421.96        487  3.616     0.1481E-01 0.2133E-04 0.2510E-04 0.1464E-01 0.1270E-03  0.000      0.000    
 422.82        488  3.628     0.1392E-01 0.2762E-04 0.3299E-04 0.1375E-01 0.1035E-03  0.000      0.000    
 423.69        489  3.640     0.1303E-01 0.3549E-04 0.4307E-04 0.1286E-01 0.8364E-04  0.000      0.000    
 424.56        490  3.650     0.1214E-01 0.4529E-04 0.5589E-04 0.1197E-01 0.6711E-04  0.000      0.000    
 425.43        491  3.660     0.1127E-01 0.5737E-04 0.7209E-04 0.1109E-01 0.5344E-04  0.000      0.000    
 426.30        492  3.669     0.1043E-01 0.7215E-04 0.9244E-04 0.1022E-01 0.4224E-04  0.000      0.000    
 427.16        493  3.677     0.9617E-02 0.9015E-04 0.1178E-03 0.9376E-02 0.3314E-04  0.000      0.000    
 428.03        494  3.685     0.8841E-02 0.1118E-03 0.1494E-03 0.8554E-02 0.2580E-04  0.000      0.000    
 428.90        495  3.692     0.8110E-02 0.1376E-03 0.1883E-03 0.7764E-02 0.1993E-04  0.000      0.000    
 429.77        496  3.698     0.7429E-02 0.1683E-03 0.2361E-03 0.7010E-02 0.1529E-04  0.000      0.000    
 430.64        497  3.704     0.6805E-02 0.2043E-03 0.2944E-03 0.6294E-02 0.1164E-04  0.000      0.000    
 431.50        498  3.710     0.6241E-02 0.2463E-03 0.3651E-03 0.5621E-02 0.8790E-05  0.000      0.000    
 432.37        499  3.715     0.5744E-02 0.2950E-03 0.4504E-03 0.4992E-02 0.6590E-05  0.000      0.000    
 433.24        500  3.719     0.5317E-02 0.3510E-03 0.5528E-03 0.4408E-02 0.4904E-05  0.000      0.000    
 434.11        501  3.724     0.4964E-02 0.4149E-03 0.6750E-03 0.3871E-02 0.3622E-05  0.000      0.000    
 434.98        502  3.728     0.4689E-02 0.4872E-03 0.8200E-03 0.3379E-02 0.2655E-05  0.000      0.000    
 435.84        503  3.732     0.4496E-02 0.5685E-03 0.9912E-03 0.2934E-02 0.1931E-05  0.000      0.000    
 436.71        504  3.735     0.4386E-02 0.6592E-03 0.1192E-02 0.2533E-02 0.1395E-05  0.000      0.000    
 437.58        505  3.739     0.4364E-02 0.7599E-03 0.1427E-02 0.2176E-02 0.9993E-06  0.000      0.000    
 438.45        506  3.743     0.4432E-02 0.8707E-03 0.1699E-02 0.1861E-02 0.7108E-06  0.000      0.000    
 439.32        507  3.747     0.4592E-02 0.9921E-03 0.2014E-02 0.1586E-02 0.5017E-06  0.000      0.000    
 440.19        508  3.751     0.4847E-02 0.1124E-02 0.2375E-02 0.1348E-02 0.3515E-06  0.000      0.000    
 441.05        509  3.756     0.5200E-02 0.1267E-02 0.2787E-02 0.1146E-02 0.2444E-06  0.000      0.000    
 441.92        510  3.761     0.5653E-02 0.1421E-02 0.3254E-02 0.9777E-03 0.1687E-06  0.000      0.000    
 442.79        511  3.766     0.6209E-02 0.1587E-02 0.3781E-02 0.8410E-03 0.1155E-06  0.000      0.000    
 443.66        512  3.772     0.6869E-02 0.1764E-02 0.4371E-02 0.7342E-03 0.7853E-07  0.000      0.000    
 444.53        513  3.779     0.7636E-02 0.1953E-02 0.5028E-02 0.6558E-03 0.5299E-07  0.000      0.000    
 445.39        514  3.786     0.8512E-02 0.2153E-02 0.5754E-02 0.6046E-03 0.3548E-07  0.000      0.000    
 446.26        515  3.794     0.9498E-02 0.2367E-02 0.6551E-02 0.5798E-03 0.2358E-07  0.000      0.000    
 447.13        516  3.803     0.1059E-01 0.2594E-02 0.7420E-02 0.5808E-03 0.1555E-07  0.000      0.000    
 448.00        517  3.814     0.1180E-01 0.2835E-02 0.8361E-02 0.6074E-03 0.1018E-07  0.000      0.000    
 448.87        518  3.825     0.1312E-01 0.3092E-02 0.9371E-02 0.6599E-03  0.000      0.000      0.000    
 449.73        519  3.838     0.1455E-01 0.3366E-02 0.1045E-01 0.7387E-03  0.000      0.000      0.000    
 450.60        520  3.852     0.1609E-01 0.3660E-02 0.1158E-01 0.8445E-03  0.000      0.000      0.000    
 451.47        521  3.867     0.1773E-01 0.3975E-02 0.1278E-01 0.9781E-03  0.000      0.000      0.000    
 452.34        522  3.884     0.1947E-01 0.4314E-02 0.1401E-01 0.1141E-02  0.000      0.000      0.000    
 453.21        523  3.902     0.2130E-01 0.4680E-02 0.1529E-01 0.1333E-02  0.000      0.000      0.000    
 454.08        524  3.922     0.2321E-01 0.5076E-02 0.1658E-01 0.1555E-02  0.000      0.000      0.000    
 454.94        525  3.944     0.2520E-01 0.5506E-02 0.1789E-01 0.1809E-02  0.000      0.000      0.000    
 455.81        526  3.968     0.2725E-01 0.5974E-02 0.1919E-01 0.2093E-02  0.000      0.000      0.000    
 456.68        527  3.993     0.2936E-01 0.6483E-02 0.2046E-01 0.2409E-02  0.000      0.000      0.000    
 457.55        528  4.021     0.3150E-01 0.7037E-02 0.2171E-01 0.2754E-02  0.000      0.000      0.000    
 458.42        529  4.050     0.3366E-01 0.7640E-02 0.2289E-01 0.3127E-02  0.000      0.000      0.000    
 459.28        530  4.081     0.3583E-01 0.8296E-02 0.2401E-01 0.3525E-02  0.000      0.000      0.000    
 460.15        531  4.114     0.3799E-01 0.9007E-02 0.2504E-01 0.3946E-02  0.000      0.000      0.000    
 461.02        532  4.148     0.4012E-01 0.9775E-02 0.2596E-01 0.4384E-02  0.000      0.000      0.000    
 461.89        533  4.185     0.4221E-01 0.1060E-01 0.2678E-01 0.4835E-02  0.000      0.000      0.000    
 462.76        534  4.223     0.4424E-01 0.1149E-01 0.2746E-01 0.5293E-02  0.000      0.000      0.000    
 463.62        535  4.263     0.4619E-01 0.1243E-01 0.2801E-01 0.5751E-02  0.000      0.000      0.000    
 464.49        536  4.305     0.4805E-01 0.1344E-01 0.2841E-01 0.6202E-02  0.000      0.000      0.000    
 465.36        537  4.348     0.4980E-01 0.1449E-01 0.2867E-01 0.6638E-02  0.000      0.000      0.000    
 466.23        538  4.393     0.5142E-01 0.1560E-01 0.2877E-01 0.7051E-02  0.000      0.000      0.000    
 467.10        539  4.439     0.5291E-01 0.1675E-01 0.2873E-01 0.7434E-02  0.000      0.000      0.000    
 467.97        540  4.486     0.5425E-01 0.1793E-01 0.2854E-01 0.7779E-02  0.000      0.000      0.000    
 468.83        541  4.534     0.5543E-01 0.1913E-01 0.2821E-01 0.8079E-02  0.000      0.000      0.000    
 469.70        542  4.583     0.5644E-01 0.2035E-01 0.2776E-01 0.8328E-02  0.000      0.000      0.000    
 470.57        543  4.632     0.5728E-01 0.2157E-01 0.2719E-01 0.8520E-02  0.000      0.000      0.000    
 471.44        544  4.682     0.5794E-01 0.2277E-01 0.2651E-01 0.8651E-02  0.000      0.000      0.000    
 472.31        545  4.733     0.5841E-01 0.2395E-01 0.2575E-01 0.8718E-02  0.000      0.000      0.000    
 473.17        546  4.784     0.5870E-01 0.2508E-01 0.2491E-01 0.8720E-02  0.000      0.000      0.000    
 474.04        547  4.835     0.5881E-01 0.2614E-01 0.2401E-01 0.8656E-02  0.000      0.000      0.000    
 474.91        548  4.886     0.5873E-01 0.2713E-01 0.2307E-01 0.8528E-02  0.000      0.000      0.000    
 475.78        549  4.937     0.5847E-01 0.2803E-01 0.2210E-01 0.8340E-02  0.000      0.000      0.000    
 476.65        550  4.987     0.5804E-01 0.2882E-01 0.2112E-01 0.8094E-02  0.000      0.000      0.000    
 477.51        551  5.037     0.5743E-01 0.2949E-01 0.2014E-01 0.7798E-02  0.000      0.000      0.000    
 478.38        552  5.086     0.5666E-01 0.3003E-01 0.1917E-01 0.7456E-02  0.000      0.000      0.000    
 479.25        553  5.134     0.5573E-01 0.3042E-01 0.1823E-01 0.7076E-02  0.000      0.000      0.000    
 480.12        554  5.181     0.5465E-01 0.3067E-01 0.1732E-01 0.6666E-02  0.000      0.000      0.000    
 480.99        555  5.228     0.5343E-01 0.3076E-01 0.1644E-01 0.6233E-02  0.000      0.000      0.000    
 481.86        556  5.273     0.5208E-01 0.3069E-01 0.1561E-01 0.5786E-02  0.000      0.000      0.000    
 482.72        557  5.317     0.5061E-01 0.3046E-01 0.1482E-01 0.5331E-02  0.000      0.000      0.000    
 483.59        558  5.359     0.4903E-01 0.3008E-01 0.1407E-01 0.4878E-02  0.000      0.000      0.000    
 484.46        559  5.400     0.4736E-01 0.2955E-01 0.1337E-01 0.4432E-02  0.000      0.000      0.000    
 485.33        560  5.440     0.4560E-01 0.2888E-01 0.1272E-01 0.3999E-02  0.000      0.000      0.000    
 486.20        561  5.478     0.4376E-01 0.2807E-01 0.1210E-01 0.3584E-02  0.000      0.000      0.000    
 487.06        562  5.514     0.4186E-01 0.2715E-01 0.1152E-01 0.3193E-02  0.000      0.000      0.000    
 487.93        563  5.549     0.3992E-01 0.2611E-01 0.1098E-01 0.2827E-02  0.000      0.000      0.000    
 488.80        564  5.581     0.3794E-01 0.2499E-01 0.1046E-01 0.2491E-02  0.000      0.000      0.000    
 489.67        565  5.613     0.3593E-01 0.2379E-01 0.9959E-02 0.2184E-02  0.000      0.000      0.000    
 490.54        566  5.642     0.3392E-01 0.2253E-01 0.9480E-02 0.1909E-02  0.000      0.000      0.000    
 491.40        567  5.670     0.3191E-01 0.2123E-01 0.9016E-02 0.1665E-02  0.000      0.000      0.000    
 492.27        568  5.696     0.2991E-01 0.1990E-01 0.8563E-02 0.1452E-02  0.000      0.000      0.000    
 493.14        569  5.720     0.2794E-01 0.1855E-01 0.8119E-02 0.1269E-02  0.000      0.000      0.000    
 494.01        570  5.742     0.2601E-01 0.1721E-01 0.7683E-02 0.1113E-02  0.000      0.000      0.000    
 494.88        571  5.763     0.2413E-01 0.1589E-01 0.7252E-02 0.9835E-03  0.000      0.000      0.000    
 495.74        572  5.783     0.2230E-01 0.1460E-01 0.6827E-02 0.8779E-03  0.000      0.000      0.000    
 496.61        573  5.800     0.2055E-01 0.1335E-01 0.6409E-02 0.7938E-03  0.000      0.000      0.000    
 497.48        574  5.817     0.1887E-01 0.1215E-01 0.5996E-02 0.7289E-03  0.000      0.000      0.000    
 498.35        575  5.832     0.1727E-01 0.1100E-01 0.5592E-02 0.6807E-03  0.000      0.000      0.000    
 499.22        576  5.845     0.1577E-01 0.9921E-02 0.5198E-02 0.6466E-03  0.000      0.000      0.000    
 500.09        577  5.858     0.1435E-01 0.8908E-02 0.4815E-02 0.6244E-03  0.000      0.000      0.000    
 500.95        578  5.869     0.1302E-01 0.7967E-02 0.4444E-02 0.6118E-03  0.000      0.000      0.000    
 501.82        579  5.879     0.1179E-01 0.7098E-02 0.4089E-02 0.6067E-03  0.000      0.000      0.000    
 502.69        580  5.889     0.1066E-01 0.6301E-02 0.3750E-02 0.6071E-03  0.000      0.000      0.000    
 503.56        581  5.897     0.9615E-02 0.5576E-02 0.3428E-02 0.6111E-03  0.000      0.000      0.000    
 504.43        582  5.904     0.8662E-02 0.4920E-02 0.3124E-02 0.6172E-03  0.000      0.000      0.000    
 505.29        583  5.911     0.7795E-02 0.4330E-02 0.2840E-02 0.6240E-03  0.000      0.000      0.000    
 506.16        584  5.917     0.7009E-02 0.3803E-02 0.2576E-02 0.6302E-03  0.000      0.000      0.000    
 507.03        585  5.923     0.6301E-02 0.3335E-02 0.2331E-02 0.6349E-03  0.000      0.000      0.000    
 507.90        586  5.928     0.5663E-02 0.2920E-02 0.2105E-02 0.6372E-03  0.000      0.000      0.000    
 508.77        587  5.932     0.5089E-02 0.2555E-02 0.1898E-02 0.6364E-03  0.000      0.000      0.000    
 509.63        588  5.936     0.4575E-02 0.2235E-02 0.1708E-02 0.6322E-03  0.000      0.000      0.000    
 510.50        589  5.939     0.4114E-02 0.1954E-02 0.1536E-02 0.6242E-03  0.000      0.000      0.000    
 511.37        590  5.943     0.3701E-02 0.1709E-02 0.1379E-02 0.6124E-03  0.000      0.000      0.000    
 512.24        591  5.946     0.3329E-02 0.1496E-02 0.1237E-02 0.5967E-03  0.000      0.000      0.000    
 513.11        592  5.948     0.2995E-02 0.1309E-02 0.1108E-02 0.5775E-03  0.000      0.000      0.000    
 513.98        593  5.951     0.2694E-02 0.1147E-02 0.9918E-03 0.5549E-03  0.000      0.000      0.000    
 514.84        594  5.953     0.2421E-02 0.1005E-02 0.8864E-03 0.5294E-03  0.000      0.000      0.000    
 515.71        595  5.954     0.2174E-02 0.8815E-03 0.7909E-03 0.5014E-03  0.000      0.000      0.000    
 516.58        596  5.956     0.1949E-02 0.7729E-03 0.7045E-03 0.4714E-03  0.000      0.000      0.000    
 517.45        597  5.958     0.1744E-02 0.6776E-03 0.6262E-03 0.4399E-03  0.000      0.000      0.000    
 518.32        598  5.959     0.1556E-02 0.5935E-03 0.5553E-03 0.4074E-03  0.000      0.000      0.000    
 519.18        599  5.960     0.1385E-02 0.5193E-03 0.4911E-03 0.3746E-03  0.000      0.000      0.000    
 520.05        600  5.961     0.1228E-02 0.4536E-03 0.4329E-03 0.3418E-03  0.000      0.000      0.000    
