 0.5200E-01          1  0.000      0.000      0.000      0.000      0.000      0.000      0.000      0.000    
 0.9201              2 0.8074E-07 0.9316E-07  0.000      0.000      0.000     0.5099E-08 0.3684E-07 0.5123E-07
  1.788              3 0.5162E-06 0.5025E-06  0.000      0.000      0.000     0.2763E-07 0.1996E-06 0.2752E-06
  2.656              4 0.1589E-05 0.1238E-05  0.000      0.000      0.000     0.6815E-07 0.4923E-06 0.6771E-06
  3.524              5 0.3581E-05 0.2299E-05  0.000      0.000      0.000     0.1266E-06 0.9149E-06 0.1257E-05
  4.393              6 0.6775E-05 0.3685E-05  0.000      0.000      0.000     0.2031E-06 0.1467E-05 0.2015E-05
  5.261              7 0.1145E-04 0.5398E-05  0.000      0.000      0.000     0.2976E-06 0.2150E-05 0.2950E-05
  6.129              8 0.1790E-04 0.7436E-05  0.000      0.000      0.000     0.4100E-06 0.2962E-05 0.4064E-05
  6.997              9 0.2639E-04 0.9800E-05  0.000      0.000      0.000     0.5405E-06 0.3904E-05 0.5356E-05
  7.865             10 0.3722E-04 0.1249E-04  0.000      0.000      0.000     0.6889E-06 0.4976E-05 0.6825E-05
  8.733             11 0.5066E-04 0.1551E-04  0.000      0.000      0.000     0.8553E-06 0.6178E-05 0.8473E-05
  9.601             12 0.6699E-04 0.1885E-04  0.000      0.000      0.000     0.1040E-05 0.7510E-05 0.1030E-04
  10.47             13 0.8650E-04 0.2252E-04  0.000      0.000      0.000     0.1242E-05 0.8972E-05 0.1230E-04
  11.34             14 0.1095E-03 0.2651E-04  0.000      0.000      0.000     0.1462E-05 0.1056E-04 0.1448E-04
  12.21             15 0.1362E-03 0.3083E-04  0.000      0.000      0.000     0.1701E-05 0.1229E-04 0.1684E-04
  13.07             16 0.1669E-03 0.3547E-04  0.000      0.000      0.000     0.1957E-05 0.1414E-04 0.1938E-04
  13.94             17 0.2020E-03 0.4044E-04  0.000      0.000      0.000     0.2231E-05 0.1612E-04 0.2209E-04
  14.81             18 0.2416E-03 0.4574E-04  0.000      0.000      0.000     0.2524E-05 0.1823E-04 0.2499E-04
  15.68             19 0.2861E-03 0.5136E-04  0.000      0.000      0.000     0.2834E-05 0.2047E-04 0.2806E-04
  16.55             20 0.3358E-03 0.5731E-04  0.000      0.000      0.000     0.3162E-05 0.2284E-04 0.3131E-04
  17.41             21 0.3909E-03 0.6358E-04  0.000      0.000      0.000     0.3508E-05 0.2534E-04 0.3473E-04
  18.28             22 0.4517E-03 0.7018E-04  0.000      0.000      0.000     0.3872E-05 0.2797E-04 0.3834E-04
  19.15             23 0.5186E-03 0.7711E-04  0.000      0.000      0.000     0.4255E-05 0.3074E-04 0.4212E-04
  20.02             24 0.5917E-03 0.8436E-04  0.000      0.000      0.000     0.4655E-05 0.3363E-04 0.4608E-04
  20.89             25 0.6714E-03 0.9194E-04  0.000      0.000      0.000     0.5073E-05 0.3665E-04 0.5022E-04
  21.75             26 0.7579E-03 0.9984E-04  0.000      0.000      0.000     0.5509E-05 0.3980E-04 0.5454E-04
  22.62             27 0.8516E-03 0.1081E-03  0.000      0.000      0.000     0.5963E-05 0.4308E-04 0.5903E-04
  23.49             28 0.9526E-03 0.1166E-03  0.000      0.000      0.000     0.6435E-05 0.4649E-04 0.6370E-04
  24.36             29 0.1061E-02 0.1255E-03  0.000      0.000      0.000     0.6925E-05 0.5003E-04 0.6855E-04
  25.23             30 0.1178E-02 0.1347E-03  0.000      0.000      0.000     0.7434E-05 0.5370E-04 0.7358E-04
  26.10             31 0.1303E-02 0.1442E-03  0.000      0.000      0.000     0.7960E-05 0.5750E-04 0.7879E-04
  26.96             32 0.1437E-02 0.1541E-03  0.000      0.000      0.000     0.8504E-05 0.6143E-04 0.8417E-04
  27.83             33 0.1579E-02 0.1643E-03  0.000      0.000      0.000     0.9066E-05 0.6549E-04 0.8973E-04
  28.70             34 0.1731E-02 0.1748E-03  0.000      0.000      0.000     0.9646E-05 0.6968E-04 0.9547E-04
  29.57             35 0.1891E-02 0.1856E-03  0.000      0.000      0.000     0.1024E-04 0.7400E-04 0.1014E-03
  30.44             36 0.2062E-02 0.1968E-03  0.000      0.000      0.000     0.1086E-04 0.7845E-04 0.1075E-03
  31.30             37 0.2243E-02 0.2083E-03  0.000      0.000      0.000     0.1149E-04 0.8303E-04 0.1138E-03
  32.17             38 0.2433E-02 0.2201E-03  0.000      0.000      0.000     0.1215E-04 0.8774E-04 0.1202E-03
  33.04             39 0.2635E-02 0.2322E-03  0.000      0.000      0.000     0.1282E-04 0.9258E-04 0.1268E-03
  33.91             40 0.2847E-02 0.2447E-03  0.000      0.000      0.000     0.1350E-04 0.9755E-04 0.1336E-03
  34.78             41 0.3070E-02 0.2575E-03  0.000      0.000      0.000     0.1421E-04 0.1026E-03 0.1406E-03
  35.64             42 0.3304E-02 0.2706E-03  0.000      0.000      0.000     0.1493E-04 0.1079E-03 0.1478E-03
  36.51             43 0.3550E-02 0.2840E-03  0.000      0.000      0.000     0.1567E-04 0.1132E-03 0.1551E-03
  37.38             44 0.3809E-02 0.2978E-03  0.000      0.000      0.000     0.1643E-04 0.1187E-03 0.1627E-03
  38.25             45 0.4079E-02 0.3119E-03  0.000      0.000      0.000     0.1721E-04 0.1243E-03 0.1704E-03
  39.12             46 0.4362E-02 0.3263E-03  0.000      0.000      0.000     0.1801E-04 0.1301E-03 0.1782E-03
  39.99             47 0.4657E-02 0.3411E-03  0.000      0.000      0.000     0.1882E-04 0.1360E-03 0.1863E-03
  40.85             48 0.4966E-02 0.3561E-03  0.000      0.000      0.000     0.1965E-04 0.1420E-03 0.1945E-03
  41.72             49 0.5288E-02 0.3715E-03  0.000      0.000      0.000     0.2050E-04 0.1481E-03 0.2029E-03
  42.59             50 0.5624E-02 0.3873E-03  0.000      0.000      0.000     0.2137E-04 0.1544E-03 0.2115E-03
  43.46             51 0.5973E-02 0.4033E-03  0.000      0.000      0.000     0.2226E-04 0.1608E-03 0.2203E-03
  44.33             52 0.6337E-02 0.4197E-03  0.000      0.000      0.000     0.2316E-04 0.1673E-03 0.2292E-03
  45.19             53 0.6715E-02 0.4364E-03  0.000      0.000      0.000     0.2408E-04 0.1740E-03 0.2383E-03
  46.06             54 0.7108E-02 0.4534E-03  0.000      0.000      0.000     0.2502E-04 0.1808E-03 0.2476E-03
  46.93             55 0.7516E-02 0.4708E-03  0.000      0.000      0.000     0.2598E-04 0.1877E-03 0.2571E-03
  47.80             56 0.7939E-02 0.4884E-03  0.000      0.000      0.000     0.2696E-04 0.1947E-03 0.2668E-03
  48.67             57 0.8378E-02 0.5064E-03  0.000      0.000      0.000     0.2795E-04 0.2019E-03 0.2766E-03
  49.53             58 0.8833E-02 0.5248E-03  0.000      0.000      0.000     0.2896E-04 0.2092E-03 0.2866E-03
  50.40             59 0.9304E-02 0.5434E-03  0.000      0.000      0.000     0.2999E-04 0.2166E-03 0.2968E-03
  51.27             60 0.9791E-02 0.5624E-03  0.000      0.000      0.000     0.3104E-04 0.2242E-03 0.3072E-03
  52.14             61 0.1030E-01 0.5817E-03  0.000      0.000      0.000     0.3210E-04 0.2319E-03 0.3177E-03
  53.01             62 0.1082E-01 0.6013E-03  0.000      0.000      0.000     0.3319E-04 0.2397E-03 0.3284E-03
  53.88             63 0.1136E-01 0.6213E-03  0.000      0.000      0.000     0.3429E-04 0.2477E-03 0.3393E-03
  54.74             64 0.1191E-01 0.6416E-03  0.000      0.000      0.000     0.3541E-04 0.2558E-03 0.3504E-03
  55.61             65 0.1249E-01 0.6622E-03  0.000      0.000      0.000     0.3654E-04 0.2640E-03 0.3617E-03
  56.48             66 0.1308E-01 0.6831E-03  0.000      0.000      0.000     0.3770E-04 0.2723E-03 0.3731E-03
  57.35             67 0.1369E-01 0.7044E-03  0.000      0.000      0.000     0.3887E-04 0.2808E-03 0.3847E-03
  58.22             68 0.1432E-01 0.7260E-03  0.000      0.000      0.000     0.4007E-04 0.2894E-03 0.3965E-03
  59.08             69 0.1497E-01 0.7479E-03  0.000      0.000      0.000     0.4127E-04 0.2982E-03 0.4085E-03
  59.95             70 0.1563E-01 0.7701E-03  0.000      0.000      0.000     0.4250E-04 0.3070E-03 0.4206E-03
  60.82             71 0.1632E-01 0.7927E-03  0.000      0.000      0.000     0.4375E-04 0.3160E-03 0.4329E-03
  61.69             72 0.1703E-01 0.8156E-03  0.000      0.000      0.000     0.4501E-04 0.3252E-03 0.4454E-03
  62.56             73 0.1775E-01 0.8388E-03  0.000      0.000      0.000     0.4629E-04 0.3344E-03 0.4581E-03
  63.42             74 0.1850E-01 0.8624E-03  0.000      0.000      0.000     0.4759E-04 0.3438E-03 0.4710E-03
  64.29             75 0.1927E-01 0.8862E-03  0.000      0.000      0.000     0.4891E-04 0.3533E-03 0.4840E-03
  65.16             76 0.2006E-01 0.9104E-03  0.000      0.000      0.000     0.5024E-04 0.3630E-03 0.4972E-03
  66.03             77 0.2087E-01 0.9349E-03  0.000      0.000      0.000     0.5160E-04 0.3727E-03 0.5106E-03
  66.90             78 0.2170E-01 0.9598E-03  0.000      0.000      0.000     0.5297E-04 0.3826E-03 0.5242E-03
  67.76             79 0.2255E-01 0.9850E-03  0.000      0.000      0.000     0.5436E-04 0.3927E-03 0.5379E-03
  68.63             80 0.2343E-01 0.1010E-02  0.000      0.000      0.000     0.5576E-04 0.4028E-03 0.5518E-03
  69.50             81 0.2433E-01 0.1036E-02  0.000      0.000      0.000     0.5719E-04 0.4131E-03 0.5659E-03
  70.37             82 0.2525E-01 0.1062E-02  0.000      0.000      0.000     0.5863E-04 0.4236E-03 0.5802E-03
  71.24             83 0.2619E-01 0.1089E-02  0.000      0.000      0.000     0.6009E-04 0.4341E-03 0.5947E-03
  72.11             84 0.2716E-01 0.1116E-02  0.000      0.000      0.000     0.6157E-04 0.4448E-03 0.6093E-03
  72.97             85 0.2815E-01 0.1143E-02  0.000      0.000      0.000     0.6307E-04 0.4556E-03 0.6241E-03
  73.84             86 0.2916E-01 0.1170E-02  0.000      0.000      0.000     0.6459E-04 0.4666E-03 0.6391E-03
  74.71             87 0.3020E-01 0.1198E-02  0.000      0.000      0.000     0.6612E-04 0.4776E-03 0.6543E-03
  75.58             88 0.3126E-01 0.1226E-02  0.000      0.000      0.000     0.6767E-04 0.4888E-03 0.6696E-03
  76.45             89 0.3235E-01 0.1255E-02  0.000      0.000      0.000     0.6924E-04 0.5002E-03 0.6852E-03
  77.31             90 0.3346E-01 0.1283E-02  0.000      0.000      0.000     0.7083E-04 0.5116E-03 0.7009E-03
  78.18             91 0.3460E-01 0.1312E-02  0.000      0.000      0.000     0.7243E-04 0.5232E-03 0.7168E-03
  79.05             92 0.3576E-01 0.1342E-02  0.000      0.000      0.000     0.7405E-04 0.5350E-03 0.7328E-03
  79.92             93 0.3695E-01 0.1372E-02  0.000      0.000      0.000     0.7569E-04 0.5468E-03 0.7491E-03
  80.79             94 0.3817E-01 0.1402E-02  0.000      0.000      0.000     0.7735E-04 0.5588E-03 0.7655E-03
  81.65             95 0.3941E-01 0.1432E-02  0.000      0.000      0.000     0.7903E-04 0.5709E-03 0.7821E-03
  82.52             96 0.4068E-01 0.1463E-02  0.000      0.000      0.000     0.8073E-04 0.5832E-03 0.7988E-03
  83.39             97 0.4197E-01 0.1494E-02  0.000      0.000      0.000     0.8244E-04 0.5955E-03 0.8158E-03
  84.26             98 0.4329E-01 0.1525E-02  0.000      0.000      0.000     0.8417E-04 0.6080E-03 0.8329E-03
  85.13             99 0.4464E-01 0.1557E-02  0.000      0.000      0.000     0.8592E-04 0.6207E-03 0.8502E-03
  86.00            100 0.4602E-01 0.1589E-02  0.000      0.000      0.000     0.8769E-04 0.6334E-03 0.8677E-03
  86.86            101 0.4742E-01 0.1621E-02  0.000      0.000      0.000     0.8947E-04 0.6463E-03 0.8854E-03
  87.73            102 0.4886E-01 0.1654E-02  0.000      0.000      0.000     0.9127E-04 0.6593E-03 0.9032E-03
  88.60            103 0.5032E-01 0.1687E-02  0.000      0.000      0.000     0.9309E-04 0.6725E-03 0.9212E-03
  89.47            104 0.5181E-01 0.1720E-02  0.000      0.000      0.000     0.9493E-04 0.6858E-03 0.9394E-03
  90.34            105 0.5333E-01 0.1754E-02  0.000      0.000      0.000     0.9679E-04 0.6992E-03 0.9578E-03
  91.20            106 0.5488E-01 0.1788E-02  0.000      0.000      0.000     0.9866E-04 0.7127E-03 0.9763E-03
  92.07            107 0.5646E-01 0.1822E-02  0.000      0.000      0.000     0.1006E-03 0.7264E-03 0.9951E-03
  92.94            108 0.5807E-01 0.1857E-02  0.000      0.000      0.000     0.1025E-03 0.7402E-03 0.1014E-02
  93.81            109 0.5971E-01 0.1892E-02  0.000      0.000      0.000     0.1044E-03 0.7541E-03 0.1033E-02
  94.68            110 0.6138E-01 0.1927E-02  0.000      0.000      0.000     0.1063E-03 0.7682E-03 0.1052E-02
  95.54            111 0.6308E-01 0.1962E-02  0.000      0.000      0.000     0.1083E-03 0.7824E-03 0.1072E-02
  96.41            112 0.6481E-01 0.1998E-02  0.000      0.000      0.000     0.1103E-03 0.7967E-03 0.1091E-02
  97.28            113 0.6657E-01 0.2035E-02  0.000      0.000      0.000     0.1123E-03 0.8112E-03 0.1111E-02
  98.15            114 0.6842E-01 0.2128E-02  0.000      0.000      0.000     0.1143E-03 0.8515E-03 0.1162E-02
  99.02            115 0.7133E-01 0.3366E-02  0.000      0.000      0.000     0.1163E-03 0.1414E-02 0.1836E-02
  99.89            116 0.7519E-01 0.4450E-02  0.000      0.000      0.000     0.1184E-03 0.1837E-02 0.2495E-02
  100.8            117 0.7952E-01 0.4998E-02  0.000      0.000      0.000     0.1205E-03 0.1982E-02 0.2895E-02
  101.6            118 0.8433E-01 0.5545E-02  0.000      0.000      0.000     0.1226E-03 0.2125E-02 0.3297E-02
  102.5            119 0.8961E-01 0.6091E-02  0.000      0.000      0.000     0.1247E-03 0.2266E-02 0.3700E-02
  103.4            120 0.9536E-01 0.6636E-02  0.000      0.000      0.000     0.1268E-03 0.2405E-02 0.4104E-02
  104.2            121 0.1016     0.7180E-02  0.000      0.000      0.000     0.1289E-03 0.2541E-02 0.4510E-02
  105.1            122 0.1083     0.7723E-02  0.000      0.000      0.000     0.1311E-03 0.2676E-02 0.4917E-02
  106.0            123 0.1154     0.8266E-02  0.000      0.000      0.000     0.1333E-03 0.2808E-02 0.5325E-02
  106.8            124 0.1231     0.8807E-02  0.000      0.000      0.000     0.1355E-03 0.2937E-02 0.5735E-02
  107.7            125 0.1312     0.9348E-02  0.000      0.000      0.000     0.1377E-03 0.3065E-02 0.6145E-02
  108.6            126 0.1397     0.9888E-02  0.000      0.000      0.000     0.1399E-03 0.3190E-02 0.6558E-02
  109.4            127 0.1488     0.1043E-01  0.000      0.000      0.000     0.1422E-03 0.3313E-02 0.6971E-02
  110.3            128 0.1583     0.1096E-01  0.000      0.000      0.000     0.1445E-03 0.3434E-02 0.7386E-02
  111.2            129 0.1682     0.1150E-01  0.000      0.000      0.000     0.1467E-03 0.3552E-02 0.7802E-02
  112.0            130 0.1787     0.1204E-01  0.000      0.000      0.000     0.1491E-03 0.3669E-02 0.8220E-02
  112.9            131 0.1896     0.1257E-01  0.000      0.000      0.000     0.1514E-03 0.3783E-02 0.8639E-02
  113.8            132 0.2009     0.1311E-01  0.000      0.000      0.000     0.1537E-03 0.3895E-02 0.9059E-02
  114.6            133 0.2128     0.1364E-01  0.000      0.000      0.000     0.1561E-03 0.4004E-02 0.9481E-02
  115.5            134 0.2250     0.1417E-01  0.000      0.000      0.000     0.1585E-03 0.4112E-02 0.9903E-02
  116.4            135 0.2378     0.1471E-01  0.000      0.000      0.000     0.1609E-03 0.4217E-02 0.1033E-01
  117.2            136 0.2510     0.1524E-01  0.000      0.000      0.000     0.1633E-03 0.4320E-02 0.1075E-01
  118.1            137 0.2647     0.1577E-01  0.000      0.000      0.000     0.1657E-03 0.4421E-02 0.1118E-01
  119.0            138 0.2788     0.1630E-01  0.000      0.000      0.000     0.1682E-03 0.4519E-02 0.1161E-01
  119.9            139 0.2934     0.1682E-01  0.000      0.000      0.000     0.1706E-03 0.4616E-02 0.1204E-01
  120.7            140 0.3084     0.1735E-01  0.000      0.000      0.000     0.1731E-03 0.4710E-02 0.1247E-01
  121.6            141 0.3239     0.1788E-01  0.000      0.000      0.000     0.1756E-03 0.4802E-02 0.1290E-01
  122.5            142 0.3398     0.1840E-01  0.000      0.000      0.000     0.1781E-03 0.4891E-02 0.1333E-01
  123.3            143 0.3562     0.1893E-01  0.000      0.000      0.000     0.1807E-03 0.4978E-02 0.1377E-01
  124.2            144 0.3731     0.1945E-01  0.000      0.000      0.000     0.1832E-03 0.5064E-02 0.1420E-01
  125.1            145 0.3904     0.1997E-01  0.000      0.000      0.000     0.1858E-03 0.5147E-02 0.1464E-01
  125.9            146 0.4082     0.2050E-01  0.000      0.000      0.000     0.1884E-03 0.5227E-02 0.1508E-01
  126.8            147 0.4264     0.2102E-01  0.000      0.000      0.000     0.1910E-03 0.5306E-02 0.1552E-01
  127.7            148 0.4451     0.2154E-01  0.000      0.000      0.000     0.1936E-03 0.5382E-02 0.1596E-01
  128.5            149 0.4642     0.2206E-01  0.000      0.000      0.000     0.1963E-03 0.5456E-02 0.1641E-01
  129.4            150 0.4837     0.2258E-01  0.000      0.000      0.000     0.1990E-03 0.5528E-02 0.1685E-01
  130.3            151 0.5038     0.2309E-01  0.000      0.000      0.000     0.2016E-03 0.5597E-02 0.1729E-01
  131.1            152 0.5242     0.2361E-01  0.000      0.000      0.000     0.2043E-03 0.5665E-02 0.1774E-01
  132.0            153 0.5454     0.2439E-01  0.000      0.000      0.000     0.2071E-03 0.5730E-02 0.1846E-01
  132.9            154 0.5689     0.2711E-01  0.000      0.000      0.000     0.2098E-03 0.5792E-02 0.2111E-01
  133.7            155 0.5966     0.3206E-01  0.000      0.000      0.000     0.2126E-03 0.5852E-02 0.2600E-01
  134.6            156 0.6307     0.3924E-01  0.000      0.000      0.000     0.2153E-03 0.5909E-02 0.3312E-01
  135.5            157 0.6728     0.4865E-01  0.000      0.000      0.000     0.2181E-03 0.5964E-02 0.4247E-01
  136.3            158 0.7250     0.6022E-01  0.000      0.000      0.000     0.2209E-03 0.6018E-02 0.5399E-01
  137.2            159 0.7867     0.7117E-01  0.000      0.000      0.000     0.2238E-03 0.6099E-02 0.6485E-01
  138.1            160 0.8457     0.6803E-01  0.000      0.000      0.000     0.2266E-03 0.6184E-02 0.6162E-01
  139.0            161 0.8995     0.6208E-01  0.000      0.000      0.000     0.2295E-03 0.6271E-02 0.5558E-01
  139.8            162 0.9457     0.5333E-01  0.000      0.000      0.000     0.2324E-03 0.6361E-02 0.4673E-01
  140.7            163 0.9819     0.4177E-01  0.000      0.000      0.000     0.2353E-03 0.6455E-02 0.3508E-01
  141.6            164  1.006     0.2740E-01  0.000      0.000      0.000     0.2382E-03 0.6551E-02 0.2061E-01
  142.4            165  1.021     0.1722E-01  0.000      0.000      0.000     0.2411E-03 0.6651E-02 0.1032E-01
  143.3            166  1.035     0.1705E-01  0.000      0.000      0.000     0.2441E-03 0.6753E-02 0.1005E-01
  144.2            167  1.050     0.1689E-01  0.000      0.000      0.000     0.2470E-03 0.6859E-02 0.9783E-02
  145.0            168  1.064     0.1674E-01  0.000      0.000      0.000     0.2500E-03 0.6968E-02 0.9518E-02
  145.9            169  1.079     0.1659E-01  0.000      0.000      0.000     0.2530E-03 0.7079E-02 0.9256E-02
  146.8            170  1.093     0.1645E-01  0.000      0.000      0.000     0.2561E-03 0.7194E-02 0.8997E-02
  147.6            171  1.107     0.1631E-01  0.000      0.000      0.000     0.2591E-03 0.7311E-02 0.8742E-02
  148.5            172  1.121     0.1618E-01  0.000      0.000      0.000     0.2622E-03 0.7432E-02 0.8490E-02
  149.4            173  1.135     0.1606E-01  0.000      0.000      0.000     0.2652E-03 0.7556E-02 0.8242E-02
  150.2            174  1.149     0.1595E-01  0.000      0.000      0.000     0.2683E-03 0.7683E-02 0.7997E-02
  151.1            175  1.163     0.1584E-01  0.000      0.000      0.000     0.2715E-03 0.7812E-02 0.7755E-02
  152.0            176  1.176     0.1574E-01  0.000      0.000      0.000     0.2746E-03 0.7945E-02 0.7517E-02
  152.8            177  1.190     0.1564E-01  0.000      0.000      0.000     0.2777E-03 0.8081E-02 0.7283E-02
  153.7            178  1.203     0.1555E-01  0.000      0.000      0.000     0.2809E-03 0.8220E-02 0.7052E-02
  154.6            179  1.217     0.1547E-01  0.000      0.000      0.000     0.2841E-03 0.8362E-02 0.6824E-02
  155.4            180  1.230     0.1539E-01  0.000      0.000      0.000     0.2873E-03 0.8506E-02 0.6600E-02
  156.3            181  1.243     0.1532E-01  0.000      0.000      0.000     0.2905E-03 0.8654E-02 0.6380E-02
  157.2            182  1.257     0.1526E-01  0.000      0.000      0.000     0.2938E-03 0.8805E-02 0.6162E-02
  158.0            183  1.270     0.1520E-01  0.000      0.000      0.000     0.2970E-03 0.8959E-02 0.5949E-02
  158.9            184  1.283     0.1515E-01  0.000      0.000      0.000     0.3003E-03 0.9116E-02 0.5738E-02
  159.8            185  1.296     0.1511E-01  0.000      0.000      0.000     0.3036E-03 0.9276E-02 0.5532E-02
  160.7            186  1.309     0.1507E-01  0.000      0.000      0.000     0.3069E-03 0.9439E-02 0.5328E-02
  161.5            187  1.322     0.1504E-01  0.000      0.000      0.000     0.3102E-03 0.9605E-02 0.5128E-02
  162.4            188  1.335     0.1502E-01  0.000      0.000      0.000     0.3136E-03 0.9774E-02 0.4932E-02
  163.3            189  1.348     0.1500E-01  0.000      0.000      0.000     0.3170E-03 0.9946E-02 0.4739E-02
  164.1            190  1.361     0.1499E-01  0.000      0.000      0.000     0.3203E-03 0.1012E-01 0.4549E-02
  165.0            191  1.374     0.1499E-01  0.000      0.000      0.000     0.3237E-03 0.1030E-01 0.4363E-02
  165.9            192  1.387     0.1499E-01  0.000      0.000      0.000     0.3272E-03 0.1048E-01 0.4181E-02
  166.7            193  1.400     0.1500E-01  0.000      0.000      0.000     0.3306E-03 0.1067E-01 0.4001E-02
  167.6            194  1.413     0.1501E-01  0.000      0.000      0.000     0.3341E-03 0.1085E-01 0.3826E-02
  168.5            195  1.426     0.1503E-01  0.000      0.000      0.000     0.3375E-03 0.1104E-01 0.3653E-02
  169.3            196  1.439     0.1506E-01  0.000      0.000      0.000     0.3410E-03 0.1124E-01 0.3485E-02
  170.2            197  1.452     0.1510E-01  0.000      0.000      0.000     0.3445E-03 0.1143E-01 0.3319E-02
  171.1            198  1.465     0.1514E-01  0.000      0.000      0.000     0.3481E-03 0.1163E-01 0.3157E-02
  171.9            199  1.479     0.1518E-01  0.000      0.000      0.000     0.3516E-03 0.1183E-01 0.2999E-02
  172.8            200  1.492     0.1524E-01  0.000      0.000      0.000     0.3552E-03 0.1204E-01 0.2844E-02
  173.7            201  1.505     0.1530E-01  0.000      0.000      0.000     0.3588E-03 0.1225E-01 0.2692E-02
  174.5            202  1.518     0.1537E-01  0.000      0.000      0.000     0.3624E-03 0.1246E-01 0.2544E-02
  175.4            203  1.532     0.1544E-01  0.000      0.000      0.000     0.3660E-03 0.1267E-01 0.2400E-02
  176.3            204  1.545     0.1552E-01  0.000      0.000      0.000     0.3696E-03 0.1289E-01 0.2258E-02
  177.1            205  1.559     0.1561E-01  0.000      0.000      0.000     0.3733E-03 0.1311E-01 0.2121E-02
  178.0            206  1.572     0.1570E-01  0.000      0.000      0.000     0.3770E-03 0.1333E-01 0.1986E-02
  178.9            207  1.586     0.1580E-01  0.000      0.000      0.000     0.3806E-03 0.1356E-01 0.1856E-02
  179.8            208  1.600     0.1590E-01  0.000      0.000      0.000     0.3844E-03 0.1379E-01 0.1728E-02
  180.6            209  1.614     0.1602E-01  0.000      0.000      0.000     0.3881E-03 0.1402E-01 0.1604E-02
  181.5            210  1.628     0.1614E-01  0.000      0.000      0.000     0.3918E-03 0.1426E-01 0.1484E-02
  182.4            211  1.642     0.1626E-01  0.000      0.000      0.000     0.3956E-03 0.1450E-01 0.1367E-02
  183.2            212  1.656     0.1639E-01  0.000      0.000      0.000     0.3994E-03 0.1474E-01 0.1254E-02
  184.1            213  1.670     0.1653E-01  0.000      0.000      0.000     0.4032E-03 0.1498E-01 0.1143E-02
  185.0            214  1.685     0.1668E-01  0.000      0.000      0.000     0.4070E-03 0.1523E-01 0.1037E-02
  185.8            215  1.699     0.1683E-01  0.000      0.000      0.000     0.4108E-03 0.1548E-01 0.9337E-03
  186.7            216  1.714     0.1699E-01  0.000      0.000      0.000     0.4147E-03 0.1574E-01 0.8340E-03
  187.6            217  1.729     0.1715E-01  0.000      0.000      0.000     0.4185E-03 0.1599E-01 0.7378E-03
  188.4            218  1.744     0.1732E-01  0.000      0.000      0.000     0.4224E-03 0.1625E-01 0.6450E-03
  189.3            219  1.759     0.1750E-01  0.000      0.000      0.000     0.4263E-03 0.1652E-01 0.5557E-03
  190.2            220  1.783     0.2719E-01  0.000      0.000      0.000     0.4303E-03 0.2629E-01 0.4698E-03
  191.0            221  1.820     0.4353E-01  0.000      0.000      0.000     0.4342E-03 0.4271E-01 0.3874E-03
  191.9            222  1.866     0.5252E-01  0.000      0.000      0.000     0.4382E-03 0.5178E-01 0.3085E-03
  192.8            223  1.913     0.5418E-01  0.000      0.000      0.000     0.4421E-03 0.5350E-01 0.2330E-03
  193.6            224  1.955     0.4849E-01  0.000      0.000      0.000     0.4461E-03 0.4789E-01 0.1609E-03
  194.5            225  1.998     0.4986E-01  0.000      0.000      0.000     0.4502E-03 0.4932E-01 0.9236E-04
  195.4            226  2.030     0.3639E-01  0.000      0.000      0.000     0.4542E-03 0.3590E-01 0.2723E-04
  196.2            227  2.030     0.4582E-03  0.000      0.000      0.000     0.4582E-03  0.000      0.000    
  197.1            228  2.030     0.4623E-03  0.000      0.000      0.000     0.4623E-03  0.000      0.000    
  198.0            229  2.031     0.4664E-03  0.000      0.000      0.000     0.4664E-03  0.000      0.000    
  198.8            230  2.031     0.4705E-03  0.000      0.000      0.000     0.4705E-03  0.000      0.000    
  199.7            231  2.032     0.4746E-03  0.000      0.000      0.000     0.4746E-03  0.000      0.000    
  200.6            232  2.032     0.4788E-03  0.000      0.000      0.000     0.4788E-03  0.000      0.000    
  201.5            233  2.033     0.4829E-03  0.000      0.000      0.000     0.4829E-03  0.000      0.000    
  202.3            234  2.033     0.4871E-03  0.000      0.000      0.000     0.4871E-03  0.000      0.000    
  203.2            235  2.033     0.4913E-03  0.000      0.000      0.000     0.4913E-03  0.000      0.000    
  204.1            236  2.034     0.4955E-03  0.000      0.000      0.000     0.4955E-03  0.000      0.000    
  204.9            237  2.034     0.4997E-03  0.000      0.000      0.000     0.4997E-03  0.000      0.000    
  205.8            238  2.035     0.5040E-03  0.000      0.000      0.000     0.5040E-03  0.000      0.000    
  206.7            239  2.035     0.5083E-03  0.000      0.000      0.000     0.5083E-03  0.000      0.000    
  207.5            240  2.036     0.5125E-03  0.000      0.000      0.000     0.5125E-03  0.000      0.000    
  208.4            241  2.036     0.5168E-03  0.000      0.000      0.000     0.5168E-03  0.000      0.000    
  209.3            242  2.036     0.5212E-03  0.000      0.000      0.000     0.5212E-03  0.000      0.000    
  210.1            243  2.037     0.5255E-03  0.000      0.000      0.000     0.5255E-03  0.000      0.000    
  211.0            244  2.037     0.5299E-03  0.000      0.000      0.000     0.5299E-03  0.000      0.000    
  211.9            245  2.038     0.5342E-03  0.000      0.000      0.000     0.5342E-03  0.000      0.000    
  212.7            246  2.038     0.5386E-03  0.000      0.000      0.000     0.5386E-03  0.000      0.000    
  213.6            247  2.039     0.5430E-03  0.000      0.000      0.000     0.5430E-03  0.000      0.000    
  214.5            248  2.039     0.5475E-03  0.000      0.000      0.000     0.5475E-03  0.000      0.000    
  215.3            249  2.040     0.5519E-03  0.000      0.000      0.000     0.5519E-03  0.000      0.000    
  216.2            250  2.040     0.5564E-03  0.000      0.000      0.000     0.5564E-03  0.000      0.000    
  217.1            251  2.041     0.5609E-03  0.000      0.000      0.000     0.5609E-03  0.000      0.000    
  217.9            252  2.041     0.5654E-03  0.000      0.000      0.000     0.5654E-03  0.000      0.000    
  218.8            253  2.042     0.5699E-03  0.000      0.000      0.000     0.5699E-03  0.000      0.000    
  219.7            254  2.042     0.5744E-03  0.000      0.000      0.000     0.5744E-03  0.000      0.000    
  220.6            255  2.043     0.5790E-03  0.000      0.000      0.000     0.5790E-03  0.000      0.000    
  221.4            256  2.043     0.5835E-03  0.000      0.000      0.000     0.5835E-03  0.000      0.000    
  222.3            257  2.044     0.5881E-03  0.000      0.000      0.000     0.5881E-03  0.000      0.000    
  223.2            258  2.044     0.5927E-03  0.000      0.000      0.000     0.5927E-03  0.000      0.000    
  224.0            259  2.045     0.5974E-03  0.000      0.000      0.000     0.5974E-03  0.000      0.000    
  224.9            260  2.046     0.2029E-02  0.000      0.000      0.000     0.2029E-02  0.000      0.000    
  225.8            261  2.049     0.3339E-02  0.000      0.000      0.000     0.3339E-02  0.000      0.000    
  226.6            262  2.053     0.4302E-02  0.000      0.000      0.000     0.4302E-02  0.000      0.000    
  227.5            263  2.057     0.4919E-02  0.000      0.000      0.000     0.4919E-02  0.000      0.000    
  228.4            264  2.062     0.5188E-02  0.000      0.000      0.000     0.5188E-02  0.000      0.000    
  229.2            265  2.066     0.5111E-02  0.000      0.000      0.000     0.5111E-02  0.000      0.000    
  230.1            266  2.070     0.4687E-02  0.000      0.000      0.000     0.4687E-02  0.000      0.000    
  231.0            267  2.074     0.3916E-02  0.000      0.000      0.000     0.3916E-02  0.000      0.000    
  231.8            268  2.076     0.2798E-02  0.000      0.000      0.000     0.2798E-02  0.000      0.000    
  232.7            269  2.078     0.2191E-02  0.000      0.000      0.000     0.2191E-02  0.000      0.000    
  233.6            270  2.080     0.2241E-02  0.000      0.000      0.000     0.2241E-02  0.000      0.000    
  234.4            271  2.082     0.2292E-02  0.000      0.000      0.000     0.2292E-02  0.000      0.000    
  235.3            272  2.084     0.2343E-02  0.000      0.000      0.000     0.2343E-02  0.000      0.000    
  236.2            273  2.086     0.2395E-02  0.000      0.000      0.000     0.2395E-02  0.000      0.000    
  237.0            274  2.088     0.2447E-02  0.000      0.000      0.000     0.2447E-02  0.000      0.000    
  237.9            275  2.090     0.2500E-02  0.000      0.000      0.000     0.2500E-02  0.000      0.000    
  238.8            276  2.093     0.2553E-02  0.000      0.000      0.000     0.2553E-02  0.000      0.000    
  239.7            277  2.095     0.2607E-02  0.000      0.000      0.000     0.2607E-02  0.000      0.000    
  240.5            278  2.097     0.2662E-02  0.000      0.000      0.000     0.2662E-02  0.000      0.000    
  241.4            279  2.100     0.2717E-02  0.000      0.000      0.000     0.2717E-02  0.000      0.000    
  242.3            280  2.102     0.2773E-02  0.000      0.000      0.000     0.2773E-02  0.000      0.000    
  243.1            281  2.104     0.2829E-02  0.000      0.000      0.000     0.2829E-02  0.000      0.000    
  244.0            282  2.107     0.2886E-02  0.000      0.000      0.000     0.2886E-02  0.000      0.000    
  244.9            283  2.109     0.2944E-02  0.000      0.000      0.000     0.2944E-02  0.000      0.000    
  245.7            284  2.112     0.3002E-02  0.000      0.000      0.000     0.3002E-02  0.000      0.000    
  246.6            285  2.115     0.3061E-02  0.000      0.000      0.000     0.3061E-02  0.000      0.000    
  247.5            286  2.117     0.3120E-02  0.000      0.000      0.000     0.3120E-02  0.000      0.000    
  248.3            287  2.120     0.3180E-02  0.000      0.000      0.000     0.3180E-02  0.000      0.000    
  249.2            288  2.123     0.3241E-02  0.000      0.000      0.000     0.3241E-02  0.000      0.000    
  250.1            289  2.126     0.3302E-02  0.000      0.000      0.000     0.3302E-02  0.000      0.000    
  250.9            290  2.129     0.3363E-02  0.000      0.000      0.000     0.3363E-02  0.000      0.000    
  251.8            291  2.132     0.3426E-02  0.000      0.000      0.000     0.3426E-02  0.000      0.000    
  252.7            292  2.135     0.3489E-02  0.000      0.000      0.000     0.3489E-02  0.000      0.000    
  253.5            293  2.138     0.3552E-02  0.000      0.000      0.000     0.3552E-02  0.000      0.000    
  254.4            294  2.141     0.3616E-02  0.000      0.000      0.000     0.3616E-02  0.000      0.000    
  255.3            295  2.144     0.3681E-02  0.000      0.000      0.000     0.3681E-02  0.000      0.000    
  256.1            296  2.147     0.3746E-02  0.000      0.000      0.000     0.3746E-02  0.000      0.000    
  257.0            297  2.151     0.3812E-02  0.000      0.000      0.000     0.3812E-02  0.000      0.000    
  257.9            298  2.154     0.3878E-02  0.000      0.000      0.000     0.3878E-02  0.000      0.000    
  258.7            299  2.157     0.3945E-02  0.000      0.000      0.000     0.3945E-02  0.000      0.000    
  259.6            300  2.161     0.4012E-02  0.000      0.000      0.000     0.4012E-02  0.000      0.000    
  260.5            301  2.164     0.4081E-02  0.000      0.000      0.000     0.4081E-02  0.000      0.000    
  261.4            302  2.168     0.4149E-02  0.000      0.000      0.000     0.4149E-02  0.000      0.000    
  262.2            303  2.172     0.4219E-02  0.000      0.000      0.000     0.4219E-02  0.000      0.000    
  263.1            304  2.175     0.4288E-02  0.000      0.000      0.000     0.4288E-02  0.000      0.000    
  264.0            305  2.179     0.4359E-02  0.000      0.000      0.000     0.4359E-02  0.000      0.000    
  264.8            306  2.183     0.4430E-02  0.000      0.000      0.000     0.4430E-02  0.000      0.000    
  265.7            307  2.187     0.4502E-02  0.000      0.000      0.000     0.4502E-02  0.000      0.000    
  266.6            308  2.191     0.4574E-02  0.000      0.000      0.000     0.4574E-02  0.000      0.000    
  267.4            309  2.195     0.4647E-02  0.000      0.000      0.000     0.4647E-02  0.000      0.000    
  268.3            310  2.199     0.4720E-02  0.000      0.000      0.000     0.4720E-02  0.000      0.000    
  269.2            311  2.203     0.4794E-02  0.000      0.000      0.000     0.4794E-02  0.000      0.000    
  270.0            312  2.207     0.4869E-02  0.000      0.000      0.000     0.4869E-02  0.000      0.000    
  270.9            313  2.212     0.4944E-02  0.000      0.000      0.000     0.4944E-02  0.000      0.000    
  271.8            314  2.216     0.5019E-02  0.000      0.000      0.000     0.5019E-02  0.000      0.000    
  272.6            315  2.220     0.5096E-02  0.000      0.000      0.000     0.5096E-02  0.000      0.000    
  273.5            316  2.225     0.5173E-02  0.000      0.000      0.000     0.5173E-02  0.000      0.000    
  274.4            317  2.229     0.5250E-02  0.000      0.000      0.000     0.5250E-02  0.000      0.000    
  275.2            318  2.234     0.5328E-02  0.000      0.000      0.000     0.5328E-02  0.000      0.000    
  276.1            319  2.239     0.5407E-02  0.000      0.000      0.000     0.5407E-02  0.000      0.000    
  277.0            320  2.244     0.5486E-02  0.000      0.000      0.000     0.5486E-02  0.000      0.000    
  277.8            321  2.248     0.5566E-02  0.000      0.000      0.000     0.5566E-02  0.000      0.000    
  278.7            322  2.253     0.5647E-02  0.000      0.000      0.000     0.5647E-02  0.000      0.000    
  279.6            323  2.258     0.5728E-02  0.000      0.000      0.000     0.5728E-02  0.000      0.000    
  280.5            324  2.263     0.5809E-02  0.000      0.000      0.000     0.5809E-02  0.000      0.000    
  281.3            325  2.268     0.5891E-02  0.000      0.000      0.000     0.5891E-02  0.000      0.000    
  282.2            326  2.274     0.5974E-02  0.000      0.000      0.000     0.5974E-02  0.000      0.000    
  283.1            327  2.279     0.6057E-02  0.000      0.000      0.000     0.6057E-02  0.000      0.000    
  283.9            328  2.284     0.6141E-02  0.000      0.000      0.000     0.6141E-02  0.000      0.000    
  284.8            329  2.290     0.6226E-02  0.000      0.000      0.000     0.6226E-02  0.000      0.000    
  285.7            330  2.295     0.6311E-02  0.000      0.000      0.000     0.6311E-02  0.000      0.000    
  286.5            331  2.301     0.6397E-02  0.000      0.000      0.000     0.6397E-02  0.000      0.000    
  287.4            332  2.306     0.6483E-02  0.000      0.000      0.000     0.6483E-02  0.000      0.000    
  288.3            333  2.312     0.6740E-02  0.000      0.000      0.000     0.6740E-02  0.000      0.000    
  289.1            334  2.318     0.7116E-02  0.000      0.000      0.000     0.7116E-02  0.000      0.000    
  290.0            335  2.325     0.7479E-02  0.000      0.000      0.000     0.7479E-02  0.000      0.000    
  290.9            336  2.331     0.7828E-02  0.000      0.000      0.000     0.7828E-02  0.000      0.000    
  291.7            337  2.338     0.8163E-02  0.000      0.000      0.000     0.8163E-02  0.000      0.000    
  292.6            338  2.346     0.8485E-02  0.000      0.000      0.000     0.8485E-02  0.000      0.000    
  293.5            339  2.353     0.8794E-02  0.000      0.000      0.000     0.8794E-02  0.000      0.000    
  294.3            340  2.361     0.9088E-02  0.000      0.000      0.000     0.9088E-02  0.000      0.000    
  295.2            341  2.369     0.9369E-02  0.000      0.000      0.000     0.9369E-02  0.000      0.000    
  296.1            342  2.378     0.9637E-02  0.000      0.000      0.000     0.9637E-02  0.000      0.000    
  296.9            343  2.386     0.9891E-02  0.000      0.000      0.000     0.9891E-02  0.000      0.000    
  297.8            344  2.395     0.1013E-01  0.000      0.000      0.000     0.1013E-01  0.000      0.000    
  298.7            345  2.404     0.1036E-01  0.000      0.000      0.000     0.1036E-01  0.000      0.000    
  299.6            346  2.413     0.1057E-01  0.000      0.000      0.000     0.1057E-01  0.000      0.000    
  300.4            347  2.423     0.1077E-01  0.000      0.000      0.000     0.1077E-01  0.000      0.000    
  301.3            348  2.432     0.1096E-01  0.000      0.000      0.000     0.1096E-01  0.000      0.000    
  302.2            349  2.442     0.1113E-01  0.000      0.000      0.000     0.1113E-01  0.000      0.000    
  303.0            350  2.452     0.1129E-01  0.000      0.000      0.000     0.1129E-01  0.000      0.000    
  303.9            351  2.461     0.1143E-01  0.000      0.000      0.000     0.1143E-01  0.000      0.000    
  304.8            352  2.471     0.1156E-01  0.000      0.000      0.000     0.1156E-01  0.000      0.000    
  305.6            353  2.482     0.1168E-01  0.000      0.000      0.000     0.1168E-01  0.000      0.000    
  306.5            354  2.492     0.1179E-01  0.000      0.000      0.000     0.1179E-01  0.000      0.000    
  307.4            355  2.502     0.1188E-01  0.000      0.000      0.000     0.1188E-01  0.000      0.000    
  308.2            356  2.512     0.1195E-01  0.000      0.000      0.000     0.1195E-01  0.000      0.000    
  309.1            357  2.523     0.1202E-01  0.000      0.000      0.000     0.1202E-01  0.000      0.000    
  310.0            358  2.533     0.1207E-01  0.000      0.000      0.000     0.1207E-01  0.000      0.000    
  310.8            359  2.544     0.1210E-01  0.000      0.000      0.000     0.1210E-01  0.000      0.000    
  311.7            360  2.554     0.1213E-01  0.000      0.000      0.000     0.1213E-01  0.000      0.000    
  312.6            361  2.565     0.1214E-01  0.000      0.000      0.000     0.1214E-01  0.000      0.000    
  313.4            362  2.575     0.1213E-01  0.000      0.000      0.000     0.1213E-01  0.000      0.000    
  314.3            363  2.586     0.1211E-01  0.000      0.000      0.000     0.1211E-01  0.000      0.000    
  315.2            364  2.596     0.1208E-01  0.000      0.000      0.000     0.1208E-01  0.000      0.000    
  316.0            365  2.607     0.1204E-01  0.000      0.000      0.000     0.1204E-01  0.000      0.000    
  316.9            366  2.617     0.1198E-01  0.000      0.000      0.000     0.1198E-01  0.000      0.000    
  317.8            367  2.627     0.1190E-01  0.000      0.000      0.000     0.1190E-01  0.000      0.000    
  318.6            368  2.638     0.1182E-01  0.000      0.000      0.000     0.1182E-01  0.000      0.000    
  319.5            369  2.648     0.1172E-01  0.000      0.000      0.000     0.1172E-01  0.000      0.000    
  320.4            370  2.658     0.1161E-01  0.000      0.000      0.000     0.1161E-01  0.000      0.000    
  321.3            371  2.668     0.1155E-01  0.000      0.000      0.000     0.1155E-01  0.000      0.000    
  322.1            372  2.678     0.1157E-01  0.000      0.000      0.000     0.1157E-01  0.000      0.000    
  323.0            373  2.688     0.1158E-01  0.000      0.000      0.000     0.1158E-01  0.000      0.000    
  323.9            374  2.698     0.1159E-01  0.000      0.000      0.000     0.1159E-01  0.000      0.000    
  324.7            375  2.708     0.1157E-01  0.000      0.000      0.000     0.1157E-01  0.000      0.000    
  325.6            376  2.718     0.1155E-01  0.000      0.000      0.000     0.1155E-01  0.000      0.000    
  326.5            377  2.728     0.1151E-01  0.000      0.000      0.000     0.1151E-01  0.000      0.000    
  327.3            378  2.738     0.1146E-01  0.000      0.000      0.000     0.1146E-01  0.000      0.000    
  328.2            379  2.748     0.1140E-01  0.000      0.000      0.000     0.1140E-01  0.000      0.000    
  329.1            380  2.758     0.1133E-01  0.000      0.000      0.000     0.1133E-01  0.000      0.000    
  329.9            381  2.767     0.1124E-01  0.000      0.000      0.000     0.1124E-01  0.000      0.000    
  330.8            382  2.777     0.1114E-01  0.000      0.000      0.000     0.1114E-01  0.000      0.000    
  331.7            383  2.787     0.1103E-01  0.000      0.000      0.000     0.1103E-01  0.000      0.000    
  332.5            384  2.796     0.1091E-01  0.000      0.000      0.000     0.1091E-01  0.000      0.000    
  333.4            385  2.805     0.1077E-01  0.000      0.000      0.000     0.1077E-01  0.000      0.000    
  334.3            386  2.815     0.1062E-01  0.000      0.000      0.000     0.1062E-01  0.000      0.000    
  335.1            387  2.824     0.1046E-01  0.000      0.000      0.000     0.1046E-01  0.000      0.000    
  336.0            388  2.833     0.1029E-01  0.000      0.000      0.000     0.1029E-01  0.000      0.000    
  336.9            389  2.841     0.1010E-01  0.000      0.000      0.000     0.1010E-01  0.000      0.000    
  337.7            390  2.850     0.9901E-02  0.000      0.000      0.000     0.9901E-02  0.000      0.000    
  338.6            391  2.858     0.9689E-02  0.000      0.000      0.000     0.9689E-02  0.000      0.000    
  339.5            392  2.867     0.9465E-02  0.000      0.000      0.000     0.9465E-02  0.000      0.000    
  340.4            393  2.875     0.9229E-02  0.000      0.000      0.000     0.9229E-02  0.000      0.000    
  341.2            394  2.882     0.8980E-02  0.000      0.000      0.000     0.8980E-02  0.000      0.000    
  342.1            395  2.890     0.8719E-02  0.000      0.000      0.000     0.8719E-02  0.000      0.000    
  343.0            396  2.897     0.8445E-02  0.000      0.000      0.000     0.8445E-02  0.000      0.000    
  343.8            397  2.904     0.8159E-02  0.000      0.000      0.000     0.8159E-02  0.000      0.000    
  344.7            398  2.911     0.7860E-02  0.000      0.000      0.000     0.7860E-02  0.000      0.000    
  345.6            399  2.918     0.7549E-02  0.000      0.000      0.000     0.7549E-02  0.000      0.000    
  346.4            400  2.924     0.7225E-02  0.000      0.000      0.000     0.7225E-02  0.000      0.000    
  347.3            401  2.930     0.6889E-02  0.000      0.000      0.000     0.6889E-02  0.000      0.000    
  348.2            402  2.936     0.6540E-02  0.000      0.000      0.000     0.6540E-02  0.000      0.000    
  349.0            403  2.941     0.6179E-02  0.000      0.000      0.000     0.6179E-02  0.000      0.000    
  349.9            404  2.946     0.5805E-02  0.000      0.000      0.000     0.5805E-02  0.000      0.000    
  350.8            405  2.951     0.5419E-02  0.000      0.000      0.000     0.5419E-02  0.000      0.000    
  351.6            406  2.955     0.5020E-02  0.000      0.000      0.000     0.5020E-02  0.000      0.000    
  352.5            407  2.959     0.4609E-02  0.000      0.000      0.000     0.4609E-02  0.000      0.000    
  353.4            408  2.963     0.4185E-02  0.000      0.000      0.000     0.4185E-02  0.000      0.000    
  354.2            409  2.966     0.3749E-02  0.000      0.000      0.000     0.3749E-02  0.000      0.000    
  355.1            410  2.969     0.3301E-02  0.000      0.000      0.000     0.3301E-02  0.000      0.000    
  356.0            411  2.971     0.2839E-02  0.000      0.000      0.000     0.2839E-02  0.000      0.000    
  356.8            412  2.973     0.2366E-02  0.000      0.000      0.000     0.2366E-02  0.000      0.000    
  357.7            413  2.975     0.1967E-02  0.000      0.000     0.2634E-04 0.1940E-02  0.000      0.000    
  358.6            414  2.977     0.1831E-02  0.000      0.000     0.1104E-03 0.1721E-02  0.000      0.000    
  359.5            415  2.978     0.1821E-02  0.000      0.000     0.1993E-03 0.1622E-02  0.000      0.000    
  360.3            416  2.980     0.1844E-02  0.000      0.000     0.2930E-03 0.1551E-02  0.000      0.000    
  361.2            417  2.981     0.1873E-02  0.000      0.000     0.3914E-03 0.1482E-02  0.000      0.000    
  362.1            418  2.983     0.1909E-02  0.000      0.000     0.4947E-03 0.1414E-02  0.000      0.000    
  362.9            419  2.985     0.1951E-02  0.000      0.000     0.6028E-03 0.1348E-02  0.000      0.000    
  363.8            420  2.986     0.1999E-02  0.000      0.000     0.7156E-03 0.1284E-02  0.000      0.000    
  364.7            421  2.988     0.2054E-02  0.000      0.000     0.8333E-03 0.1221E-02  0.000      0.000    
  365.5            422  2.990     0.2115E-02  0.000      0.000     0.9558E-03 0.1159E-02  0.000      0.000    
  366.4            423  2.992     0.2183E-02  0.000      0.000     0.1083E-02 0.1099E-02  0.000      0.000    
  367.3            424  2.994     0.2256E-02  0.000      0.000     0.1215E-02 0.1041E-02  0.000      0.000    
  368.1            425  2.996     0.2337E-02  0.000      0.000     0.1352E-02 0.9847E-03  0.000      0.000    
  369.0            426  2.998     0.2423E-02  0.000      0.000     0.1494E-02 0.9297E-03  0.000      0.000    
  369.9            427  3.000     0.2516E-02  0.000      0.000     0.1640E-02 0.8762E-03  0.000      0.000    
  370.7            428  3.002     0.2616E-02  0.000      0.000     0.1791E-02 0.8244E-03  0.000      0.000    
  371.6            429  3.005     0.2722E-02  0.000      0.000     0.1948E-02 0.7741E-03  0.000      0.000    
  372.5            430  3.007     0.2834E-02  0.000      0.000     0.2108E-02 0.7254E-03  0.000      0.000    
  373.3            431  3.010     0.2952E-02  0.000      0.000     0.2274E-02 0.6783E-03  0.000      0.000    
  374.2            432  3.012     0.3077E-02  0.000      0.000     0.2445E-02 0.6327E-03  0.000      0.000    
  375.1            433  3.015     0.3209E-02  0.000      0.000     0.2620E-02 0.5888E-03  0.000      0.000    
  375.9            434  3.018     0.3346E-02  0.000      0.000     0.2800E-02 0.5464E-03  0.000      0.000    
  376.8            435  3.021     0.3490E-02  0.000      0.000     0.2985E-02 0.5056E-03  0.000      0.000    
  377.7            436  3.024     0.3641E-02  0.000      0.000     0.3175E-02 0.4664E-03  0.000      0.000    
  378.5            437  3.028     0.3798E-02  0.000      0.000     0.3369E-02 0.4288E-03  0.000      0.000    
  379.4            438  3.031     0.3961E-02  0.000      0.000     0.3568E-02 0.3928E-03  0.000      0.000    
  380.3            439  3.035     0.4131E-02  0.000      0.000     0.3772E-02 0.3583E-03  0.000      0.000    
  381.2            440  3.038     0.4307E-02  0.000      0.000     0.3981E-02 0.3254E-03  0.000      0.000    
  382.0            441  3.042     0.4489E-02  0.000      0.000     0.4195E-02 0.2941E-03  0.000      0.000    
  382.9            442  3.046     0.4678E-02  0.000      0.000     0.4413E-02 0.2644E-03  0.000      0.000    
  383.8            443  3.051     0.4873E-02  0.000      0.000     0.4637E-02 0.2363E-03  0.000      0.000    
  384.6            444  3.055     0.5075E-02  0.000      0.000     0.4865E-02 0.2097E-03  0.000      0.000    
  385.5            445  3.060     0.5282E-02  0.000      0.000     0.5098E-02 0.1848E-03  0.000      0.000    
  386.4            446  3.064     0.5497E-02  0.000      0.000     0.5335E-02 0.1614E-03  0.000      0.000    
  387.2            447  3.069     0.5717E-02  0.000      0.000     0.5578E-02 0.1396E-03  0.000      0.000    
  388.1            448  3.074     0.5945E-02  0.000      0.000     0.5825E-02 0.1194E-03  0.000      0.000    
  389.0            449  3.080     0.6178E-02  0.000      0.000     0.6077E-02 0.1007E-03  0.000      0.000    
  389.8            450  3.085     0.6418E-02  0.000      0.000     0.6334E-02 0.8365E-04  0.000      0.000    
  390.7            451  3.091     0.6664E-02  0.000      0.000     0.6596E-02 0.6817E-04  0.000      0.000    
  391.6            452  3.097     0.6917E-02  0.000      0.000     0.6862E-02 0.5428E-04  0.000      0.000    
  392.4            453  3.103     0.7176E-02  0.000      0.000     0.7134E-02 0.4196E-04  0.000      0.000    
  393.3            454  3.110     0.7441E-02  0.000      0.000     0.7410E-02 0.3123E-04  0.000      0.000    
  394.2            455  3.116     0.7713E-02  0.000      0.000     0.7691E-02 0.2208E-04  0.000      0.000    
  395.0            456  3.123     0.7991E-02  0.000      0.000     0.7976E-02 0.1452E-04  0.000      0.000    
  395.9            457  3.131     0.8275E-02  0.000      0.000     0.8267E-02 0.8530E-05  0.000      0.000    
  396.8            458  3.138     0.8566E-02  0.000      0.000     0.8562E-02 0.4126E-05  0.000      0.000    
  397.6            459  3.146     0.8864E-02  0.000      0.000     0.8862E-02 0.1304E-05  0.000      0.000    
  398.5            460  3.154     0.9167E-02  0.000      0.000     0.9167E-02 0.6383E-07  0.000      0.000    
  399.4            461  3.162     0.9517E-02  0.000      0.000     0.9517E-02  0.000      0.000      0.000    
  400.3            462  3.171     0.1005E-01  0.000      0.000     0.1005E-01  0.000      0.000      0.000    
  401.1            463  3.180     0.1079E-01  0.000      0.000     0.1079E-01  0.000      0.000      0.000    
  402.0            464  3.190     0.1175E-01  0.000      0.000     0.1175E-01  0.000      0.000      0.000    
  402.9            465  3.201     0.1291E-01  0.000      0.000     0.1291E-01  0.000      0.000      0.000    
  403.7            466  3.214     0.1430E-01  0.000      0.000     0.1430E-01  0.000      0.000      0.000    
  404.6            467  3.227     0.1589E-01  0.000      0.000     0.1589E-01  0.000      0.000      0.000    
  405.5            468  3.243     0.1770E-01  0.000      0.000     0.1770E-01  0.000      0.000      0.000    
  406.3            469  3.260     0.1972E-01  0.000      0.000     0.1972E-01  0.000      0.000      0.000    
  407.2            470  3.279     0.2196E-01  0.000      0.000     0.2196E-01  0.000      0.000      0.000    
  408.1            471  3.300     0.2441E-01  0.000      0.000     0.2441E-01  0.000      0.000      0.000    
  408.9            472  3.323     0.2707E-01  0.000      0.000     0.2707E-01  0.000      0.000      0.000    
  409.8            473  3.349     0.2909E-01  0.000      0.000     0.2909E-01  0.000      0.000      0.000    
  410.7            474  3.374     0.2948E-01  0.000      0.000     0.2948E-01  0.000      0.000      0.000    
  411.5            475  3.400     0.2957E-01  0.000      0.000     0.2957E-01  0.000      0.000      0.000    
  412.4            476  3.425     0.2935E-01  0.000      0.000     0.2935E-01  0.000      0.000      0.000    
  413.3            477  3.450     0.2882E-01  0.000      0.000     0.2882E-01  0.000      0.000      0.000    
  414.1            478  3.475     0.2799E-01  0.000      0.000     0.2799E-01  0.000      0.000      0.000    
  415.0            479  3.498     0.2685E-01  0.000      0.000     0.2685E-01  0.000      0.000      0.000    
  415.9            480  3.520     0.2541E-01  0.000      0.000     0.2541E-01  0.000      0.000      0.000    
  416.7            481  3.540     0.2366E-01  0.000      0.000     0.2366E-01  0.000      0.000      0.000    
  417.6            482  3.559     0.2160E-01  0.000      0.000     0.2160E-01  0.000      0.000      0.000    
  418.5            483  3.576     0.1923E-01  0.000      0.000     0.1923E-01  0.000      0.000      0.000    
  419.4            484  3.590     0.1656E-01  0.000      0.000     0.1656E-01  0.000      0.000      0.000    
  420.2            485  3.602     0.1358E-01  0.000      0.000     0.1358E-01  0.000      0.000      0.000    
  421.1            486  3.611     0.1092E-01  0.000      0.000     0.1092E-01  0.000      0.000      0.000    
  422.0            487  3.621     0.1075E-01  0.000      0.000     0.1075E-01  0.000      0.000      0.000    
  422.8            488  3.630     0.1058E-01  0.000      0.000     0.1058E-01  0.000      0.000      0.000    
  423.7            489  3.639     0.1041E-01  0.000      0.000     0.1041E-01  0.000      0.000      0.000    
  424.6            490  3.648     0.1024E-01  0.000      0.000     0.1024E-01  0.000      0.000      0.000    
  425.4            491  3.656     0.1007E-01  0.000      0.000     0.1007E-01  0.000      0.000      0.000    
  426.3            492  3.665     0.9905E-02  0.000      0.000     0.9905E-02  0.000      0.000      0.000    
  427.2            493  3.673     0.9741E-02  0.000      0.000     0.9741E-02  0.000      0.000      0.000    
  428.0            494  3.682     0.9579E-02  0.000      0.000     0.9579E-02  0.000      0.000      0.000    
  428.9            495  3.690     0.9418E-02  0.000      0.000     0.9418E-02  0.000      0.000      0.000    
  429.8            496  3.698     0.9259E-02  0.000      0.000     0.9259E-02  0.000      0.000      0.000    
  430.6            497  3.706     0.9101E-02  0.000      0.000     0.9101E-02  0.000      0.000      0.000    
  431.5            498  3.714     0.8945E-02  0.000      0.000     0.8945E-02  0.000      0.000      0.000    
  432.4            499  3.721     0.8790E-02  0.000      0.000     0.8790E-02  0.000      0.000      0.000    
  433.2            500  3.729     0.8637E-02  0.000      0.000     0.8637E-02  0.000      0.000      0.000    
  434.1            501  3.736     0.8485E-02  0.000      0.000     0.8485E-02  0.000      0.000      0.000    
  435.0            502  3.743     0.8335E-02  0.000      0.000     0.8335E-02  0.000      0.000      0.000    
  435.8            503  3.750     0.8187E-02  0.000      0.000     0.8187E-02  0.000      0.000      0.000    
  436.7            504  3.757     0.8040E-02  0.000      0.000     0.8040E-02  0.000      0.000      0.000    
  437.6            505  3.764     0.7894E-02  0.000      0.000     0.7894E-02  0.000      0.000      0.000    
  438.4            506  3.771     0.7751E-02  0.000      0.000     0.7751E-02  0.000      0.000      0.000    
  439.3            507  3.777     0.7608E-02  0.000      0.000     0.7608E-02  0.000      0.000      0.000    
  440.2            508  3.784     0.7467E-02  0.000      0.000     0.7467E-02  0.000      0.000      0.000    
  441.1            509  3.790     0.7328E-02  0.000      0.000     0.7328E-02  0.000      0.000      0.000    
  441.9            510  3.797     0.7190E-02  0.000      0.000     0.7190E-02  0.000      0.000      0.000    
  442.8            511  3.803     0.7054E-02  0.000      0.000     0.7054E-02  0.000      0.000      0.000    
  443.7            512  3.809     0.6920E-02  0.000      0.000     0.6920E-02  0.000      0.000      0.000    
  444.5            513  3.815     0.6787E-02  0.000      0.000     0.6787E-02  0.000      0.000      0.000    
  445.4            514  3.820     0.6655E-02  0.000      0.000     0.6655E-02  0.000      0.000      0.000    
  446.3            515  3.826     0.6525E-02  0.000      0.000     0.6525E-02  0.000      0.000      0.000    
  447.1            516  3.831     0.6396E-02  0.000      0.000     0.6396E-02  0.000      0.000      0.000    
  448.0            517  3.837     0.6270E-02  0.000      0.000     0.6270E-02  0.000      0.000      0.000    
  448.9            518  3.842     0.6144E-02  0.000      0.000     0.6144E-02  0.000      0.000      0.000    
  449.7            519  3.847     0.6020E-02  0.000      0.000     0.6020E-02  0.000      0.000      0.000    
  450.6            520  3.853     0.5898E-02  0.000      0.000     0.5898E-02  0.000      0.000      0.000    
  451.5            521  3.858     0.5777E-02  0.000      0.000     0.5777E-02  0.000      0.000      0.000    
  452.3            522  3.863     0.5707E-02 0.6107E-05 0.4296E-04 0.5658E-02  0.000      0.000      0.000    
  453.2            523  3.868     0.6003E-02 0.5763E-04 0.4055E-03 0.5540E-02  0.000      0.000      0.000    
  454.1            524  3.874     0.6723E-02 0.1616E-03 0.1137E-02 0.5424E-02  0.000      0.000      0.000    
  454.9            525  3.880     0.7865E-02 0.3180E-03 0.2237E-02 0.5309E-02  0.000      0.000      0.000    
  455.8            526  3.889     0.9430E-02 0.5269E-03 0.3707E-02 0.5196E-02  0.000      0.000      0.000    
  456.7            527  3.898     0.1142E-01 0.7882E-03 0.5545E-02 0.5085E-02  0.000      0.000      0.000    
  457.5            528  3.910     0.1383E-01 0.1102E-02 0.7752E-02 0.4975E-02  0.000      0.000      0.000    
  458.4            529  3.925     0.1666E-01 0.1468E-02 0.1033E-01 0.4866E-02  0.000      0.000      0.000    
  459.3            530  3.942     0.1992E-01 0.1887E-02 0.1327E-01 0.4759E-02  0.000      0.000      0.000    
  460.2            531  3.963     0.2360E-01 0.2358E-02 0.1659E-01 0.4654E-02  0.000      0.000      0.000    
  461.0            532  3.987     0.2770E-01 0.2881E-02 0.2027E-01 0.4550E-02  0.000      0.000      0.000    
  461.9            533  4.015     0.3223E-01 0.3457E-02 0.2432E-01 0.4448E-02  0.000      0.000      0.000    
  462.8            534  4.051     0.4241E-01 0.4086E-02 0.3397E-01 0.4347E-02  0.000      0.000      0.000    
  463.6            535  4.131     0.9208E-01 0.4767E-02 0.8306E-01 0.4248E-02  0.000      0.000      0.000    
  464.5            536  4.219     0.1012     0.5500E-02 0.9154E-01 0.4150E-02  0.000      0.000      0.000    
  465.4            537  4.290     0.8234E-01 0.6721E-02 0.7157E-01 0.4054E-02  0.000      0.000      0.000    
  466.2            538  4.360     0.8034E-01 0.9108E-02 0.6727E-01 0.3959E-02  0.000      0.000      0.000    
  467.1            539  4.427     0.7799E-01 0.1158E-01 0.6254E-01 0.3866E-02  0.000      0.000      0.000    
  468.0            540  4.493     0.7529E-01 0.1414E-01 0.5737E-01 0.3775E-02  0.000      0.000      0.000    
  468.8            541  4.555     0.7224E-01 0.1679E-01 0.5177E-01 0.3685E-02  0.000      0.000      0.000    
  469.7            542  4.615     0.6884E-01 0.1952E-01 0.4573E-01 0.3596E-02  0.000      0.000      0.000    
  470.6            543  4.671     0.6510E-01 0.2234E-01 0.3925E-01 0.3509E-02  0.000      0.000      0.000    
  471.4            544  4.725     0.6170E-01 0.2524E-01 0.3303E-01 0.3424E-02  0.000      0.000      0.000    
  472.3            545  4.779     0.6286E-01 0.2824E-01 0.3129E-01 0.3340E-02  0.000      0.000      0.000    
  473.2            546  4.834     0.6339E-01 0.3132E-01 0.2997E-01 0.2099E-02  0.000      0.000      0.000    
  474.0            547  4.891     0.6509E-01 0.3448E-01 0.2861E-01 0.1999E-02  0.000      0.000      0.000    
  474.9            548  4.949     0.6689E-01 0.3773E-01 0.2725E-01 0.1901E-02  0.000      0.000      0.000    
  475.8            549  5.008     0.6877E-01 0.4107E-01 0.2589E-01 0.1806E-02  0.000      0.000      0.000    
  476.6            550  5.069     0.7074E-01 0.4450E-01 0.2453E-01 0.1713E-02  0.000      0.000      0.000    
  477.5            551  5.136     0.7663E-01 0.5184E-01 0.2317E-01 0.1622E-02  0.000      0.000      0.000    
  478.4            552  5.209     0.8385E-01 0.6050E-01 0.2181E-01 0.1534E-02  0.000      0.000      0.000    
  479.3            553  5.285     0.8831E-01 0.6641E-01 0.2045E-01 0.1449E-02  0.000      0.000      0.000    
  480.1            554  5.363     0.9000E-01 0.6954E-01 0.1909E-01 0.1366E-02  0.000      0.000      0.000    
  481.0            555  5.440     0.8894E-01 0.6992E-01 0.1774E-01 0.1285E-02  0.000      0.000      0.000    
  481.9            556  5.514     0.8511E-01 0.6752E-01 0.1638E-01 0.1207E-02  0.000      0.000      0.000    
  482.7            557  5.582     0.7852E-01 0.6237E-01 0.1502E-01 0.1131E-02  0.000      0.000      0.000    
  483.6            558  5.642     0.6917E-01 0.5445E-01 0.1367E-01 0.1058E-02  0.000      0.000      0.000    
  484.5            559  5.694     0.5997E-01 0.4666E-01 0.1232E-01 0.9871E-03  0.000      0.000      0.000    
  485.3            560  5.740     0.5337E-01 0.4143E-01 0.1102E-01 0.9188E-03  0.000      0.000      0.000    
  486.2            561  5.781     0.4712E-01 0.3648E-01 0.9788E-02 0.8529E-03  0.000      0.000      0.000    
  487.1            562  5.816     0.4094E-01 0.3154E-01 0.8613E-02 0.7894E-03  0.000      0.000      0.000    
  487.9            563  5.847     0.3484E-01 0.2661E-01 0.7500E-02 0.7284E-03  0.000      0.000      0.000    
  488.8            564  5.872     0.2881E-01 0.2169E-01 0.6446E-02 0.6698E-03  0.000      0.000      0.000    
  489.7            565  5.891     0.2285E-01 0.1679E-01 0.5454E-02 0.6137E-03  0.000      0.000      0.000    
  490.5            566  5.906     0.1697E-01 0.1189E-01 0.4523E-02 0.5601E-03  0.000      0.000      0.000    
  491.4            567  5.916     0.1116E-01 0.7001E-02 0.3652E-02 0.5089E-03  0.000      0.000      0.000    
  492.3            568  5.924     0.9082E-02 0.5422E-02 0.3199E-02 0.4602E-03  0.000      0.000      0.000    
  493.1            569  5.931     0.8168E-02 0.4877E-02 0.2878E-02 0.4139E-03  0.000      0.000      0.000    
  494.0            570  5.937     0.7303E-02 0.4360E-02 0.2573E-02 0.3700E-03  0.000      0.000      0.000    
  494.9            571  5.943     0.6486E-02 0.3873E-02 0.2285E-02 0.3287E-03  0.000      0.000      0.000    
  495.7            572  5.948     0.5718E-02 0.3414E-02 0.2014E-02 0.2897E-03  0.000      0.000      0.000    
  496.6            573  5.952     0.4998E-02 0.2984E-02 0.1761E-02 0.2532E-03  0.000      0.000      0.000    
  497.5            574  5.956     0.4327E-02 0.2583E-02 0.1524E-02 0.2192E-03  0.000      0.000      0.000    
  498.3            575  5.959     0.3704E-02 0.2211E-02 0.1305E-02 0.1877E-03  0.000      0.000      0.000    
  499.2            576  5.962     0.3129E-02 0.1868E-02 0.1102E-02 0.1585E-03  0.000      0.000      0.000    
  500.1            577  5.964     0.2603E-02 0.1554E-02 0.9169E-03 0.1319E-03  0.000      0.000      0.000    
  501.0            578  5.966     0.2125E-02 0.1269E-02 0.7486E-03 0.1077E-03  0.000      0.000      0.000    
  501.8            579  5.967     0.1696E-02 0.1012E-02 0.5973E-03 0.8591E-04  0.000      0.000      0.000    
  502.7            580  5.968     0.1315E-02 0.7848E-03 0.4631E-03 0.6661E-04  0.000      0.000      0.000    
  503.6            581  5.969     0.9820E-03 0.5863E-03 0.3459E-03 0.4975E-04  0.000      0.000      0.000    
  504.4            582  5.970     0.6978E-03 0.4166E-03 0.2458E-03 0.3536E-04  0.000      0.000      0.000    
  505.3            583  5.970     0.4621E-03 0.2759E-03 0.1628E-03 0.2341E-04  0.000      0.000      0.000    
  506.2            584  5.970     0.2748E-03 0.1640E-03 0.9680E-04 0.1392E-04  0.000      0.000      0.000    
  507.0            585  5.971     0.1359E-03 0.8111E-04 0.4786E-04 0.6884E-05  0.000      0.000      0.000    
  507.9            586  5.971     0.4537E-04 0.2709E-04 0.1598E-04 0.2299E-05  0.000      0.000      0.000    
  508.8            587  5.971     0.3296E-05 0.1968E-05 0.1161E-05 0.1670E-06  0.000      0.000      0.000    
  509.6            588  5.971      0.000      0.000      0.000      0.000      0.000      0.000      0.000    
  510.5            589  5.971      0.000      0.000      0.000      0.000      0.000      0.000      0.000    
  511.4            590  5.971      0.000      0.000      0.000      0.000      0.000      0.000      0.000    
  512.2            591  5.971      0.000      0.000      0.000      0.000      0.000      0.000      0.000    
  513.1            592  5.971      0.000      0.000      0.000      0.000      0.000      0.000      0.000    
  514.0            593  5.971      0.000      0.000      0.000      0.000      0.000      0.000      0.000    
  514.8            594  5.971      0.000      0.000      0.000      0.000      0.000      0.000      0.000    
  515.7            595  5.971      0.000      0.000      0.000      0.000      0.000      0.000      0.000    
  516.6            596  5.971      0.000      0.000      0.000      0.000      0.000      0.000      0.000    
  517.4            597  5.971      0.000      0.000      0.000      0.000      0.000      0.000      0.000    
  518.3            598  5.971      0.000      0.000      0.000      0.000      0.000      0.000      0.000    
  519.2            599  5.971      0.000      0.000      0.000      0.000      0.000      0.000      0.000    
  520.1            600  5.971      0.000      0.000      0.000      0.000      0.000      0.000      0.000    
