    0     0.000    0.000    0.000    0.000 0.26136     0.26636     0.26636      509.09      509.09      509.09    
    1     0.028    0.040   -0.040    0.000  13.434      17.378      26.380      508.61      508.66      508.82    
    2     0.056    0.080   -0.080    0.000  26.754      34.511      52.508      507.22      507.37      508.04    
    3     0.084    0.120   -0.120    0.000  39.839      51.161      78.130      505.02      505.24      506.75    
    4     0.113    0.161   -0.161    0.000  52.575      67.128      103.01      502.17      502.26      504.99    
    5     0.141    0.201   -0.201    0.000  64.854      82.259      126.92      498.43      498.90      502.79    
    6     0.169    0.241   -0.241    0.000  76.568      96.458      149.67      493.78      495.45      500.19    
    7     0.197    0.281   -0.281    0.000  87.622      109.70      171.09      488.28      492.10      497.26    
    8     0.225    0.321   -0.321    0.000  97.923      122.01      191.07      481.94      489.07      494.06    
    9     0.253    0.361   -0.361    0.000  107.39      133.52      209.55      474.77      486.59      490.64    
   10     0.282    0.401   -0.401    0.000  115.95      144.37      226.54      466.74      484.78      487.09    
   11     0.310    0.442   -0.442    0.000  123.56      154.77      242.12      457.87      483.48      483.69    
   12     0.338    0.482   -0.482    0.000  130.15      164.90      256.42      448.18      479.87      483.26    
   13     0.366    0.522   -0.522    0.000  135.71      174.90      269.61      437.74      476.34      483.36    
   14     0.394    0.562   -0.562    0.000  140.22      184.85      281.91      426.65      472.94      483.78    
   15     0.422    0.602   -0.602    0.000  143.69      194.66      293.48      415.11      469.74      484.27    
   16     0.450    0.642   -0.642    0.000  146.13      204.05      304.48      403.46      466.77      484.61    
   17     0.479    0.682   -0.682    0.000  147.60      212.50      315.03      392.20      464.08      484.58    
   18     0.507    0.723   -0.723    0.000  148.15      219.17      325.17      382.09      461.67      484.01    
   19     0.535    0.763   -0.763    0.000  147.88      222.97      334.95      374.13      459.58      482.79    
   20     0.563    0.803   -0.803    0.000  146.90      222.79      344.36      369.31      457.79      480.86    
   21     0.591    0.843   -0.843    0.000  145.33      218.01      353.35      368.12      456.29      478.22    
   22     0.619    0.883   -0.883    0.000  143.33      208.92      361.90      370.26      455.07      474.96    
   23     0.648    0.923   -0.923    0.000  141.06      196.55      369.94      374.71      454.10      471.17    
   24     0.676    0.963   -0.963    0.000  138.70      182.26      377.39      380.33      453.35      467.03    
   25     0.704    1.004   -1.004    0.000  136.44      167.46      384.12      386.11      452.79      462.77    
   26     0.732    1.044   -1.044    0.000  134.45      153.55      389.96      391.28      452.39      458.70    
   27     0.760    1.084   -1.084    0.000  132.90      142.02      394.61      395.33      452.12      455.21    
   28     0.788    1.124   -1.124    0.000  131.92      134.31      397.68      397.89      451.97      452.79    
   29     0.816    1.164   -1.164    0.000  131.58      131.58      398.76      398.76      451.92      451.92    
   30     0.816    1.164    0.000    0.000  131.58      131.58      398.76      398.76      451.92      451.92    
   31     0.836    1.124    0.000    0.000  131.87      131.87      389.95      407.18      451.98      451.98    
   32     0.856    1.084    0.000    0.000  132.71      132.71      380.75      415.20      452.16      452.16    
   33     0.876    1.044    0.000    0.000  134.03      134.03      371.14      422.84      452.47      452.47    
   34     0.896    1.004    0.000    0.000  135.71      135.71      361.14      430.09      452.93      452.93    
   35     0.916    0.963    0.000    0.000  137.60      137.60      350.73      436.98      453.57      453.57    
   36     0.936    0.923    0.000    0.000  139.55      139.55      339.91      443.49      454.40      454.40    
   37     0.956    0.883    0.000    0.000  141.38      141.38      328.70      449.64      455.47      455.47    
   38     0.976    0.843    0.000    0.000  142.91      142.91      317.08      455.44      456.80      456.80    
   39     0.996    0.803    0.000    0.000  143.98      143.98      305.08      458.42      458.42      460.88    
   40     1.016    0.763    0.000    0.000  144.45      144.45      292.68      460.34      460.34      465.99    
   41     1.035    0.723    0.000    0.000  144.19      144.19      279.89      462.56      462.56      470.77    
   42     1.055    0.682    0.000    0.000  143.09      143.09      266.73      465.10      465.10      475.22    
   43     1.075    0.642    0.000    0.000  141.08      141.08      253.20      467.92      467.92      479.35    
   44     1.095    0.602    0.000    0.000  138.12      138.12      239.31      470.99      470.99      483.18    
   45     1.115    0.562    0.000    0.000  134.18      134.18      225.08      474.28      474.28      486.71    
   46     1.135    0.522    0.000    0.000  129.27      129.27      210.52      477.73      477.73      489.95    
   47     1.155    0.482    0.000    0.000  123.39      123.39      195.64      481.28      481.28      492.91    
   48     1.175    0.442    0.000    0.000  116.59      116.59      180.46      484.86      484.86      495.59    
   49     1.195    0.401    0.000    0.000  108.92      108.92      165.00      488.40      488.40      498.01    
   50     1.215    0.361    0.000    0.000  100.43      100.43      149.28      491.84      491.84      500.17    
   51     1.235    0.321    0.000    0.000  91.203      91.203      133.32      495.11      495.11      502.09    
   52     1.254    0.281    0.000    0.000  81.300      81.300      117.14      498.15      498.15      503.76    
   53     1.274    0.241    0.000    0.000  70.803      70.803      100.77      500.90      500.90      505.19    
   54     1.294    0.201    0.000    0.000  59.792      59.792      84.238      503.31      503.31      506.39    
   55     1.314    0.161    0.000    0.000  48.352      48.352      67.561      505.34      505.34      507.37    
   56     1.334    0.120    0.000    0.000  36.567      36.567      50.771      506.96      506.96      508.12    
   57     1.354    0.080    0.000    0.000  24.522      24.522      33.895      508.13      508.13      508.66    
   58     1.374    0.040    0.000    0.000  12.302      12.302      16.960      508.85      508.85      508.98    
   59     1.394    0.000    0.000    0.000 0.26136     0.26636     0.26636      509.09      509.09      509.09    
   60     1.394    0.000    0.000    0.000 0.26136     0.26636     0.26636      509.09      509.09      509.09    
   61     1.411    0.020    0.020   -0.020  9.1063      9.1064      16.640      508.90      508.96      508.96    
   62     1.428    0.040    0.040   -0.040  18.148      18.148      33.245      508.34      508.59      508.59    
   63     1.446    0.060    0.060   -0.060  27.048      27.048      49.777      507.40      507.97      507.97    
   64     1.463    0.080    0.080   -0.080  35.739      35.739      66.199      506.11      507.14      507.14    
   65     1.480    0.100    0.100   -0.100  44.152      44.152      82.477      504.45      506.09      506.09    
   66     1.497    0.120    0.120   -0.120  52.221      52.221      98.577      502.44      504.86      504.86    
   67     1.515    0.140    0.140   -0.140  59.884      59.884      114.47      500.09      503.48      503.48    
   68     1.532    0.161    0.161   -0.161  67.080      67.080      130.11      497.41      501.97      501.97    
   69     1.549    0.181    0.181   -0.181  73.754      73.754      145.49      494.41      500.38      500.38    
   70     1.566    0.201    0.201   -0.201  79.856      79.856      160.57      491.11      498.73      498.73    
   71     1.584    0.221    0.221   -0.221  85.342      85.342      175.32      487.52      497.07      497.07    
   72     1.601    0.241    0.241   -0.241  90.179      90.179      189.74      483.65      495.42      495.42    
   73     1.618    0.261    0.261   -0.261  94.339      94.339      203.78      479.52      493.83      493.83    
   74     1.635    0.281    0.281   -0.281  97.811      97.811      217.45      475.14      492.32      492.32    
   75     1.652    0.301    0.301   -0.301  100.59      100.59      230.72      470.54      490.92      490.92    
   76     1.670    0.321    0.321   -0.321  102.70      102.70      243.58      465.71      489.65      489.65    
   77     1.687    0.341    0.341   -0.341  104.15      104.15      256.02      460.68      488.51      488.51    
   78     1.704    0.361    0.361   -0.361  105.00      105.00      268.03      455.45      487.53      487.53    
   79     1.721    0.381    0.381   -0.381  105.29      105.29      279.60      450.04      486.70      486.70    
   80     1.739    0.401    0.401   -0.401  105.11      105.11      290.72      444.47      486.01      486.01    
   81     1.756    0.421    0.421   -0.421  104.54      104.54      301.38      438.76      485.45      485.45    
   82     1.773    0.442    0.442   -0.442  103.67      103.67      311.57      432.92      485.02      485.02    
   83     1.790    0.462    0.462   -0.462  102.61      102.61      321.25      426.99      484.69      484.69    
   84     1.808    0.482    0.482   -0.482  101.47      101.47      330.37      421.03      484.46      484.46    
   85     1.825    0.502    0.502   -0.502  100.35      100.35      338.84      415.14      484.29      484.29    
   86     1.842    0.522    0.522   -0.522  99.362      99.362      346.47      409.52      484.18      484.18    
   87     1.859    0.542    0.542   -0.542  98.583      98.583      352.90      404.52      484.11      484.11    
   88     1.877    0.562    0.562   -0.562  98.086      98.086      357.44      400.82      484.07      484.07    
   89     1.894    0.582    0.582   -0.582  97.916      97.916      359.14      399.41      484.06      484.06    
   90     1.894    0.582    0.582    0.582  97.916      97.916      359.14      399.41      484.06      484.06    
   91     1.911    0.602    0.562    0.562  98.313      99.090      358.78      399.48      483.91      484.06    
   92     1.928    0.622    0.542    0.542  99.482      102.51      357.71      399.67      483.47      484.05    
   93     1.946    0.642    0.522    0.522  101.36      107.90      355.94      399.99      482.75      484.02    
   94     1.963    0.662    0.502    0.502  103.85      114.89      353.54      400.42      481.75      483.96    
   95     1.980    0.682    0.482    0.482  106.84      123.08      350.56      400.96      480.51      483.86    
   96     1.997    0.702    0.462    0.462  110.20      132.08      347.09      401.59      479.04      483.69    
   97     2.015    0.723    0.442    0.442  113.78      141.54      343.21      402.31      477.38      483.44    
   98     2.032    0.743    0.421    0.421  117.46      151.12      339.08      403.12      475.57      483.08    
   99     2.049    0.763    0.401    0.401  121.11      160.52      334.84      403.99      473.63      482.59    
  100     2.066    0.783    0.381    0.381  124.64      169.43      330.69      404.92      471.62      481.97    
  101     2.084    0.803    0.361    0.361  127.92      177.52      326.90      405.90      469.57      481.18    
  102     2.101    0.823    0.341    0.341  130.89      184.43      323.76      406.91      467.53      480.23    
  103     2.118    0.843    0.321    0.321  133.48      189.81      321.61      407.94      465.53      479.10    
  104     2.135    0.863    0.301    0.301  135.64      193.32      320.76      408.97      463.61      477.78    
  105     2.152    0.883    0.281    0.281  137.33      194.76      321.44      409.98      461.80      476.28    
  106     2.170    0.903    0.261    0.261  138.54      194.10      323.69      410.95      460.13      474.60    
  107     2.187    0.923    0.241    0.241  139.28      191.51      327.37      411.84      458.62      472.74    
  108     2.204    0.943    0.221    0.221  139.56      187.31      332.24      412.62      457.28      470.73    
  109     2.221    0.963    0.201    0.201  139.43      181.88      337.99      413.26      456.12      468.58    
  110     2.239    0.983    0.181    0.181  138.94      175.59      344.31      413.71      455.13      466.33    
  111     2.256    1.004    0.161    0.161  138.17      168.81      350.95      413.91      454.31      464.03    
  112     2.273    1.024    0.140    0.140  137.18      161.87      357.73      413.81      453.64      461.72    
  113     2.290    1.044    0.120    0.120  136.08      155.05      364.48      413.33      453.11      459.48    
  114     2.308    1.064    0.100    0.100  134.94      148.65      371.07      412.39      452.70      457.39    
  115     2.325    1.084    0.080    0.080  133.86      142.94      377.42      410.91      452.39      455.53    
  116     2.342    1.104    0.060    0.060  132.92      138.18      383.43      408.84      452.18      454.00    
  117     2.359    1.124    0.040    0.040  132.20      134.58      389.04      406.13      452.03      452.86    
  118     2.377    1.144    0.020    0.020  131.74      132.34      394.17      402.76      451.95      452.16    
  119     2.394    1.164    0.000    0.000  131.58      131.58      398.76      398.76      451.92      451.92    
  120     2.394    1.164    0.000    0.000  131.58      131.58      398.76      398.76      451.92      451.92    
  121     2.404    1.164    0.020    0.000  131.78      131.78      398.64      398.64      451.98      451.98    
  122     2.414    1.164    0.040    0.000  132.35      132.35      398.27      398.27      452.15      452.15    
  123     2.424    1.164    0.060    0.000  133.31      133.31      397.66      397.66      452.44      452.44    
  124     2.434    1.164    0.080    0.000  134.62      134.62      396.83      396.83      452.82      452.82    
  125     2.444    1.164    0.100    0.000  136.28      136.28      395.78      395.78      453.29      453.29    
  126     2.454    1.164    0.120    0.000  138.26      138.26      394.54      394.54      453.84      453.84    
  127     2.464    1.164    0.140    0.000  140.53      140.53      393.12      393.12      454.45      454.45    
  128     2.473    1.164    0.161    0.000  143.05      143.05      391.54      391.54      455.10      455.10    
  129     2.483    1.164    0.181    0.000  145.81      145.81      389.81      389.81      455.79      455.79    
  130     2.493    1.164    0.201    0.000  148.77      148.77      387.97      387.97      456.51      456.51    
  131     2.503    1.164    0.221    0.000  151.88      151.88      386.02      386.02      457.23      457.23    
  132     2.513    1.164    0.241    0.000  155.12      155.12      384.00      384.00      457.95      457.95    
  133     2.523    1.164    0.261    0.000  158.45      158.45      381.90      381.90      458.67      458.67    
  134     2.533    1.164    0.281    0.000  161.84      161.84      379.77      379.77      459.37      459.37    
  135     2.543    1.164    0.301    0.000  165.24      165.24      377.60      377.60      460.05      460.05    
  136     2.553    1.164    0.321    0.000  168.63      168.63      375.44      375.44      460.70      460.70    
  137     2.563    1.164    0.341    0.000  171.97      171.97      373.29      373.29      461.31      461.31    
  138     2.573    1.164    0.361    0.000  175.22      175.22      371.18      371.18      461.89      461.89    
  139     2.583    1.164    0.381    0.000  178.36      178.36      369.14      369.14      462.43      462.43    
  140     2.593    1.164    0.401    0.000  181.33      181.33      367.18      367.18      462.93      462.93    
  141     2.603    1.164    0.421    0.000  184.11      184.11      365.33      365.33      463.38      463.38    
  142     2.613    1.164    0.442    0.000  186.67      186.67      363.62      363.62      463.78      463.78    
  143     2.623    1.164    0.462    0.000  188.96      188.96      362.07      362.07      464.13      464.13    
  144     2.633    1.164    0.482    0.000  190.97      190.97      360.71      360.71      464.43      464.43    
  145     2.643    1.164    0.502    0.000  192.65      192.65      359.56      359.56      464.67      464.67    
  146     2.653    1.164    0.522    0.000  193.99      193.99      358.65      358.65      464.86      464.86    
  147     2.663    1.164    0.542    0.000  194.97      194.97      357.98      357.98      465.00      465.00    
  148     2.673    1.164    0.562    0.000  195.56      195.56      357.57      357.57      465.09      465.09    
  149     2.683    1.164    0.582    0.000  195.75      195.75      357.43      357.43      465.11      465.11    
  150     2.683    1.164    0.582    0.000  195.75      195.75      357.43      357.43      465.11      465.11    
  151     2.697    1.144    0.582    0.020  192.65      198.71      355.02      359.77      464.05      466.29    
  152     2.711    1.124    0.582    0.040  189.44      201.48      352.56      362.03      463.13      467.56    
  153     2.725    1.104    0.582    0.060  186.14      203.99      350.07      364.21      462.38      468.89    
  154     2.739    1.084    0.582    0.080  182.76      206.19      347.61      366.32      461.82      470.25    
  155     2.753    1.064    0.582    0.100  179.30      207.97      345.23      368.36      461.46      471.62    
  156     2.767    1.044    0.582    0.120  175.78      209.25      343.01      370.34      461.31      472.96    
  157     2.781    1.024    0.582    0.140  172.18      209.90      341.03      372.28      461.38      474.26    
  158     2.795    1.004    0.582    0.161  168.50      209.83      339.39      374.18      461.65      475.50    
  159     2.809    0.983    0.582    0.181  164.75      208.94      338.16      376.05      462.14      476.66    
  160     2.823    0.963    0.582    0.201  160.90      207.16      337.39      377.89      462.82      477.74    
  161     2.837    0.943    0.582    0.221  156.97      204.44      337.13      379.70      463.68      478.72    
  162     2.851    0.923    0.582    0.241  152.96      200.79      337.36      381.48      464.71      479.60    
  163     2.866    0.903    0.582    0.261  148.86      196.24      338.06      383.22      465.89      480.38    
  164     2.880    0.883    0.582    0.281  144.69      190.86      339.16      384.92      467.20      481.07    
  165     2.894    0.863    0.582    0.301  140.47      184.73      340.59      386.57      468.60      481.66    
  166     2.908    0.843    0.582    0.321  136.21      177.97      342.26      388.15      470.09      482.17    
  167     2.922    0.823    0.582    0.341  131.94      170.68      344.09      389.68      471.62      482.59    
  168     2.936    0.803    0.582    0.361  127.69      163.00      346.01      391.12      473.18      482.94    
  169     2.950    0.783    0.582    0.381  123.51      155.04      347.94      392.47      474.73      483.22    
  170     2.964    0.763    0.582    0.401  119.44      146.95      349.83      393.73      476.25      483.45    
  171     2.978    0.743    0.582    0.421  115.53      138.88      351.62      394.87      477.70      483.63    
  172     2.992    0.723    0.582    0.442  111.86      130.98      353.28      395.91      479.06      483.76    
  173     3.006    0.702    0.582    0.462  108.47      123.44      354.78      396.82      480.30      483.86    
  174     3.020    0.682    0.582    0.482  105.44      116.47      356.08      397.60      481.40      483.93    
  175     3.034    0.662    0.582    0.502  102.84      110.27      357.16      398.25      482.33      483.99    
  176     3.049    0.642    0.582    0.522  100.74      105.10      358.02      398.75      483.07      484.02    
  177     3.063    0.622    0.582    0.542  99.186      101.19      358.64      399.12      483.62      484.04    
  178     3.077    0.602    0.582    0.562  98.236      98.748      359.02      399.34      483.95      484.06    
  179     3.091    0.582    0.582    0.582  97.916      97.916      359.14      399.41      484.06      484.06    
