           1           1           1           1           1   4.2134144142856253E-022
           2           1           1           1           2   2.5280486485713763E-022
           3           1           1           1           3   4.2134144142856248E-023
           4           1           1           2           1   7.5841437916807428E-022
           5           1           1           2           2   2.5280479305602479E-022
           6           1           1           2           3   6.3201198264006198E-023
           7           1           1           3           1  -4.0091998246192430E-023
           8           1           1           3           2  -2.0045999123096215E-023
           9           1           1           3           3   1.0022999561548108E-023
          10           1           1           4           1   0.0000000000000000     
          11           1           1           4           2   0.0000000000000000     
          12           1           1           4           3  -1.5331996709353148E-023
          13           1           1           5           1   2.7399744431360247E-023
          14           1           1           5           2  -9.1332481437867500E-024
          15           1           1           5           3  -9.1332481437867500E-024
          16           1           1           6           1   6.3932736077464127E-023
          17           1           1           6           2   1.8266496022132605E-023
          18           1           1           6           3   9.1332480110663025E-024
          19           2           2           1           1   5.6707506863521460E-011
          20           2           2           1           2   5.6707506863372374E-011
          21           2           2           1           3  -1.4669548652073851E-010
          22           2           2           2           1  -5.7200966636885711E-011
          23           2           2           2           2  -5.7200966636966853E-011
          24           2           2           2           3  -2.6466115315893188E-010
          25           2           2           3           1  -5.4918038396961230E-011
          26           2           2           3           2  -5.4918038397027075E-011
          27           2           2           3           3  -1.4741139538493868E-010
          28           2           2           4           1   7.3628815870102242E-011
          29           2           2           4           2   7.3628815870059099E-011
          30           2           2           4           3   1.0791543437220248E-010
          31           2           2           5           1  -1.3997656132442044E-011
          32           2           2           5           2  -1.3997656132421322E-011
          33           2           2           5           3   2.9293054749689081E-011
          34           2           2           6           1  -1.8809460437383920E-011
          35           2           2           6           2  -1.8809460437393442E-011
          36           2           2           6           3   7.4380221835092767E-012
          37           3           3           1           1   6.8971914710311609E-023
          38           3           3           1           2   1.3794382942062322E-022
          39           3           3           1           3   4.5981276473541076E-023
          40           3           3           2           1   2.2990638236770445E-022
          41           3           3           2           2   1.6093446765739310E-022
          42           3           3           2           3  -1.3794382942062265E-022
          43           3           3           3           1   3.0792573094936700E-023
          44           3           3           3           2  -3.0792573094936700E-023
          45           3           3           3           3   1.5396286547468350E-023
          46           3           3           4           1  -3.0792573094936677E-023
          47           3           3           4           2   0.0000000000000000     
          48           3           3           4           3   1.5396286547468338E-023
          49           3           3           5           1   3.3157668511140115E-023
          50           3           3           5           2   2.2105112340760079E-023
          51           3           3           5           3   0.0000000000000000     
          52           3           3           6           1   0.0000000000000000     
          53           3           3           6           2   1.1052556170380032E-023
          54           3           3           6           3  -4.4210224681520128E-023
          55           4           4           1           1  -5.6707506863053017E-011
          56           4           4           1           2  -5.6707506863436351E-011
          57           4           4           1           3   1.4669548652080262E-010
          58           4           4           2           1   5.7200966636946574E-011
          59           4           4           2           2   5.7200966636784291E-011
          60           4           4           2           3   2.6466115315899283E-010
          61           4           4           3           1   5.4918038396895444E-011
          62           4           4           3           2   5.4918038396895444E-011
          63           4           4           3           3   1.4741139538483347E-010
          64           4           4           4           1  -7.3628815870102242E-011
          65           4           4           4           2  -7.3628815870116614E-011
          66           4           4           4           3  -1.0791543437221688E-010
          67           4           4           5           1   1.3997656132390224E-011
          68           4           4           5           2   1.3997656132462757E-011
          69           4           4           5           3  -2.9293054749595790E-011
          70           4           4           6           1   1.8809460437393442E-011
          71           4           4           6           2   1.8809460437355379E-011
          72           4           4           6           3  -7.4380221835187909E-012
          73           5           6           1           1  -7.8441330175666540E-023
          74           5           6           1           2  -1.2760970336648951E-010
          75           5           6           1           3  -1.2760818537161326E-010
          76           5           6           2           1   0.0000000000000000     
          77           5           6           2           2  -2.6278241315232419E-010
          78           5           6           2           3  -2.6278313403872152E-010
          79           5           6           3           1   5.0992902621030402E-023
          80           5           6           3           2  -1.8699212634439069E-010
          81           5           6           3           3  -1.8699220665333391E-010
          82           5           6           4           1   2.6745431040908279E-023
          83           5           6           4           2   1.0745194972657792E-010
          84           5           6           4           3   1.0745193541313200E-010
          85           5           6           5           1   0.0000000000000000     
          86           5           6           5           2   2.4582851985116933E-011
          87           5           6           5           3   2.4582758643588376E-011
          88           5           6           6           1  -9.1349071224217101E-024
          89           5           6           6           2  -3.7017927912656958E-012
          90           5           6           6           3  -3.7016860265180120E-012
          91           6           8           1           1  -8.3394352111086326E-017
          92           6           8           1           2  -2.7949316518126007E-022
          93           6           8           1           3   1.3974658259063003E-022
          94           6           8           2           1  -8.2324883172550704E-016
          95           6           8           2           2  -2.3956555760450604E-022
          96           6           8           2           3   3.9927592934084330E-023
          97           6           8           3           1  -2.5104208646470575E-019
          98           6           8           3           2  -5.0709426426030324E-023
          99           6           8           3           3  -1.0141885285206067E-023
         100           6           8           4           1   8.1135082173562265E-023
         101           6           8           4           2  -3.0425655815085855E-023
         102           6           8           4           3  -1.0141885271695283E-023
         103           6           8           5           1   6.6114354985185644E-017
         104           6           8           5           2  -1.0212364099268212E-023
         105           6           8           5           3   1.0212364099268212E-023
         106           6           8           6           1   4.9958976442509617E-017
         107           6           8           6           2  -3.0637091903863810E-023
         108           6           8           6           3   0.0000000000000000     
         109           7          12           1           1   5.6699879758035309E-011
         110           7          12           1           2   1.4671032568241853E-010
         111           7          12           1           3  -5.6698538988764282E-011
         112           7          12           2           1  -5.7202351994580701E-011
         113           7          12           2           2   2.6466002475734745E-010
         114           7          12           2           3   5.7199615459051911E-011
         115           7          12           3           1  -5.4918364031346974E-011
         116           7          12           3           2   1.4741283733865724E-010
         117           7          12           3           3   5.4918729828920450E-011
         118           7          12           4           1   7.3629056760815440E-011
         119           7          12           4           2  -1.0791614041880147E-010
         120           7          12           4           3  -7.3629327139359048E-011
         121           7          12           5           1  -1.3997182324344506E-011
         122           7          12           5           2  -2.9293957229683111E-011
         123           7          12           5           3   1.3997101797655144E-011
         124           7          12           6           1  -1.8809349338406891E-011
         125           7          12           6           2  -7.4379425530631116E-012
         126           7          12           6           3   1.8809716187084271E-011
         127           8          16           1           1   1.9610332543916639E-022
         128           8          16           1           2   1.2760970336580315E-010
         129           8          16           1           3   1.2760818537147597E-010
         130           8          16           2           1   1.7065903494692286E-022
         131           8          16           2           2   2.6278241315238736E-010
         132           8          16           2           3   2.6278313403878465E-010
         133           8          16           3           1  -1.6997634207010139E-023
         134           8          16           3           2   1.8699212634422063E-010
         135           8          16           3           3   1.8699220665329994E-010
         136           8          16           4           1   2.6745431040908279E-023
         137           8          16           4           2  -1.0745194972653780E-010
         138           8          16           4           3  -1.0745193541314536E-010
         139           8          16           5           1  -9.8434801095190033E-024
         140           8          16           5           2  -2.4582851985087403E-011
         141           8          16           5           3  -2.4582758643578521E-011
         142           8          16           6           1   9.1349071224217116E-024
         143           8          16           6           2   3.7017927912748296E-012
         144           8          16           6           3   3.7016860265362819E-012
         145           9          22           1           1  -2.0034125692059397E-010
         146           9          22           1           2  -2.0034125691852568E-010
         147           9          22           1           3  -2.0034354616700515E-010
         148           9          22           2           1  -1.9840757361662190E-010
         149           9          22           2           2  -1.9840757361410305E-010
         150           9          22           2           3  -1.9843189706528834E-010
         151           9          22           3           1  -3.9034117193966637E-010
         152           9          22           3           2  -3.9034117193965149E-010
         153           9          22           3           3  -3.9034256304505837E-010
         154           9          22           4           1   4.6841898626191175E-011
         155           9          22           4           2   4.6841898626230208E-011
         156           9          22           4           3   4.6842120572469135E-011
         157           9          22           5           1   1.3280092085700937E-011
         158           9          22           5           2   1.3280092085700937E-011
         159           9          22           5           3   1.3280802786698259E-011
         160           9          22           6           1   1.3285094738223891E-011
         161           9          22           6           2   1.3285094738232633E-011
         162           9          22           6           3   1.3285099241103354E-011
         163          10          23           1           1   5.1317948487776153E-022
         164          10          23           1           2   0.0000000000000000     
         165          10          23           1           3  -3.0345722420089441E-010
         166          10          23           2           1  -2.9935469951202709E-022
         167          10          23           2           2  -8.5529914146293471E-023
         168          10          23           2           3  -3.0345741083768678E-010
         169          10          23           3           1  -6.8864113476575125E-023
         170          10          23           3           2   2.7545645390630056E-023
         171          10          23           3           3  -6.0189952900366998E-010
         172          10          23           4           1  -3.9073268962919471E-023
         173          10          23           4           2   0.0000000000000000     
         174          10          23           4           3   5.0227933069236788E-011
         175          10          23           5           1   3.9073268962919471E-023
         176          10          23           5           2   9.7683172407298676E-024
         177          10          23           5           3   5.0227922411387259E-011
         178          10          23           6           1   1.8168291786602034E-023
         179          10          23           6           2   1.8168291786602034E-023
         180          10          23           6           3   5.1389876421691347E-011
         181          11          43           1           1   0.0000000000000000     
         182          11          43           1           2   0.0000000000000000     
         183          11          43           1           3   0.0000000000000000     
         184          11          43           2           1   0.0000000000000000     
         185          11          43           2           2   0.0000000000000000     
         186          11          43           2           3   0.0000000000000000     
         187          11          43           3           1   0.0000000000000000     
         188          11          43           3           2   0.0000000000000000     
         189          11          43           3           3   0.0000000000000000     
         190          11          43           4           1   0.0000000000000000     
         191          11          43           4           2   0.0000000000000000     
         192          11          43           4           3   0.0000000000000000     
         193          11          43           5           1   0.0000000000000000     
         194          11          43           5           2   0.0000000000000000     
         195          11          43           5           3   0.0000000000000000     
         196          11          43           6           1   0.0000000000000000     
         197          11          43           6           2   0.0000000000000000     
         198          11          43           6           3   0.0000000000000000     
